193.33	0
198.20	0
199.83	0
200.76	0
201.98	0
203.53	0
205.55	0
223.08	0
125.63	0
127.53	0
135.61	0
139.09	0
140.34	0
144.28	0
145.44	0
145.57	0
156.53	0
157.46	0
158.88	0
162.60	0
165.15	0
167.79	0
171.73	0
176.65	0
244.37	0
264.78	0
266.81	0
268.41	0
276.21	0
276.24	0
276.65	0
285.94	0
266.82	0
274.50	0
286.27	0
290.06	0
295.01	0
298.78	0
301.88	0
304.87	0
287.45	0
296.94	0
301.44	0
301.51	0
313.64	0
313.78	0
317.07	0
324.67	0
531.96	0
535.45	0
535.80	0
537.35	0
540.68	0
546.45	0
546.88	0
558.18	0
736.19	0
750.65	0
754.92	0
758.24	0
758.31	0
761.95	0
765.65	0
773.24	0
351.72	0
356.84	0
367.23	0
370.13	0
370.88	0
373.14	0
379.64	0
402.22	0
537.87	0
539.56	0
550.09	0
552.25	0
552.32	0
552.69	0
556.88	0
581.28	0
810.75	0
810.92	0
813.16	0
813.20	0
826.60	0
826.61	0
834.59	0
835.42	0
739.93	0
750.06	0
750.13	0
753.87	0
754.07	0
774.86	0
777.64	0
779.03	0
819.21	0
833.42	0
840.44	0
842.45	0
854.28	0
859.33	0
872.08	0
874.68	0
454.07	0
459.30	0
469.16	0
472.68	0
475.98	0
483.41	0
484.53	0
500.08	0
329.68	0
353.67	0
362.74	0
375.47	0
377.31	0
386.53	0
387.74	0
388.27	0
243.84	0
246.77	0
248.96	0
265.48	0
277.67	0
281.78	0
285.73	0
285.95	0
453.17	0
454.66	0
455.28	0
456.36	0
456.77	0
458.54	0
462.85	0
469.92	0
433.32	0
440.34	0
460.27	0
460.31	0
461.32	0
464.34	0
465.39	0
470.08	0
247.64	0
252.31	0
256.84	0
264.31	0
269.38	0
270.77	0
271.36	0
273.24	0
77.63	0
79.46	0
85.45	0
88.87	0
94.43	0
117.01	0
134.47	0
136.79	0
150.61	0
153.63	0
155.59	0
157.52	0
161.29	0
163.64	0
169.06	0
181.05	0
189.86	0
191.16	0
193.74	0
194.46	0
197.51	0
204.58	0
211.24	0
212.88	0
45.19	0
55.58	0
62.41	0
87.47	0
87.97	0
96.32	0
99.87	0
107.39	0
24.18	1
30.35	1
85.31	0
108.24	0
110.30	0
133.68	0
141.54	0
157.35	0
56.24	0
69.14	0
72.46	0
100.26	0
119.17	0
123.45	0
148.16	0
149.53	0
240.40	0
246.53	0
249.18	0
249.60	0
250.13	0
251.45	0
251.49	0
265.71	0
153.34	0
156.39	0
157.14	0
159.26	0
164.58	0
165.09	0
170.03	0
170.91	0
257.18	0
258.34	0
259.11	0
264.76	0
265.56	0
265.88	0
266.34	0
269.33	0
165.17	0
169.53	0
172.82	0
173.79	0
175.46	0
179.99	0
191.01	0
191.70	0
56.52	1
57.01	1
70.56	1
122.25	0
125.88	0
131.78	0
151.35	0
160.56	0
288.94	1
316.79	0
330.33	0
331.52	0
335.70	0
343.54	0
346.48	0
354.97	0
34.14	1
166.81	0
168.22	0
174.70	0
175.59	0
176.65	0
186.55	0
187.36	0
264.30	0
265.57	0
269.29	0
275.69	0
291.13	0
311.44	0
314.61	0
318.06	0
259.63	0
269.70	0
270.40	0
275.10	0
278.21	0
278.39	0
282.63	0
287.21	0
266.95	0
270.07	0
272.17	0
273.11	0
274.81	0
311.55	0
313.20	0
315.62	0
201.17	0
201.24	0
202.19	0
208.02	0
214.30	0
227.34	0
227.93	0
228.84	0
172.71	0
177.51	0
182.42	0
189.86	0
190.76	0
200.83	0
204.25	0
211.82	0
73.94	1
81.50	1
83.95	1
112.47	1
132.07	0
136.12	0
143.59	0
167.11	0
148.31	0
156.23	0
168.98	0
169.94	0
175.02	0
180.64	0
187.76	0
188.14	0
231.31	0
245.11	0
259.02	0
259.11	0
261.56	0
261.64	0
269.96	0
270.84	0
262.33	0
264.58	0
274.71	0
280.94	0
285.40	0
290.58	0
298.48	0
299.03	0
228.48	0
236.80	0
244.03	0
249.44	0
251.43	0
255.29	0
257.81	0
258.49	0
215.16	1
233.48	0
240.84	0
245.32	0
246.56	0
248.50	0
251.16	0
254.63	0
29.06	1
286.62	0
292.07	0
292.45	0
292.59	0
300.24	0
301.07	0
307.78	0
206.42	0
208.07	0
225.12	0
230.04	0
249.19	0
254.29	0
258.90	0
261.73	0
138.62	1
163.21	0
175.74	0
177.14	0
189.60	0
191.43	0
192.88	0
198.30	0
160.92	0
170.63	0
179.75	0
191.73	0
193.21	0
194.05	0
196.64	0
196.80	0
203.16	0
210.33	0
221.99	0
222.83	0
227.24	0
232.42	0
234.19	0
234.64	0
289.28	0
296.00	0
304.31	0
305.64	0
324.18	0
327.61	0
327.81	0
328.25	0
281.48	0
285.71	0
295.69	0
297.05	0
300.41	0
302.18	0
307.79	0
311.97	0
266.67	0
268.83	0
271.72	0
275.33	0
288.97	0
293.47	0
294.09	0
295.24	0
211.27	0
215.05	0
223.38	0
223.73	0
224.00	0
227.47	0
229.11	0
248.14	0
142.22	1
147.21	0
150.10	0
155.26	0
167.61	0
192.88	0
204.96	0
208.18	0
78.55	1
168.72	0
177.42	0
190.67	0
196.96	0
198.53	0
200.27	0
201.98	0
32.09	1
52.64	1
148.37	0
153.17	0
153.26	0
153.33	0
156.15	0
164.33	0
10.26	1
51.85	0
69.41	0
73.73	0
95.62	0
100.10	0
105.01	0
110.54	0
268.72	0
269.92	0
272.25	0
286.93	0
312.51	0
325.40	0
328.76	0
332.15	0
214.74	0
223.90	0
242.56	0
250.76	0
262.80	0
266.54	0
276.29	0
280.87	0
294.93	0
303.16	0
320.91	0
321.07	0
327.14	0
329.86	0
330.87	0
335.27	0
164.03	0
166.59	0
181.48	0
184.13	0
187.68	0
199.87	0
200.98	0
207.83	0
227.29	1
265.77	0
271.66	0
286.80	0
293.41	0
295.68	0
296.76	0
298.00	0
335.67	0
353.42	0
356.01	0
356.11	0
357.28	0
358.50	0
360.90	0
364.20	0
147.65	0
154.58	0
172.10	0
172.59	0
183.36	0
186.08	0
191.66	0
201.51	0
443.41	1
544.37	0
548.75	0
554.99	0
560.50	0
561.62	0
566.68	0
576.39	0
178.50	0
323.08	0
326.52	0
327.32	0
334.44	0
336.75	0
342.67	0
344.90	0
558.94	0
561.00	0
582.01	0
596.77	0
596.86	0
597.17	0
600.87	0
606.17	0
217.82	0
219.02	0
235.42	0
239.93	0
250.50	0
251.16	0
262.43	0
266.29	0
279.19	0
304.24	0
308.60	0
311.23	0
319.30	0
322.67	0
327.09	0
332.03	0
493.79	0
494.13	0
497.57	0
502.43	0
517.42	0
518.70	0
522.87	0
524.23	0
137.05	1
140.66	0
145.49	0
150.88	0
158.71	0
188.10	0
195.27	0
196.25	0
170.03	0
180.80	0
187.17	0
190.52	0
194.98	0
195.61	0
198.40	0
199.11	0
182.39	0
191.00	0
192.10	0
193.02	0
195.20	0
196.33	0
207.42	0
212.67	0
10.40	1
51.40	0
68.06	0
73.61	0
93.65	0
98.03	0
104.55	0
108.52	0
254.63	0
255.56	0
265.18	0
272.04	0
286.07	0
287.14	0
293.06	0
298.20	0
271.28	0
275.40	0
276.27	0
286.07	0
286.54	0
290.70	0
299.86	0
300.04	0
234.25	1
255.37	0
264.05	0
277.73	0
282.46	0
283.66	0
293.02	0
304.49	0
267.13	0
270.08	0
282.54	0
284.88	0
296.92	0
298.44	0
302.57	0
303.62	0
277.69	0
288.26	0
293.96	0
293.99	0
314.86	0
325.04	0
327.10	0
341.66	0
179.64	0
188.46	0
189.34	0
197.81	0
228.97	0
229.79	0
232.16	0
240.58	0
257.81	0
268.72	0
268.74	0
274.04	0
294.58	0
295.10	0
303.91	0
304.32	0
310.39	0
311.38	0
323.19	0
326.52	0
326.92	0
330.33	0
330.64	0
337.80	0
255.96	0
257.59	0
270.66	0
277.58	0
279.14	0
280.85	0
289.29	0
290.97	0
264.26	0
271.18	0
283.31	0
284.76	0
289.49	0
293.50	0
295.18	0
296.51	0
155.92	0
157.10	0
160.83	0
161.53	0
180.86	0
193.74	0
196.01	0
215.79	0
221.27	0
265.14	0
266.99	0
268.91	0
274.67	0
285.70	0
291.67	0
293.44	0
263.79	0
275.26	0
275.57	0
298.09	0
299.13	0
299.98	0
302.89	0
307.85	0
260.03	0
268.52	0
281.88	0
284.94	0
287.97	0
289.18	0
294.13	0
301.95	0
195.90	0
200.45	0
203.04	1
216.04	0
218.26	0
220.15	0
226.71	0
228.49	0
260.17	0
276.78	0
279.03	0
287.08	0
290.73	0
296.59	0
299.29	0
301.63	0
80.82	0
81.34	0
84.33	0
93.27	0
101.50	0
104.55	0
105.64	0
115.11	0
21.80	1
41.29	1
45.95	1
52.48	0
92.51	0
97.76	1
101.52	0
104.43	1
167.55	0
169.01	0
171.71	0
173.35	0
180.56	0
196.95	0
199.71	0
204.98	0
126.76	0
126.98	0
130.77	0
136.66	0
150.54	0
156.45	0
160.74	0
161.72	0
184.74	0
184.81	0
187.84	0
191.35	0
207.70	0
209.10	0
215.84	0
215.96	0
174.04	0
174.26	0
185.92	0
189.23	0
189.88	0
213.11	0
214.24	0
214.82	0
138.38	0
139.62	0
147.09	0
151.33	0
171.68	0
172.59	0
175.28	0
175.89	0
77.83	0
126.00	0
126.86	0
126.97	0
133.67	0
135.94	0
139.01	0
140.67	0
121.39	0
131.30	0
138.93	0
139.95	0
142.59	0
147.23	0
154.39	0
170.21	0
193.58	0
195.92	0
202.01	0
203.46	0
221.24	0
224.74	0
229.19	0
233.28	0
337.95	0
343.29	0
349.71	0
352.29	0
359.49	0
359.54	0
360.44	0
377.08	0
90.61	0
99.27	0
100.96	0
110.53	0
111.13	0
112.22	0
112.61	0
128.48	0
198.42	0
209.77	0
250.45	0
266.07	0
269.84	0
270.34	0
270.64	0
271.72	0
246.53	0
248.69	0
251.20	0
261.13	0
261.65	0
268.29	0
275.28	0
277.75	0
169.42	0
172.69	0
173.50	0
173.81	0
182.96	0
186.55	0
190.61	0
198.62	0
197.78	0
198.17	0
202.12	0
209.21	0
213.84	0
216.58	0
225.33	0
229.50	0
168.77	1
184.62	0
211.24	1
243.58	0
247.12	0
247.82	1
247.98	1
252.77	1
301.38	0
305.22	0
306.65	0
311.43	0
316.72	0
320.87	0
333.66	0
337.68	0
139.33	0
140.19	0
143.23	0
144.58	0
155.24	0
161.04	0
163.15	0
172.97	0
372.60	0
391.56	0
399.14	0
400.65	0
404.98	0
410.29	0
414.09	0
415.16	0
389.33	0
390.56	0
397.86	0
403.03	0
410.71	0
418.71	0
420.22	0
422.96	0
245.41	0
248.94	0
252.58	0
254.42	0
256.39	0
256.76	0
274.00	0
274.46	0
95.45	1
109.06	0
121.00	0
121.19	0
124.69	0
129.27	0
133.11	1
133.94	1
227.39	0
232.26	0
235.06	0
237.51	0
237.92	0
239.68	0
242.32	0
243.35	0
240.95	0
247.00	0
248.33	0
251.27	0
252.91	0
252.93	0
262.24	0
273.45	0
87.72	0
87.85	0
94.49	0
96.61	0
113.78	0
119.38	0
128.97	0
130.53	0
86.84	1
125.92	0
130.12	0
144.25	1
172.44	0
191.71	0
193.26	0
199.05	1
126.10	1
149.19	1
150.06	0
177.55	0
195.44	0
195.83	0
197.11	0
214.91	0
21.94	1
26.10	1
41.73	1
150.51	0
151.92	0
154.35	0
154.63	0
155.30	0
79.03	1
86.63	1
90.00	1
138.49	0
143.69	0
152.20	0
158.68	0
177.16	0
96.64	0
99.85	0
107.71	0
107.86	0
111.15	0
117.63	0
119.88	0
137.76	0
261.43	0
262.36	0
263.91	0
268.00	0
278.39	0
290.27	0
291.30	0
291.94	0
143.94	0
146.14	0
146.59	0
150.66	0
154.90	0
164.54	0
169.13	0
176.68	0
241.59	0
243.17	0
245.83	0
248.69	0
263.44	0
264.47	0
264.56	0
269.32	0
71.66	0
72.69	0
79.41	0
96.11	0
101.70	0
101.82	0
103.03	0
126.33	0
256.36	0
262.86	0
263.07	0
264.86	0
265.92	0
266.82	0
272.89	0
279.17	0
180.90	0
181.81	0
186.81	0
189.69	0
202.07	0
207.45	0
210.87	0
217.62	0
64.04	1
115.44	0
119.39	0
123.22	0
124.82	0
131.93	0
134.53	0
135.23	0
12.01	1
33.66	1
53.96	1
55.96	1
62.37	0
105.39	1
106.47	0
113.93	1
22.42	1
166.94	0
169.15	0
169.87	0
172.98	0
179.39	0
179.51	0
193.61	0
8.42	1
114.93	0
127.97	0
128.46	0
129.16	0
132.90	0
134.38	0
134.51	0
31.54	0
152.07	0
195.33	0
195.56	0
202.97	0
204.08	0
210.93	0
220.55	0
19.97	1
113.29	0
120.22	0
154.47	0
157.95	0
158.98	0
159.22	0
163.50	0
17.30	1
111.86	0
114.00	0
133.15	0
134.02	0
134.16	0
142.45	0
145.02	0
36.11	0
72.18	1
118.77	0
143.39	0
147.79	0
151.44	0
154.54	0
154.84	0
112.06	1
127.56	0
129.46	0
175.48	1
179.89	0
182.37	1
184.85	0
185.72	1
232.34	0
240.64	0
241.32	0
245.94	0
247.12	0
253.96	0
263.15	0
264.97	0
55.59	1
99.64	0
103.48	0
107.99	0
108.62	0
109.37	0
112.06	0
121.64	0
135.55	1
152.98	0
153.95	1
173.96	0
174.72	1
178.46	0
186.38	0
194.98	1
149.43	1
199.58	0
207.43	0
207.48	0
211.22	0
212.55	0
214.61	0
219.23	0
17.47	1
156.44	0
161.08	0
167.62	0
169.56	0
181.11	0
184.02	0
186.10	0
174.69	0
178.62	0
185.61	0
186.59	0
189.07	0
193.00	0
194.84	0
198.02	0
50.27	1
70.50	0
92.46	0
95.87	0
113.84	0
138.05	0
138.36	0
139.55	0
24.77	1
121.48	0
135.82	0
154.48	0
175.88	0
180.67	0
182.12	0
184.05	0
126.06	1
139.16	1
159.18	0
180.18	0
183.58	1
184.14	0
184.73	0
196.80	0
189.87	0
200.95	0
209.28	0
220.92	0
224.11	0
225.34	0
232.00	0
242.41	0
194.20	0
194.79	0
198.84	0
206.37	0
214.39	0
214.44	0
215.57	0
220.64	0
248.16	0
252.64	0
255.84	0
257.01	0
257.34	0
272.33	0
273.85	0
274.13	0
284.47	0
285.78	0
286.90	0
289.63	0
291.66	0
292.57	0
305.68	0
307.71	0
369.15	0
371.54	0
372.90	0
373.49	0
376.79	0
378.84	0
388.42	0
390.52	0
173.12	1
222.69	0
243.52	1
249.55	0
266.51	0
274.62	0
280.64	1
281.89	1
45.32	1
161.22	0
189.63	0
206.28	0
210.45	0
217.67	0
218.13	0
219.35	0
63.50	1
123.94	0
174.16	0
205.80	0
206.76	0
208.48	0
209.40	0
210.24	0
8.25	1
80.80	0
82.21	0
84.01	0
89.27	0
103.69	0
111.51	0
111.89	0
22.63	1
75.53	1
107.97	0
111.04	0
115.74	0
136.34	0
140.46	1
161.58	0
50.61	1
90.09	1
92.25	0
112.05	1
121.57	0
144.74	0
149.34	0
152.03	0
11.34	1
15.43	1
23.55	1
45.15	1
146.74	0
148.74	0
149.52	0
149.57	0
27.05	1
52.01	1
55.19	1
58.13	1
101.44	0
102.32	0
113.57	0
113.89	0
81.12	1
83.10	1
101.83	0
112.17	0
116.01	0
116.09	0
119.02	0
128.34	0
3.26	1
8.24	1
20.14	1
38.11	1
42.11	1
52.82	0
91.94	0
91.98	1
127.67	0
136.07	0
139.78	0
141.44	0
145.04	0
147.87	0
148.92	0
152.74	0
153.86	0
154.41	0
157.06	0
158.97	0
159.66	0
160.88	0
166.43	0
168.51	0
171.47	0
182.93	0
186.53	0
187.82	0
190.33	0
190.81	0
192.25	0
194.28	0
157.99	0
158.14	0
164.72	0
170.64	0
178.86	0
185.11	0
187.67	0
188.33	0
232.64	0
233.05	0
233.72	0
241.84	0
243.04	0
249.89	0
253.17	0
255.47	0
67.28	0
69.58	0
73.39	0
75.64	0
82.18	0
88.42	0
88.45	0
92.44	0
10.49	1
11.23	1
18.79	1
24.47	1
34.12	1
37.02	1
50.21	0
83.53	1
93.91	1
145.13	0
154.51	0
155.36	0
156.39	0
157.02	0
157.23	0
160.67	0
17.95	1
134.24	0
134.26	0
141.55	0
149.13	0
151.32	0
161.23	0
164.31	0
20.83	1
232.35	0
233.31	0
234.72	0
238.18	0
241.77	0
242.65	0
256.90	0
114.54	1
138.72	0
140.02	0
144.37	0
146.52	0
149.07	0
153.02	0
157.08	0
130.14	1
142.37	0
149.20	0
159.21	0
159.39	0
159.47	0
160.90	0
161.27	0
219.93	0
220.76	0
221.74	0
238.70	0
239.36	0
240.24	0
240.81	0
251.69	0
240.01	0
244.18	0
247.86	0
249.13	0
249.70	0
258.38	0
258.67	0
261.77	0
169.03	0
170.47	0
174.81	0
178.49	0
192.01	0
199.45	0
200.29	0
200.67	0
161.94	0
162.45	0
163.24	0
164.61	0
175.69	0
177.95	0
179.06	0
181.31	0
213.12	0
215.17	0
216.63	0
223.04	0
231.33	0
234.30	0
234.31	0
235.84	0
109.50	0
114.24	0
124.23	0
128.77	0
132.11	0
135.03	0
136.61	0
138.01	0
187.18	0
206.71	0
209.72	0
215.11	0
215.80	0
221.89	0
225.57	0
227.47	0
296.90	0
297.66	0
299.03	0
303.50	0
312.67	0
325.21	0
326.78	0
327.28	0
91.55	1
125.61	0
127.47	1
128.04	1
131.04	0
132.70	0
134.56	0
140.28	0
4.17	1
4.18	1
8.06	1
13.17	1
21.63	1
38.85	1
41.59	1
47.91	0
118.39	0
131.69	0
178.35	0
179.55	0
180.08	0
184.39	0
189.75	0
194.20	0
103.12	1
131.13	0
131.79	0
132.59	1
144.24	0
146.50	0
156.09	0
157.66	0
157.77	0
160.63	0
161.10	0
164.56	0
165.85	0
167.79	0
170.34	0
170.99	0
147.54	0
154.14	0
154.23	0
156.78	0
157.51	0
158.00	0
163.14	0
164.59	0
272.84	1
282.92	0
286.22	0
287.21	0
287.34	0
287.56	0
288.06	0
289.55	0
320.07	0
328.48	0
332.06	0
332.27	0
342.24	0
342.63	0
343.73	0
349.29	0
281.44	0
282.36	0
282.98	0
292.53	0
297.53	0
298.39	0
306.55	0
308.24	0
246.41	0
247.74	0
250.16	0
251.48	0
265.95	0
266.09	0
273.56	0
277.14	0
147.28	1
166.52	0
170.80	0
171.48	0
171.78	0
174.06	0
175.70	0
176.94	0
179.52	0
179.76	0
181.14	0
183.01	0
183.97	0
185.30	0
192.41	0
192.55	0
135.78	0
136.45	0
138.25	0
138.73	0
150.42	0
155.37	0
156.24	0
161.04	0
173.55	0
174.82	0
186.25	0
199.87	0
205.82	0
208.18	0
209.39	0
216.34	0
37.58	1
42.71	1
43.72	1
68.55	1
75.22	1
85.97	0
105.93	0
107.87	0
65.95	1
70.56	1
83.78	1
91.76	0
98.58	0
100.65	0
105.82	0
108.52	0
283.49	0
317.61	0
322.92	0
325.47	0
327.81	0
329.32	0
336.10	0
337.03	0
252.02	1
286.58	0
295.34	0
297.66	0
308.72	0
309.04	0
309.54	0
312.62	0
314.79	0
321.14	0
328.42	0
328.60	0
328.93	0
328.97	0
333.22	0
336.92	0
550.86	0
552.50	0
552.75	0
554.16	0
555.69	0
556.45	0
560.10	0
560.15	0
253.78	0
289.97	0
290.90	0
292.65	0
294.21	0
295.19	0
298.64	0
304.36	0
98.93	1
115.39	0
117.47	0
118.72	0
119.12	0
120.41	0
122.04	0
127.97	0
153.98	0
157.90	0
158.72	0
158.94	0
160.13	0
164.48	0
170.74	0
172.84	0
110.71	0
111.78	0
114.44	0
120.55	0
124.88	0
127.13	0
129.84	0
133.83	0
217.59	0
218.29	0
219.69	0
226.44	0
242.92	0
246.26	0
247.19	0
250.48	0
72.75	0
72.94	0
73.87	0
73.99	0
75.20	0
75.92	0
76.43	0
95.54	0
119.60	0
125.64	0
125.84	0
128.76	0
129.03	0
137.54	0
139.56	0
141.03	0
113.08	0
115.01	0
116.04	0
123.00	0
128.63	0
134.95	0
137.00	0
140.26	0
176.71	0
176.93	0
177.65	0
181.16	0
182.29	0
186.71	0
194.26	0
201.37	0
38.57	1
43.54	1
44.50	1
65.21	1
80.91	1
81.66	0
91.22	0
93.69	0
115.33	1
128.77	1
131.12	1
137.60	1
140.92	0
155.00	0
157.78	0
159.55	0
1.65	1
3.11	1
4.04	1
8.67	1
12.81	1
20.79	1
39.06	1
41.09	1
25.61	1
95.72	1
139.05	0
146.95	0
152.29	0
153.46	0
154.59	0
155.03	0
2.48	1
18.24	1
129.65	0
133.91	0
134.04	0
138.78	0
141.58	0
149.41	0
8.95	1
19.65	1
230.70	0
231.67	0
232.14	0
233.11	0
236.04	0
239.93	0
113.09	0
158.12	0
186.50	0
189.15	0
193.58	0
194.70	0
196.00	0
197.37	0
137.59	1
163.04	0
166.39	0
173.83	1
174.67	0
175.15	1
177.18	1
177.22	0
216.09	0
238.51	0
251.35	0
252.66	0
253.46	0
256.17	0
257.65	0
258.99	0
230.11	0
248.49	0
249.64	0
253.41	0
254.13	0
258.39	0
259.03	0
260.60	0
256.48	0
264.35	0
266.04	0
270.07	0
271.90	0
274.22	0
277.89	0
278.12	0
281.23	0
281.97	0
285.63	0
291.83	0
294.71	0
297.70	0
299.82	0
300.22	0
176.69	0
199.01	0
203.68	0
209.97	0
217.19	0
218.16	0
220.37	0
221.09	0
215.24	0
216.52	0
217.27	0
218.92	0
220.73	0
221.77	0
226.52	0
227.51	0
264.44	0
264.89	0
279.53	0
280.51	0
284.00	0
285.63	0
287.94	0
289.77	0
73.60	1
93.67	1
283.23	0
283.92	0
285.16	0
290.33	0
291.25	0
295.78	0
33.86	1
63.55	0
69.66	0
69.68	0
69.90	0
71.35	1
71.96	1
74.86	0
1.51	1
2.23	1
4.49	1
4.51	1
5.34	1
16.20	1
19.75	1
36.43	1
82.17	1
148.74	0
157.04	0
165.28	0
167.30	0
171.60	0
172.03	0
175.58	0
66.91	1
168.27	1
176.14	1
181.91	0
182.07	0
187.89	0
190.32	0
202.04	0
62.73	1
121.41	1
122.24	1
211.73	0
213.03	0
214.97	0
215.09	0
218.37	0
5.91	1
7.69	1
10.83	1
137.95	0
138.80	0
138.83	0
145.29	0
149.29	0
9.99	1
14.91	1
15.16	1
82.27	1
227.11	0
227.99	0
228.60	0
229.08	0
143.95	0
152.73	0
187.86	0
190.30	0
190.53	0
190.74	0
191.02	0
194.09	0
103.13	0
117.45	1
123.97	0
127.95	1
131.31	0
135.20	0
136.22	0
137.71	0
31.26	1
69.04	0
70.32	0
76.09	0
77.46	0
80.74	0
84.33	0
86.61	0
1.99	1
6.04	1
7.33	1
8.40	1
9.24	1
10.56	1
19.09	1
20.93	1
23.39	1
33.02	1
116.89	1
127.59	0
135.25	1
143.15	0
153.45	0
155.73	0
3.00	1
3.65	1
8.03	1
23.48	1
127.24	0
131.53	0
131.93	0
133.86	0
9.88	1
12.79	1
22.43	1
31.69	1
71.90	1
245.32	0
246.34	0
246.38	0
64.08	1
106.69	1
119.01	0
156.35	1
156.47	0
157.18	0
157.26	0
158.43	0
161.81	1
163.97	0
174.46	0
199.04	0
219.82	0
221.31	0
231.92	0
233.10	0
89.53	0
115.57	0
122.30	0
135.98	0
149.70	0
150.11	0
150.95	0
151.64	0
202.44	0
228.80	0
237.39	0
237.42	0
243.50	0
247.00	0
248.74	0
250.02	0
200.88	0
234.86	0
241.57	0
242.08	0
243.65	0
244.10	0
244.42	0
246.33	0
146.41	0
149.21	1
153.93	0
155.30	1
161.29	0
163.01	0
168.59	0
171.29	0
188.27	0
190.05	0
192.38	0
193.34	0
196.07	0
199.49	0
200.77	0
205.37	0
71.93	1
77.62	0
79.08	0
92.63	0
94.12	0
95.28	0
101.95	0
102.84	0
150.37	0
152.47	0
152.71	0
156.30	0
159.39	0
161.62	0
163.90	0
169.77	0
191.59	0
198.71	0
200.55	0
203.25	0
207.18	0
207.54	0
212.03	0
212.50	0
174.52	1
176.42	0
187.34	1
187.82	0
189.27	0
190.32	0
190.54	0
197.84	0
144.53	0
144.72	0
148.24	0
151.74	1
162.43	0
164.66	0
170.92	0
176.82	0
36.97	1
42.86	1
59.53	1
87.73	0
89.14	0
91.21	0
92.52	0
102.28	0
126.95	0
127.39	0
127.98	0
132.85	0
139.58	0
140.57	0
141.88	0
145.38	0
71.99	1
72.42	1
77.78	1
94.90	1
95.43	1
109.37	0
111.63	1
121.61	0
172.45	0
173.88	0
177.54	0
180.50	0
182.15	0
185.24	0
186.30	0
186.86	0
212.87	0
239.81	0
248.03	0
249.47	0
253.85	0
254.05	0
258.65	0
258.73	0
226.65	0
243.60	0
244.27	0
244.69	0
247.15	0
249.64	0
251.92	0
252.08	0
33.38	1
34.18	1
72.75	1
72.79	0
76.68	0
79.74	0
79.90	0
80.71	0
1.82	1
3.17	1
3.18	1
4.14	1
5.73	1
9.86	1
10.77	1
13.24	1
110.65	0
112.13	0
136.07	0
142.73	0
146.80	0
196.78	0
196.81	0
197.72	0
95.28	1
190.61	0
208.76	0
209.75	0
215.09	0
215.83	0
216.26	0
220.63	0
65.06	0
93.32	0
94.93	0
130.08	0
130.08	0
131.62	0
131.84	0
132.35	0
142.87	0
142.91	0
145.02	0
147.46	0
153.64	0
160.82	0
161.99	0
162.30	0
138.19	0
140.02	0
144.26	0
145.14	0
152.35	0
152.66	0
153.32	0
154.04	0
204.76	0
244.97	0
248.84	0
249.82	0
255.57	0
263.94	0
264.25	0
267.13	0
129.50	0
139.52	0
150.63	0
151.83	0
154.98	0
155.12	0
157.56	0
157.91	0
177.90	0
192.91	0
193.98	1
215.99	0
226.87	0
230.27	0
236.50	0
240.65	0
208.55	0
233.11	0
234.69	0
235.10	0
241.15	0
246.14	0
246.19	0
247.69	0
124.29	1
125.61	1
125.92	1
141.29	0
147.38	0
148.69	0
149.13	1
149.51	0
1.86	1
1.86	1
2.02	1
3.43	1
3.68	1
3.71	1
7.18	1
7.66	1
77.07	0
94.11	0
121.06	0
122.16	0
127.07	0
127.91	0
128.27	0
129.90	0
66.25	1
81.14	1
147.15	0
150.53	1
155.89	1
158.41	0
163.30	0
165.53	0
28.17	1
53.09	1
105.88	1
107.23	1
117.54	1
186.42	0
187.99	0
191.54	0
0.76	1
5.54	1
7.26	1
7.84	1
11.43	1
137.15	0
139.05	0
139.30	0
2.13	1
12.11	1
15.99	1
17.07	1
23.97	1
80.88	1
227.17	0
228.03	0
82.73	1
179.82	1
181.61	0
186.64	0
196.32	0
200.37	0
204.58	0
204.63	0
25.47	1
37.19	1
67.55	0
76.10	0
78.73	0
79.10	0
79.82	0
81.51	0
1.62	1
3.02	1
6.01	1
7.00	1
7.06	1
8.08	1
8.68	1
9.52	1
43.51	1
48.83	1
53.69	1
130.85	1
140.43	1
153.67	0
155.82	1
168.55	0
6.42	1
7.05	1
7.69	1
9.11	1
9.57	1
17.57	1
139.80	0
143.42	0
21.66	1
23.07	1
26.97	1
31.24	1
31.38	1
34.48	1
101.99	1
248.90	0
62.56	1
75.19	1
89.67	0
106.22	1
142.56	0
158.50	0
159.50	0
161.16	0
181.93	0
190.08	0
190.71	0
192.67	0
203.37	0
204.27	0
205.03	0
214.16	0
201.71	0
202.52	0
208.16	0
211.67	0
219.45	0
220.75	0
226.40	0
226.75	0
174.36	0
182.17	0
186.11	0
186.51	0
200.05	0
200.77	0
201.28	0
202.79	0
296.00	0
297.33	0
297.95	0
298.62	0
300.29	0
316.46	0
319.71	0
319.85	0
272.08	0
278.21	0
278.38	0
289.51	0
292.57	0
294.94	0
298.22	0
298.81	0
221.19	0
231.73	0
231.95	0
240.39	0
243.04	0
243.50	0
251.93	0
253.75	0
143.02	0
145.23	0
149.97	0
155.84	0
156.67	0
158.65	0
159.75	0
164.97	0
103.19	1
105.94	0
107.10	0
109.29	1
113.66	0
114.00	0
114.28	0
115.59	0
147.13	0
148.79	0
150.12	0
155.50	0
158.67	0
160.17	0
161.61	0
161.75	0
135.88	0
142.13	1
151.75	1
154.34	0
156.24	1
156.47	0
158.14	0
167.58	0
150.74	0
152.73	0
155.74	0
177.91	0
179.77	0
185.67	0
191.61	0
192.38	0
23.52	1
26.21	1
32.26	1
43.50	1
49.41	1
58.73	1
72.27	0
75.69	1
125.24	0
130.68	0
130.70	0
132.01	0
132.71	0
137.63	0
138.00	0
139.04	0
136.85	1
222.08	0
242.75	0
245.28	0
248.52	0
255.49	0
270.85	0
271.32	0
78.25	1
324.07	0
332.53	0
333.14	0
337.50	0
340.59	0
344.01	0
348.69	0
140.16	0
140.90	0
141.87	0
142.42	0
150.18	0
150.61	0
152.37	0
154.41	0
150.59	1
158.90	0
174.85	0
176.47	1
181.37	0
183.32	1
183.79	0
194.07	1
258.65	0
259.02	0
262.05	0
265.40	0
267.89	0
272.83	0
273.40	0
275.36	0
375.75	0
394.59	0
397.39	0
400.14	0
402.40	0
405.90	0
413.26	0
416.12	0
238.08	0
241.23	0
249.01	0
249.78	0
254.10	0
254.93	0
257.60	0
261.12	0
179.60	0
180.26	0
183.77	0
185.44	0
185.61	0
191.79	0
192.11	0
194.79	0
64.82	0
64.88	0
72.78	0
74.75	0
82.58	0
85.05	0
86.19	0
86.92	0
311.90	0
311.98	0
313.62	0
318.94	0
319.00	0
320.97	0
322.61	0
325.33	0
359.08	0
361.07	0
362.47	0
364.10	0
366.77	0
367.11	0
367.37	0
369.52	0
245.07	1
250.94	1
257.51	1
262.66	1
268.86	1
271.81	0
272.55	0
280.09	1
72.15	0
78.97	0
87.78	0
90.13	0
101.37	0
103.50	0
104.61	0
110.47	0
258.19	0
262.20	0
268.86	0
269.26	0
270.05	1
270.27	0
272.12	1
274.14	0
248.84	0
250.22	0
251.98	0
259.85	0
261.07	0
262.44	0
266.73	0
268.06	0
121.88	0
127.15	0
133.48	0
140.99	0
147.36	0
149.32	0
149.36	0
154.50	0
104.53	1
108.48	0
115.04	1
116.91	0
121.75	0
122.41	1
128.26	0
134.86	0
179.25	1
189.16	0
192.48	0
202.57	0
202.77	0
204.41	1
205.97	0
207.39	0
232.41	0
233.24	0
234.99	0
236.01	0
243.41	0
244.29	0
244.32	0
248.61	0
192.77	0
195.21	0
195.52	0
196.77	0
203.75	0
204.84	0
207.43	0
214.18	0
35.52	1
41.30	1
42.47	1
76.21	1
79.95	0
80.73	0
82.18	0
84.74	0
1.78	1
1.98	1
2.05	1
2.31	1
2.87	1
4.22	1
4.58	1
7.44	1
22.54	1
24.23	1
29.16	1
48.87	1
97.25	1
117.49	1
132.43	1
137.61	0
9.41	1
9.69	1
10.39	1
11.62	1
12.41	1
12.45	1
13.25	1
142.81	0
12.39	1
13.14	1
13.92	1
15.34	1
20.70	1
21.88	1
23.78	1
82.68	1
41.92	1
50.47	1
68.78	1
93.46	0
103.13	0
107.59	1
121.87	1
141.57	0
86.15	1
132.13	0
171.51	1
177.17	0
178.50	0
178.96	0
182.81	0
189.12	0
183.44	0
207.57	0
208.81	0
213.01	0
233.01	0
233.11	0
233.86	0
235.32	0
355.64	0
359.20	0
360.39	0
363.37	0
365.44	0
367.61	0
370.93	0
371.33	0
306.81	0
309.62	0
309.70	0
312.58	0
317.24	0
318.17	0
319.90	0
326.98	0
120.28	1
142.66	0
149.59	0
190.14	0
190.57	0
213.13	0
217.33	0
220.43	0
14.18	1
215.05	0
215.39	0
216.77	0
220.15	0
220.37	0
225.44	0
225.91	0
118.97	1
142.85	1
147.39	1
156.36	1
158.40	1
165.17	1
182.39	0
182.96	0
1.27	1
1.53	1
1.92	1
2.05	1
2.43	1
2.87	1
4.74	1
6.04	1
92.94	1
116.77	0
129.02	0
142.65	0
143.60	0
146.02	0
150.63	0
160.02	0
73.11	0
81.32	1
96.18	0
104.24	0
107.96	0
108.42	0
108.90	0
112.37	0
70.49	1
76.50	0
156.49	0
156.88	0
158.08	0
159.56	0
162.22	0
163.50	0
108.02	1
134.07	1
163.53	0
164.12	0
165.72	1
186.27	0
192.02	0
192.85	0
140.03	0
148.59	1
156.71	0
156.91	0
159.76	0
177.28	0
181.55	0
183.32	1
174.03	1
180.06	1
194.87	0
196.69	0
197.63	1
198.84	1
201.84	1
204.83	0
160.69	0
163.32	0
164.42	0
167.52	0
168.54	0
172.64	0
176.25	0
178.72	0
228.15	0
228.19	0
228.79	0
233.04	0
235.17	0
238.33	0
239.13	0
240.27	0
88.21	0
90.57	0
93.24	0
95.96	0
97.25	0
97.64	0
97.70	0
99.63	0
194.26	0
204.91	0
206.57	0
207.17	0
207.72	0
210.79	0
213.31	0
215.18	0
207.35	0
212.14	0
215.41	0
219.48	0
223.35	0
224.55	0
224.79	0
225.10	0
160.30	0
162.27	1
167.01	0
167.50	0
170.62	0
172.54	0
173.31	0
176.02	0
125.21	0
125.28	0
125.91	0
126.89	0
141.30	0
142.42	0
143.20	0
143.40	0
142.97	0
144.96	0
145.61	0
154.18	0
157.16	0
158.32	0
158.49	0
159.04	0
196.74	0
207.75	0
227.29	0
229.86	0
236.77	0
237.00	0
237.38	0
237.49	0
261.26	0
275.66	0
277.45	0
277.85	0
280.46	0
281.88	0
283.97	0
284.34	0
460.06	0
470.63	0
494.62	0
494.62	0
494.83	0
494.83	0
497.19	0
498.30	0
564.93	0
565.22	0
565.78	0
566.58	0
577.24	0
578.30	0
581.17	0
583.19	0
456.66	0
463.12	0
463.64	0
465.79	0
467.82	0
476.63	0
477.73	0
479.34	0
266.24	0
275.57	0
276.29	0
276.32	0
278.89	0
279.09	0
284.88	0
285.02	0
216.10	0
219.26	0
223.01	0
237.88	0
240.89	0
241.52	0
244.08	0
246.04	0
205.55	0
239.87	0
241.64	0
242.36	0
242.39	0
243.16	0
244.41	0
245.88	0
353.83	0
391.85	0
404.00	0
404.09	0
406.12	0
410.10	0
420.95	0
421.63	0
311.87	1
375.47	0
385.89	0
399.25	0
399.59	0
402.95	0
403.61	0
404.07	0
203.97	0
217.74	0
222.59	0
227.37	0
231.17	0
231.24	0
236.64	0
237.44	0
163.80	1
240.49	0
241.53	0
243.14	0
244.10	0
245.39	0
251.51	0
253.28	0
25.02	1
38.29	1
40.57	1
42.29	1
62.99	0
66.72	0
67.70	0
68.32	1
8.64	1
9.10	1
9.19	1
9.31	1
9.69	1
10.21	1
10.57	1
10.86	1
163.48	0
176.61	1
195.64	0
204.88	0
205.47	0
208.42	0
210.06	0
221.51	0
195.75	0
209.73	0
220.66	0
230.52	0
230.71	0
230.76	0
231.49	0
231.56	0
115.25	0
118.51	0
128.89	0
141.02	0
147.87	0
148.39	0
150.51	0
150.82	0
100.65	1
124.94	0
131.08	1
178.73	0
191.07	0
191.30	0
192.44	0
199.43	0
195.89	0
222.15	0
226.04	0
239.22	0
239.27	0
240.98	0
243.14	0
245.33	0
132.38	0
136.76	0
138.45	0
145.55	0
145.81	0
147.32	0
149.91	0
150.25	0
96.11	0
104.18	0
104.53	0
110.55	0
113.89	0
114.98	0
115.02	1
115.94	0
122.09	0
132.57	1
151.78	1
155.73	1
158.60	0
159.96	1
163.13	1
163.13	0
200.30	0
215.63	0
216.00	0
216.77	0
217.38	0
223.74	0
224.11	0
224.33	0
233.55	0
242.56	0
243.10	0
245.01	0
245.09	0
245.51	0
246.31	0
246.34	0
236.78	0
242.14	0
244.25	0
245.44	0
245.93	0
247.37	0
248.53	0
249.00	0
232.17	0
245.13	0
246.63	0
246.91	0
249.65	0
250.28	0
253.66	0
258.55	0
208.62	0
214.08	0
215.57	0
218.48	0
223.54	0
224.91	0
227.96	0
234.54	0
245.06	0
245.84	0
246.81	0
255.19	0
256.36	0
258.46	0
259.58	0
264.98	0
302.00	0
304.84	0
307.66	0
313.62	0
319.21	0
321.63	0
324.72	0
325.19	0
218.72	0
221.04	0
221.90	0
222.02	0
223.22	0
224.68	0
226.37	0
228.38	0
99.62	0
133.31	0
135.55	0
142.36	1
145.16	0
145.25	0
146.50	0
149.65	0
129.66	1
154.85	0
165.54	0
170.85	0
201.41	0
203.41	0
204.65	0
205.89	0
136.23	0
158.91	0
168.14	0
181.63	0
182.55	1
186.62	0
186.72	1
187.35	0
160.65	0
176.14	0
176.31	0
185.01	0
188.51	0
189.87	0
190.71	0
192.04	0
88.38	0
90.03	0
94.45	0
94.87	0
97.75	0
99.18	0
100.94	0
101.74	0
167.55	1
169.03	0
201.33	1
203.30	0
206.61	0
212.23	0
223.48	0
224.13	0
67.24	0
99.45	0
311.93	0
316.82	0
318.46	0
324.11	0
327.64	0
335.62	0
83.60	0
85.27	0
87.15	0
88.19	0
106.88	0
111.57	0
123.92	0
128.99	0
264.37	0
268.38	0
271.97	0
275.63	0
275.66	0
278.56	0
278.74	0
279.61	0
426.60	0
427.57	0
431.85	0
432.28	0
436.10	0
437.38	0
437.66	0
438.30	0
255.68	0
258.29	0
261.52	0
267.48	0
271.52	0
271.67	0
272.19	0
274.31	0
137.17	0
147.50	0
151.95	1
153.05	0
160.77	1
161.18	0
161.34	1
162.45	0
147.37	1
164.81	0
190.31	0
195.11	0
198.31	0
216.21	1
226.13	0
238.61	0
161.64	0
190.07	0
227.54	0
230.81	0
241.01	0
243.67	0
251.30	0
253.10	0
209.14	0
273.22	0
306.71	0
308.61	0
314.66	0
316.29	0
324.64	0
326.66	0
101.56	1
101.80	0
104.91	0
109.29	0
111.45	1
112.20	1
117.91	0
122.38	1
186.92	0
189.59	0
190.71	0
191.91	0
194.98	0
200.77	0
201.30	0
203.53	0
427.46	0
465.07	0
466.78	0
469.05	0
469.59	0
470.46	0
476.11	0
476.55	0
273.11	1
274.04	0
373.19	0
373.24	0
394.08	0
414.14	0
416.39	0
417.42	0
106.56	1
244.08	0
251.99	0
267.04	0
280.73	0
288.95	0
294.13	0
295.16	0
26.26	1
115.77	1
147.89	0
159.97	0
165.01	0
173.28	0
182.43	0
191.04	0
17.10	1
28.05	1
223.75	0
223.82	0
226.45	0
228.70	0
229.83	0
233.27	0
51.47	1
154.18	1
164.64	1
171.06	1
173.17	1
174.28	1
176.35	1
183.78	1
5.80	1
9.55	1
9.67	1
9.89	1
9.89	1
10.05	1
10.25	1
10.45	1
81.09	1
123.33	0
130.72	1
141.85	0
156.81	0
166.13	0
171.80	0
172.53	0
45.10	0
69.95	1
91.43	0
93.65	0
100.66	0
115.21	0
115.47	0
116.53	0
54.72	1
58.74	1
86.82	1
88.00	0
135.09	0
148.29	0
152.10	0
155.41	0
78.95	0
148.39	0
155.08	0
181.11	0
192.62	0
193.47	0
197.76	0
202.20	0
120.15	0
138.44	0
140.99	1
143.89	0
143.90	0
154.35	0
155.86	0
157.34	0
76.47	0
82.42	1
86.54	1
87.78	0
90.93	0
92.01	1
92.89	0
93.48	1
141.42	0
146.50	0
147.26	0
149.79	0
150.45	0
153.68	0
154.35	0
154.40	0
27.52	1
152.38	0
164.93	1
167.78	0
168.16	0
168.18	0
169.12	0
170.01	0
10.20	1
115.11	0
115.77	0
115.85	0
116.63	0
131.90	0
132.11	0
132.95	0
74.45	0
112.52	0
118.85	0
128.15	0
129.95	0
130.69	0
131.81	0
135.53	0
77.10	0
81.74	0
82.45	0
86.56	0
91.64	0
93.04	0
100.75	0
111.56	1
63.43	0
130.29	0
143.61	0
156.98	0
158.34	0
163.38	0
175.10	0
175.85	0
167.66	1
191.01	0
194.77	0
195.43	0
199.40	0
201.21	0
202.66	0
205.21	0
198.66	0
211.20	0
220.51	0
228.80	0
239.76	0
244.35	0
244.91	0
247.15	0
24.31	1
26.93	1
29.35	1
29.90	1
37.09	1
60.68	1
69.24	0
70.00	0
1.69	1
2.26	1
2.56	1
2.68	1
2.80	1
2.91	1
3.62	1
3.65	1
170.53	1
189.30	1
209.49	0
212.74	0
222.65	0
234.21	0
237.83	0
241.09	0
66.39	0
97.03	0
123.22	0
148.29	0
164.27	0
165.58	0
179.37	0
194.13	0
100.97	0
121.04	1
130.22	0
134.44	0
135.21	0
137.65	0
138.15	0
142.21	0
128.34	0
128.92	0
133.98	0
138.17	0
140.45	0
143.89	0
144.34	0
144.69	0
51.48	1
93.22	0
93.94	0
127.45	0
138.45	0
192.96	0
196.29	0
196.55	0
21.35	1
160.91	0
163.07	0
181.61	0
209.80	0
210.30	0
211.63	0
219.29	0
12.11	1
256.28	0
257.26	0
258.62	0
265.52	0
267.81	0
273.12	0
273.72	0
14.68	1
314.56	0
319.61	0
327.39	0
329.10	0
337.23	0
337.75	0
338.33	0
125.60	1
140.15	0
152.97	1
192.07	0
203.14	0
207.13	0
221.76	0
225.83	0
82.69	1
94.45	1
104.65	1
106.35	0
107.36	1
144.93	0
154.29	0
164.80	0
180.19	0
224.16	0
239.79	0
242.11	0
243.40	0
244.03	0
244.39	0
244.98	0
158.78	0
207.34	0
207.52	0
208.88	0
209.44	0
210.83	0
211.83	0
212.77	0
56.82	0
88.13	1
104.64	0
106.34	0
111.31	0
116.16	0
121.33	0
122.69	0
169.63	0
233.04	0
239.38	0
240.21	0
243.48	0
250.97	0
251.62	0
253.81	0
135.14	1
136.90	0
146.66	0
152.90	0
155.81	1
162.31	0
162.36	1
164.84	1
196.15	0
196.16	0
203.15	0
203.36	0
204.56	0
205.35	0
207.00	0
212.75	0
174.80	0
221.04	0
226.12	0
226.61	0
229.93	0
229.94	0
230.73	0
231.32	0
81.71	1
189.68	0
190.09	0
190.69	0
191.63	0
191.79	0
191.90	0
191.91	0
47.72	1
51.73	1
57.56	1
61.54	1
66.06	1
66.69	1
90.68	1
97.43	1
2.04	1
4.05	1
4.12	1
4.81	1
4.84	1
5.14	1
5.41	1
5.53	1
48.25	0
78.48	1
110.80	0
113.70	0
114.35	0
114.91	0
117.14	0
127.82	0
117.72	0
130.44	0
148.47	0
207.33	0
208.54	0
211.24	0
218.31	0
220.01	0
51.33	1
52.83	1
78.90	1
128.36	1
136.32	1
137.37	1
153.81	1
173.06	1
10.42	1
24.92	1
32.20	1
32.51	1
38.76	1
41.35	1
42.30	1
48.63	1
4.95	1
12.80	1
13.04	1
23.46	1
24.41	1
25.86	1
33.84	1
34.96	1
197.38	0
209.74	0
214.60	0
225.70	0
226.07	0
231.13	0
231.74	0
231.97	0
25.10	1
35.29	1
38.26	1
72.19	0
74.94	0
77.48	0
79.69	0
80.64	0
1.39	1
2.78	1
3.00	1
3.94	1
5.87	1
6.20	1
6.25	1
6.58	1
242.06	0
242.65	0
244.18	0
271.30	0
272.39	0
273.21	0
275.09	0
276.81	0
67.19	1
82.13	1
95.28	0
99.80	1
101.83	1
107.99	1
115.27	0
122.61	1
103.23	1
117.69	1
145.44	0
163.15	1
164.77	0
176.25	0
177.23	0
178.29	0
155.64	0
245.32	0
260.06	0
260.82	0
261.03	0
263.72	0
268.07	0
272.52	0
163.39	0
164.78	0
165.32	0
166.63	0
167.61	0
168.56	0
169.86	0
171.36	0
119.72	0
122.70	0
123.68	0
128.08	0
129.21	0
130.22	0
131.46	0
132.55	0
121.42	1
123.26	1
132.19	1
132.32	0
134.64	1
137.63	0
146.15	1
150.46	0
147.85	0
147.96	0
154.14	0
156.25	0
159.01	0
160.59	0
165.32	0
165.71	0
212.40	0
222.62	0
233.79	0
236.48	0
236.49	0
243.04	0
243.51	0
245.97	0
91.67	0
92.61	0
98.60	0
98.78	0
104.20	0
107.87	0
108.66	0
110.12	0
231.06	0
241.39	0
245.64	0
246.74	0
247.71	0
248.62	0
249.17	0
249.61	0
142.36	0
155.52	0
169.50	0
170.93	0
177.88	0
180.72	0
180.92	0
180.93	0
90.84	1
99.64	1
106.12	1
134.58	0
178.92	0
179.69	0
180.06	0
181.18	0
15.32	1
20.50	1
31.63	1
220.10	0
221.34	0
221.86	0
227.61	0
228.02	0
82.36	1
94.14	1
94.99	1
101.76	0
116.26	0
121.93	0
125.05	0
128.11	0
188.80	0
216.84	0
219.37	0
220.31	0
221.41	0
225.52	0
228.43	0
229.48	0
96.08	0
122.59	0
147.79	0
160.88	0
170.29	1
175.14	0
187.58	0
187.89	0
123.18	0
146.91	0
162.61	0
179.29	0
196.16	0
212.52	0
217.01	0
220.96	0
51.93	1
56.71	1
59.00	1
66.14	1
80.80	0
95.01	0
95.17	0
98.28	0
106.38	1
135.81	1
171.86	0
175.20	0
192.72	0
194.91	0
202.37	0
204.12	0
48.93	0
50.80	0
156.04	0
187.62	0
193.52	0
194.01	0
206.32	0
208.15	0
89.07	1
94.74	1
99.92	1
101.71	1
107.20	1
111.72	1
122.98	1
148.61	0
3.88	1
4.00	1
4.42	1
4.80	1
5.05	1
5.31	1
5.64	1
5.86	1
31.96	1
43.28	1
44.43	1
45.30	1
63.60	1
138.72	1
157.36	1
157.82	0
3.56	1
4.58	1
5.06	1
7.99	1
8.46	1
9.21	1
12.23	1
20.92	1
7.63	1
10.07	1
12.28	1
15.84	1
18.81	1
21.13	1
25.08	1
30.20	1
50.24	1
90.69	1
94.69	1
112.00	1
117.11	1
124.00	0
141.44	0
145.79	1
71.44	1
105.79	1
134.65	1
141.22	0
170.60	1
174.81	0
181.17	0
182.67	1
163.10	0
197.54	0
215.38	0
223.46	0
236.86	0
239.76	0
258.77	0
262.64	0
58.37	1
67.59	1
94.65	1
111.00	1
142.10	0
161.60	0
181.90	0
189.92	0
9.28	1
20.59	1
23.02	1
27.06	1
219.03	0
220.88	0
223.86	0
225.93	0
199.16	0
211.79	0
218.09	0
219.16	0
222.27	0
222.70	0
224.75	0
226.15	0
139.24	1
150.73	1
161.04	1
161.87	0
162.43	1
180.80	0
183.57	1
185.39	1
156.81	0
162.21	0
163.90	0
185.09	0
185.58	0
186.82	0
187.38	0
191.10	0
147.41	0
157.25	0
161.68	0
169.28	0
170.18	0
176.00	0
178.51	0
179.40	0
45.04	1
65.44	1
83.89	0
92.83	1
97.22	1
100.68	0
101.25	0
103.65	0
110.88	1
151.27	0
165.26	0
170.02	0
174.56	0
177.48	0
190.59	0
197.68	0
106.49	1
120.41	1
147.98	1
160.06	0
177.98	0
189.91	0
191.30	1
207.62	0
13.74	1
18.97	1
20.65	1
29.44	1
218.91	0
222.38	0
223.30	0
225.44	0
215.68	0
216.22	0
221.19	0
227.94	0
228.10	0
232.35	0
233.45	0
235.67	0
107.68	0
111.65	0
117.16	0
118.03	0
118.22	0
118.74	0
120.69	0
121.33	0
87.01	1
103.67	1
106.14	1
114.62	1
124.15	1
125.84	0
128.74	0
133.67	1
138.92	0
165.09	0
170.41	0
176.68	0
180.18	0
182.88	0
182.89	0
186.62	0
323.47	0
327.29	0
332.00	0
333.75	0
336.11	0
336.14	0
341.43	0
342.56	0
236.64	0
238.72	0
240.42	0
243.03	0
247.45	0
249.67	0
250.71	0
251.11	0
76.00	1
80.15	1
82.76	1
84.84	1
88.12	1
102.52	0
102.69	0
105.90	1
118.47	0
124.65	0
136.22	0
136.46	0
150.80	0
193.84	0
194.67	0
209.16	0
76.48	1
195.72	0
207.81	0
208.30	0
223.45	0
227.54	0
241.26	0
244.58	0
33.96	1
179.23	0
247.86	0
248.18	0
263.16	0
265.77	0
265.92	0
274.18	0
8.83	1
265.98	0
268.93	0
269.81	0
282.71	0
284.18	0
284.20	0
287.29	0
8.85	1
272.75	0
283.62	0
283.71	0
287.13	0
287.18	0
289.27	0
292.00	0
152.50	1
159.74	0
167.26	1
171.48	0
171.51	0
172.28	1
179.91	1
185.32	0
79.83	1
81.38	1
82.04	1
90.21	1
95.00	1
95.72	1
102.68	1
107.32	1
8.35	1
8.97	1
9.67	1
11.63	1
11.96	1
14.94	1
20.84	1
27.72	1
12.06	1
16.73	1
17.82	1
22.27	1
23.06	1
24.03	1
29.06	1
34.59	1
95.34	0
124.40	0
134.54	0
153.46	0
155.22	0
157.66	0
159.26	1
159.66	0
61.82	1
93.39	0
112.44	1
120.86	1
133.22	1
161.79	0
177.09	0
178.04	0
11.24	1
21.56	1
30.85	1
34.50	1
222.04	0
222.64	0
223.66	0
223.89	0
77.49	1
214.79	0
218.62	0
219.20	0
220.77	0
221.90	0
224.55	0
225.12	0
25.19	1
60.41	1
66.21	1
66.72	1
71.25	1
72.34	1
77.84	1
84.96	1
68.20	0
90.73	0
91.27	0
92.06	0
94.06	0
94.65	1
96.60	0
97.65	0
70.34	1
72.87	0
81.09	1
85.27	1
85.81	1
92.93	1
93.66	0
96.90	1
169.27	0
195.12	0
195.70	0
195.85	0
196.57	0
203.32	0
204.68	0
221.41	0
92.45	0
116.12	0
130.59	0
132.97	0
137.17	0
137.97	0
138.43	0
138.52	1
160.80	1
180.53	1
188.55	1
189.19	0
197.55	0
203.23	0
206.83	0
211.86	0
197.28	0
198.90	0
201.93	0
203.62	0
205.93	0
207.90	0
208.54	0
210.53	0
168.51	0
176.14	0
176.20	0
176.88	0
177.18	0
178.69	0
179.83	0
180.29	0
101.77	0
103.73	0
104.36	0
105.20	0
107.59	0
109.56	0
111.48	0
112.19	0
181.17	0
182.27	0
186.24	0
188.17	0
191.15	0
192.85	0
193.00	0
193.45	0
194.16	0
194.26	0
194.27	0
194.35	0
195.39	0
196.62	0
201.08	0
202.28	0
146.49	0
152.42	0
156.86	0
157.85	0
162.84	0
168.06	0
168.15	0
170.19	0
178.95	0
181.78	0
182.90	0
182.91	0
183.58	0
187.18	0
192.52	0
202.34	0
136.24	0
137.39	0
138.47	0
141.97	0
147.58	0
147.85	0
148.56	0
160.13	0
211.93	0
215.02	0
222.03	0
224.34	0
224.65	0
225.68	0
226.26	0
226.44	0
194.46	0
195.27	0
196.44	0
199.26	0
199.30	0
199.69	0
200.34	0
201.28	0
71.31	1
73.45	1
79.51	1
79.74	1
85.00	1
91.47	0
92.23	1
94.29	0
54.27	0
55.18	0
56.58	0
57.28	0
57.64	0
57.68	0
57.76	0
58.34	0
7.86	1
9.63	1
10.03	1
10.23	1
10.69	1
11.04	1
11.71	1
11.77	1
89.39	1
111.21	0
113.60	0
113.77	0
113.88	1
120.63	0
120.91	0
121.48	0
64.19	1
68.29	1
86.73	1
107.04	1
111.37	1
112.18	0
116.90	0
117.69	0
85.57	0
139.37	1
176.22	0
192.92	0
193.37	0
194.36	0
196.36	0
201.58	0
55.24	1
93.19	1
129.10	0
144.04	0
145.28	0
145.64	0
145.66	0
147.80	0
180.35	1
185.06	0
187.28	1
187.97	1
189.99	1
201.28	1
201.75	0
207.48	0
219.43	0
234.08	0
237.91	0
240.68	0
243.07	0
245.17	0
246.60	0
247.44	0
278.96	0
280.97	0
281.47	0
284.54	0
284.78	0
285.75	0
285.82	0
287.83	0
243.25	0
253.75	0
259.70	0
260.24	0
278.37	0
286.75	0
287.13	0
287.24	0
236.25	0
249.15	0
250.19	0
257.11	0
268.89	0
269.33	0
272.26	0
279.30	0
246.08	0
250.24	0
259.90	0
267.45	0
269.48	0
271.84	0
275.19	0
276.34	0
188.77	0
208.71	0
213.75	1
224.65	1
226.47	0
228.39	1
234.40	0
237.34	0
226.47	0
231.28	0
231.50	0
233.10	0
233.24	0
233.60	0
237.61	0
237.74	0
104.38	1
120.95	1
128.72	0
132.52	1
134.93	1
138.51	1
139.86	0
141.31	1
113.36	1
147.57	0
157.48	0
184.79	0
185.15	0
185.46	0
186.81	0
192.10	0
7.54	1
7.78	1
14.26	1
22.39	1
40.89	1
45.24	1
55.50	0
62.40	1
173.39	0
211.95	0
220.54	0
222.42	0
222.96	0
226.66	0
237.49	1
239.20	0
183.58	0
187.99	1
194.57	0
209.50	0
210.79	0
211.22	0
211.36	0
215.01	0
199.86	0
215.16	0
218.14	0
219.92	0
225.18	0
226.56	0
230.05	0
235.09	0
140.46	0
140.60	0
153.01	0
167.22	0
171.71	0
178.54	0
179.17	0
182.00	0
239.77	0
241.10	0
247.26	0
249.52	0
251.00	0
258.44	0
259.62	0
267.44	0
41.59	1
50.74	1
60.70	1
91.14	0
91.35	0
99.46	0
101.94	0
102.27	0
108.91	1
187.63	0
228.78	0
235.11	0
239.29	0
249.56	0
250.85	0
256.04	0
60.86	1
91.97	1
99.47	0
103.41	1
107.50	1
113.58	1
117.84	1
123.36	0
15.66	1
18.25	1
19.12	1
26.06	1
26.54	1
28.25	1
29.11	1
230.58	0
164.55	0
182.88	0
193.69	0
198.63	0
198.90	1
205.26	1
207.29	0
216.28	0
287.74	1
289.13	1
358.55	1
360.87	1
363.16	1
367.41	1
369.05	1
370.46	1
44.49	1
68.90	1
70.82	1
71.84	1
72.58	1
76.99	1
85.54	1
95.78	1
2.48	1
3.43	1
3.93	1
3.98	1
4.25	1
4.47	1
4.51	1
4.65	1
120.80	0
129.14	0
146.26	0
163.18	0
165.78	0
168.76	0
175.06	1
176.89	0
269.82	0
291.90	0
303.50	0
309.13	0
309.76	0
309.78	0
311.02	0
313.51	0
24.54	1
29.98	1
38.73	1
39.23	1
42.44	1
42.50	1
46.92	1
51.89	1
93.43	1
123.89	1
230.79	0
239.71	0
247.94	1
249.57	0
252.23	0
255.37	0
25.98	1
29.84	1
72.57	1
75.93	1
79.81	1
81.09	1
85.67	1
86.25	1
112.23	1
114.89	1
132.51	1
138.54	1
141.77	1
143.03	1
147.48	1
148.06	0
88.53	1
159.22	0
178.98	0
179.84	0
180.40	0
190.25	0
192.74	0
193.07	0
123.95	0
166.97	0
193.12	0
193.89	0
195.02	0
196.31	0
198.98	0
200.68	0
143.45	0
153.50	0
167.47	0
170.13	0
174.98	0
175.55	0
176.54	0
176.88	0
36.81	0
72.17	0
84.20	0
98.49	0
99.08	0
108.46	0
109.79	0
113.91	0
130.88	0
152.49	0
166.00	0
169.23	0
169.31	0
173.89	0
179.58	0
179.75	0
71.11	1
89.97	1
90.79	1
95.23	1
100.74	1
119.41	1
123.68	1
142.07	0
14.29	1
18.47	1
19.93	1
20.91	1
21.13	1
29.24	1
32.09	1
32.85	1
73.94	0
85.16	0
91.03	1
93.86	0
96.01	0
102.72	0
103.75	0
104.44	0
105.68	1
125.31	0
125.53	0
125.86	0
126.43	0
127.55	0
130.28	0
131.20	0
129.08	0
129.77	0
133.20	0
138.77	0
139.23	1
139.82	0
140.33	0
140.70	0
219.97	0
222.09	0
224.27	0
232.11	0
234.64	0
234.86	0
235.64	0
236.09	0
161.96	0
166.21	0
167.15	0
170.25	0
170.50	0
172.70	0
173.23	0
174.69	0
138.98	0
139.41	0
146.92	0
148.30	0
152.34	0
153.75	0
154.75	0
157.27	0
125.29	0
128.70	1
131.47	0
134.33	0
157.06	0
162.19	0
163.55	0
163.64	0
155.23	1
158.52	1
160.71	1
164.80	1
169.57	0
182.05	0
185.06	0
185.31	1
215.17	0
259.76	0
270.87	0
271.80	0
272.57	0
273.46	0
273.84	0
275.72	0
201.17	0
201.68	0
202.15	0
206.23	0
210.08	0
214.88	0
219.07	0
220.82	0
152.39	0
174.05	0
187.42	0
193.04	0
195.81	0
195.97	0
196.83	0
197.09	0
219.33	0
232.63	0
233.17	0
233.85	0
236.81	0
238.00	0
238.92	0
240.83	0
89.81	1
106.35	0
108.76	1
113.05	0
124.15	0
126.53	0
131.75	0
131.90	1
64.32	1
68.66	1
98.57	1
101.98	1
106.89	0
110.76	1
115.28	1
121.39	0
20.63	1
129.95	0
135.02	0
136.65	0
136.81	0
137.66	0
139.99	0
140.02	0
87.83	0
99.95	0
100.41	0
101.62	0
107.98	1
115.90	1
116.22	0
119.57	0
193.51	1
194.83	0
197.58	0
198.37	0
198.44	0
201.33	0
201.65	0
203.03	0
231.63	0
233.45	0
238.77	0
241.62	0
243.04	0
244.39	0
244.47	0
246.11	0
183.65	0
184.41	0
190.38	0
190.83	0
190.97	0
191.74	0
192.32	0
194.22	0
104.50	1
109.54	1
109.62	1
127.96	1
129.19	1
142.35	1
144.24	0
145.18	0
227.05	0
237.57	0
258.49	0
261.34	0
268.85	0
271.18	0
271.24	0
275.42	0
194.65	0
218.24	0
218.75	0
226.74	0
231.51	0
235.63	0
235.84	0
237.80	0
268.35	0
270.06	0
270.40	0
273.38	0
278.04	0
279.12	0
281.12	0
281.82	0
292.87	0
293.15	0
302.18	0
304.65	0
307.22	0
310.28	0
311.42	0
315.22	0
98.55	1
98.64	1
117.45	1
121.44	1
126.99	1
128.41	0
139.24	0
141.25	1
34.31	1
142.58	0
144.07	0
151.92	0
153.93	0
156.79	0
157.10	0
158.43	0
77.56	1
85.12	0
97.04	1
100.19	0
102.73	1
103.25	0
103.54	0
103.79	1
152.39	1
166.52	1
166.54	1
169.87	1
171.33	1
175.40	1
175.71	1
175.79	1
160.69	0
164.40	0
180.25	0
193.28	0
193.66	0
198.16	0
204.07	0
211.03	0
160.61	0
178.04	0
205.39	0
213.46	0
222.51	0
223.18	0
237.37	0
243.99	0
123.00	1
158.03	0
160.52	0
177.17	0
177.46	0
180.54	0
189.58	0
195.31	0
157.08	0
157.22	0
170.59	0
171.60	0
191.16	0
191.68	0
205.06	0
205.39	0
366.44	1
384.92	1
396.94	1
437.41	1
447.82	1
448.90	1
452.69	1
454.82	0
532.35	0
534.70	0
538.52	0
543.90	0
544.50	0
545.80	0
548.58	0
550.29	0
132.70	0
170.15	0
177.27	0
188.42	0
214.30	0
214.57	0
233.75	0
236.61	0
176.65	0
183.77	1
196.93	1
201.75	1
204.02	0
215.20	0
215.60	0
216.10	0
210.43	0
241.21	0
258.33	0
280.08	0
283.11	0
285.08	0
311.06	0
316.61	0
300.23	0
327.30	0
342.61	0
377.39	0
381.93	0
384.13	0
384.52	0
385.54	0
128.13	0
163.08	0
166.45	0
167.37	0
171.04	0
171.08	0
171.33	0
171.78	0
313.61	0
346.28	1
348.18	0
351.82	0
357.53	0
358.51	0
363.22	0
366.98	0
364.31	0
377.85	0
380.09	0
380.60	0
382.77	0
385.11	0
389.18	0
392.01	0
140.12	1
146.61	0
149.35	0
149.77	0
149.87	1
161.65	0
162.41	0
163.18	0
226.73	0
236.27	0
242.01	0
252.09	0
255.10	0
259.30	0
261.97	0
268.48	1
206.68	1
224.02	0
248.27	0
248.45	0
250.13	1
250.77	0
260.18	0
265.82	0
183.31	0
189.12	0
201.35	0
212.52	0
217.53	0
222.56	0
226.77	0
228.54	0
242.98	1
243.20	0
243.49	0
244.26	0
251.09	0
255.48	0
259.96	0
262.53	0
232.78	1
265.21	1
278.35	1
282.26	1
284.44	1
285.11	1
287.63	1
288.44	1
272.94	0
282.01	0
298.61	0
299.98	0
302.58	0
303.76	0
305.23	0
312.85	0
135.95	0
145.74	0
162.08	0
162.20	0
163.63	0
164.16	0
172.55	0
173.69	0
257.14	0
288.27	0
288.47	0
294.77	0
304.80	0
312.76	0
317.65	0
319.14	0
281.07	0
302.77	0
309.94	0
311.72	0
312.88	0
316.08	0
316.83	0
316.94	0
121.45	0
134.13	0
134.52	0
135.97	0
137.47	0
137.55	0
138.47	0
138.62	0
222.21	0
227.54	0
240.82	0
242.10	0
243.29	0
249.79	0
249.82	0
258.08	0
382.41	0
397.34	0
407.19	0
413.90	0
414.04	0
414.30	0
419.36	0
419.50	0
228.71	1
241.54	1
246.47	1
262.18	1
262.81	1
268.03	1
276.90	0
280.06	1
215.54	1
252.34	1
267.03	1
273.00	1
276.02	1
277.08	1
277.31	1
282.88	1
145.85	0
146.48	0
157.47	0
162.72	0
169.16	0
174.89	0
176.21	0
176.42	0
256.70	0
265.76	0
274.18	0
279.29	0
279.84	0
281.33	0
285.51	0
286.17	0
248.34	0
272.52	0
289.95	0
293.67	0
294.58	0
304.91	0
305.47	0
306.59	0
58.01	1
64.87	1
310.67	0
313.81	0
313.83	0
315.49	0
317.84	0
322.31	0
32.89	1
46.10	1
313.28	0
317.77	0
317.89	0
317.93	0
321.73	0
325.40	0
296.33	0
332.53	0
357.55	0
358.17	0
373.36	0
380.00	0
401.86	0
406.67	0
264.73	0
267.97	0
276.78	0
288.79	0
289.14	0
297.42	0
303.07	0
308.04	0
142.49	0
159.06	0
165.82	0
166.98	0
167.72	0
171.65	0
173.07	0
176.22	0
282.87	0
292.71	0
292.88	1
299.48	1
304.55	1
306.06	1
306.06	0
306.99	1
319.99	0
327.74	0
328.16	0
334.27	0
348.02	0
356.49	0
364.57	0
367.54	0
252.61	0
253.86	1
271.43	1
273.60	0
281.85	1
283.13	1
288.85	1
302.59	0
14.21	1
16.38	1
18.74	1
19.69	1
20.74	1
20.76	1
21.03	1
21.87	1
113.26	0
113.47	0
113.92	0
114.47	0
118.14	0
128.33	0
130.35	0
134.67	0
163.74	0
193.04	0
237.60	0
239.79	0
242.44	0
259.45	0
260.56	0
260.63	0
202.84	1
233.88	1
241.80	1
266.60	1
281.98	0
283.06	0
283.90	0
285.72	0
263.77	1
394.44	1
449.04	1
467.42	1
518.60	1
520.03	1
522.00	1
528.93	0
239.06	1
434.29	0
434.64	0
434.89	0
435.95	0
436.07	0
437.22	0
438.02	0
399.45	0
401.99	0
418.28	0
428.87	0
433.13	0
433.72	0
435.38	0
438.83	0
308.42	0
312.91	0
315.91	0
319.08	0
319.80	0
319.83	0
320.36	0
322.51	0
119.12	1
143.43	1
155.96	1
162.14	1
165.91	0
166.82	0
168.09	0
169.63	0
164.62	0
169.53	0
172.01	0
175.22	0
175.77	0
177.14	0
179.73	0
181.07	0
193.88	1
200.47	0
202.33	0
202.34	0
211.64	0
213.40	1
213.96	1
219.00	0
8.93	1
10.61	1
11.87	1
12.36	1
12.69	1
12.70	1
12.82	1
14.11	1
15.51	1
19.93	1
21.12	1
23.07	1
24.16	1
26.88	1
27.42	1
28.03	1
170.01	0
187.32	0
189.40	0
199.65	0
204.00	0
213.78	0
217.10	0
224.41	0
180.30	0
180.52	0
187.90	0
191.26	0
192.76	0
195.37	0
196.40	0
199.86	0
206.56	0
223.82	0
256.65	0
256.83	0
264.98	0
265.67	0
272.61	0
273.65	0
132.10	0
145.49	0
146.22	0
147.95	0
150.82	0
151.19	1
152.35	0
153.40	0
225.37	0
235.43	0
238.10	0
238.73	0
238.75	0
239.25	0
239.39	0
240.92	0
506.67	1
549.88	0
562.66	0
565.29	0
567.02	0
567.22	0
567.52	0
567.89	0
114.38	0
126.87	0
128.68	0
129.91	0
130.58	0
133.62	0
142.97	0
144.05	0
122.78	1
217.43	0
217.95	0
218.72	0
230.39	0
234.12	0
236.36	0
243.83	0
66.11	0
88.54	0
163.50	1
176.39	0
189.31	0
199.60	0
202.19	0
202.64	0
163.15	0
195.57	0
203.02	0
210.39	0
212.50	0
214.25	0
214.73	0
216.20	0
178.24	0
187.75	0
188.88	0
189.90	0
191.71	0
192.77	0
195.44	0
195.85	0
131.21	1
174.70	0
176.50	0
190.24	0
194.83	0
198.02	0
199.62	0
200.18	0
88.17	0
140.11	0
154.43	1
156.82	0
157.18	1
158.60	0
158.71	0
159.39	0
99.10	0
149.39	0
165.21	0
180.03	0
180.08	0
186.57	0
190.76	0
191.19	0
76.55	1
90.31	1
131.20	1
134.17	0
144.36	1
145.45	1
158.82	1
159.95	1
30.61	1
124.22	0
127.24	0
135.21	0
140.15	0
164.20	0
165.47	0
170.50	0
38.09	1
342.61	0
350.50	0
350.96	0
352.62	0
354.26	0
355.46	0
362.60	0
71.58	1
106.74	1
115.65	0
117.26	0
119.42	0
123.03	0
126.95	0
127.57	0
117.43	0
178.40	0
181.62	0
184.14	0
200.17	0
203.46	0
205.86	0
209.16	0
47.15	1
67.50	1
183.92	0
194.41	0
222.89	0
227.62	0
229.77	0
233.26	0
35.83	1
63.68	1
98.84	1
109.67	1
112.12	0
114.81	0
116.80	0
120.53	1
16.56	1
25.50	1
26.16	1
26.52	1
28.10	1
31.26	1
34.03	1
36.72	1
65.54	1
78.42	0
82.79	1
92.68	0
93.59	1
99.06	1
99.74	0
101.17	0
65.63	1
84.58	1
94.80	0
96.68	0
100.44	0
100.76	0
107.82	0
109.29	0
158.46	0
158.97	0
159.51	0
162.88	0
164.08	0
165.21	0
166.20	0
167.82	0
177.20	0
180.60	0
181.33	0
183.58	0
185.78	0
187.15	0
188.87	0
195.20	0
475.77	0
480.45	0
484.93	0
487.90	0
492.80	0
496.13	0
496.90	0
499.30	0
134.86	1
167.33	0
168.55	0
176.16	0
204.10	0
210.29	0
211.14	0
215.89	0
65.45	0
93.47	0
121.63	1
153.01	0
155.23	0
162.60	0
162.78	0
164.82	0
174.17	0
176.40	0
178.28	0
180.41	0
181.12	0
182.14	0
186.50	0
186.56	0
118.80	0
126.36	0
126.91	0
127.33	0
128.53	0
131.67	0
138.39	0
138.46	0
136.71	1
166.72	0
168.38	0
178.62	0
179.05	0
184.53	0
185.03	0
187.83	0
91.01	0
97.31	0
109.27	1
112.27	1
117.14	0
122.41	0
123.06	1
131.57	1
108.15	0
133.65	0
157.07	0
158.81	0
163.96	0
169.31	0
170.93	0
172.22	0
43.72	1
68.82	1
85.29	1
87.86	1
119.27	0
128.57	1
128.85	1
131.71	1
33.30	1
46.12	1
50.88	1
134.66	0
150.71	0
169.57	0
170.64	0
170.69	0
126.19	0
141.79	0
146.90	1
164.60	1
165.08	0
170.88	0
173.82	1
173.84	1
177.63	0
222.83	0
224.17	0
228.47	0
236.25	0
236.76	0
238.98	0
243.16	0
87.88	1
124.55	1
128.40	1
133.32	1
161.12	0
169.36	0
180.17	0
183.08	0
190.03	0
196.31	0
214.70	0
252.17	0
275.67	0
276.86	0
278.05	0
279.10	1
109.74	1
142.28	0
144.82	0
147.16	1
159.76	0
167.26	1
169.04	1
170.12	0
18.27	1
22.73	1
23.57	1
24.56	1
26.14	1
27.42	1
27.49	1
31.02	1
175.04	0
178.59	0
182.49	0
186.28	0
191.00	0
192.29	0
192.91	0
196.62	0
76.85	1
78.57	1
90.37	1
90.93	1
99.24	1
100.05	1
100.50	1
109.01	1
226.01	0
226.16	0
228.15	0
236.67	0
243.26	0
245.68	0
258.29	0
273.39	1
110.90	0
127.40	0
128.18	0
136.70	0
139.20	0
148.29	0
187.75	0
194.34	0
151.75	1
221.86	0
252.61	0
253.23	0
254.13	0
255.85	0
258.73	0
259.03	0
229.82	0
237.07	0
246.38	0
246.76	0
250.12	0
254.87	0
257.76	0
258.13	0
78.31	1
97.70	1
101.61	1
110.08	1
118.21	1
120.80	1
122.60	1
127.12	1
5.01	1
5.16	1
6.00	1
6.53	1
7.99	1
8.34	1
8.35	1
9.98	1
13.29	1
13.41	1
13.96	1
15.75	1
18.32	1
18.75	1
21.11	1
22.02	1
87.87	1
89.13	0
105.67	1
108.01	0
112.77	1
117.12	1
123.91	1
129.75	1
76.34	1
178.38	0
181.25	0
198.23	0
203.55	0
206.90	0
208.70	0
210.52	0
61.95	1
106.09	1
108.43	1
114.63	1
125.36	1
142.51	1
144.66	1
148.95	1
14.07	1
15.11	1
15.71	1
19.02	1
19.67	1
23.31	1
25.70	1
28.73	1
128.52	0
139.09	0
139.50	0
139.83	0
141.33	0
142.49	0
143.05	0
145.65	0
81.78	1
93.39	0
96.56	0
97.35	0
98.91	0
100.26	0
102.95	0
112.94	0
46.79	1
105.43	0
110.37	0
110.91	0
111.42	0
111.66	0
113.55	0
118.96	0
62.51	1
72.93	1
74.01	0
74.50	1
75.27	1
76.73	0
78.89	0
81.81	0
107.92	0
131.01	0
148.94	0
152.91	0
167.55	0
172.57	0
179.56	0
186.24	0
159.87	0
160.67	0
164.30	0
166.12	0
166.99	0
168.28	0
174.38	0
176.12	0
255.83	0
258.22	0
260.36	0
260.49	0
260.95	0
265.06	0
265.33	0
268.12	0
181.62	0
196.55	0
198.04	0
202.28	0
205.10	0
206.31	0
208.01	0
208.05	0
396.10	0
405.22	0
408.10	0
408.59	0
410.12	0
410.35	0
410.60	0
412.93	0
121.99	1
174.47	1
236.23	0
239.09	0
242.19	0
242.75	0
248.86	0
269.71	0
26.76	1
32.05	1
54.03	1
77.65	1
86.43	1
103.36	1
107.31	1
111.32	1
12.60	1
12.62	1
17.38	1
22.91	1
26.68	1
26.90	1
27.25	1
28.56	1
21.49	1
23.82	1
24.99	1
27.38	1
30.75	1
36.78	1
43.75	1
60.63	1
28.32	1
42.35	0
54.94	1
55.83	1
57.84	0
64.28	0
65.61	0
69.52	0
145.65	0
166.07	0
169.25	0
171.42	0
172.35	0
174.80	0
184.06	0
187.81	0
95.10	1
110.23	1
120.26	1
124.35	0
128.41	1
131.09	0
133.13	1
135.97	1
21.09	1
23.88	1
28.50	1
30.72	1
30.83	1
31.36	1
37.46	1
39.93	1
143.24	0
146.65	0
147.89	0
149.93	0
150.90	0
153.41	0
153.61	0
154.15	0
166.85	0
167.59	0
170.60	0
172.56	0
175.15	0
181.54	0
186.65	0
188.16	0
354.94	0
358.71	0
359.54	0
365.76	0
368.99	0
370.02	0
370.53	0
371.10	0
266.29	0
269.52	0
276.09	0
276.42	0
280.61	0
286.90	0
287.53	0
290.29	0
62.37	1
67.48	0
69.33	0
70.07	0
70.15	0
70.56	0
70.65	1
72.70	1
77.68	1
137.99	1
155.80	1
169.29	0
171.80	1
181.97	1
184.35	0
185.79	0
77.20	1
160.77	0
188.92	0
196.12	0
201.31	0
210.92	0
212.84	0
213.39	0
130.96	1
234.02	0
242.73	0
305.31	0
306.69	0
308.17	0
310.57	0
310.61	0
103.01	1
184.03	0
205.68	1
226.53	0
259.33	0
259.43	0
261.17	0
261.22	0
51.23	1
56.59	1
70.04	1
74.23	1
78.80	1
96.23	1
101.90	1
111.07	1
11.36	1
13.45	1
18.04	1
23.32	1
23.41	1
23.98	1
25.84	1
26.06	1
19.10	1
20.05	1
20.45	1
21.24	1
28.82	1
36.90	1
47.73	1
57.18	1
28.22	1
30.17	1
30.36	1
31.67	1
37.47	1
45.43	1
59.37	1
67.06	1
2.63	1
3.71	1
3.81	1
4.18	1
4.20	1
4.21	1
4.57	1
4.90	1
105.55	1
177.13	0
177.21	0
177.33	0
179.06	0
187.88	0
189.98	0
191.27	1
94.13	0
135.41	1
183.43	0
187.12	0
205.74	0
208.64	0
208.67	0
213.33	0
86.12	1
86.83	1
150.70	0
199.90	0
202.13	0
203.79	0
206.36	0
206.84	0
121.36	0
132.75	0
133.46	0
136.92	0
141.85	0
143.23	0
143.61	0
144.22	0
56.86	1
107.08	0
134.58	0
153.59	0
185.65	0
200.25	0
200.76	0
207.76	0
83.52	0
97.87	1
100.97	0
109.73	0
113.39	0
114.06	0
122.77	0
130.23	0
139.15	1
165.30	1
190.32	0
200.04	0
200.48	0
203.39	0
206.91	0
215.59	0
20.89	1
79.91	1
85.60	1
87.24	1
90.15	0
90.56	0
92.36	0
92.62	1
13.32	1
128.17	0
131.09	0
135.60	0
136.64	0
138.77	0
142.81	0
145.14	0
58.31	0
68.96	0
134.08	0
151.82	0
166.79	0
189.69	0
191.02	0
191.67	0
143.35	1
153.49	0
172.28	0
173.28	0
173.29	0
175.26	0
175.99	0
178.53	0
107.59	1
119.73	0
186.43	0
290.34	0
293.22	0
293.67	0
294.47	0
298.59	0
20.39	1
25.25	1
27.72	1
28.04	1
29.69	1
31.56	1
31.85	1
42.18	1
1.75	1
1.93	1
1.97	1
2.16	1
2.40	1
2.50	1
3.25	1
3.73	1
198.44	0
216.94	1
236.78	0
239.19	0
248.62	0
250.47	0
251.39	0
253.68	0
92.08	1
145.52	1
153.00	0
209.90	0
295.14	0
334.51	0
349.54	0
358.23	0
57.69	0
84.02	1
86.38	1
87.24	1
91.90	1
92.87	1
103.59	0
108.26	0
110.18	0
149.82	0
152.05	0
152.50	0
160.49	0
160.83	0
161.79	0
167.45	0
455.70	0
458.30	0
459.48	0
459.53	0
460.42	0
469.85	0
471.40	0
475.32	0
323.64	1
334.99	1
336.06	0
336.48	0
340.79	0
379.93	0
418.96	0
428.96	0
89.05	1
115.73	1
120.27	1
236.69	1
257.77	0
274.78	0
275.81	0
277.89	0
43.07	1
45.09	1
50.73	1
52.50	1
53.91	1
61.04	1
65.49	1
75.26	1
9.43	1
11.49	1
16.97	1
17.42	1
18.75	1
18.83	1
18.99	1
20.08	1
72.36	1
155.29	0
155.99	0
157.32	0
158.66	0
161.84	0
161.89	0
162.21	0
88.00	0
127.07	0
135.24	0
147.14	0
162.15	0
165.05	0
168.97	0
171.49	0
57.54	0
92.63	0
133.05	1
154.48	0
175.59	1
199.68	0
204.92	0
205.80	0
121.96	0
122.84	0
135.05	0
135.53	0
138.00	0
138.64	0
140.28	0
141.08	0
44.82	1
262.79	0
265.30	0
267.89	0
271.84	0
273.17	0
274.44	0
275.25	0
21.28	1
377.01	0
408.05	0
408.22	0
412.49	0
412.96	0
414.19	0
414.99	0
17.18	1
244.00	0
246.54	0
248.65	0
250.02	0
250.56	0
251.90	0
253.84	0
22.07	1
23.76	1
30.34	1
33.75	1
33.96	1
34.31	1
36.29	1
42.32	1
1.11	1
2.34	1
2.52	1
2.79	1
2.92	1
3.08	1
3.23	1
3.39	1
174.96	0
216.32	0
221.00	0
222.70	0
224.61	0
241.01	0
242.63	0
243.23	0
167.70	0
168.11	0
170.53	0
171.18	0
171.65	0
172.05	0
172.30	0
173.04	0
77.83	1
78.63	1
82.70	1
94.10	1
97.07	1
105.96	1
118.21	0
126.27	0
126.10	1
132.60	1
135.86	1
138.75	1
152.84	1
154.67	0
159.95	0
159.97	1
117.44	0
161.17	0
168.12	0
168.97	0
172.62	0
173.44	0
175.34	0
178.90	0
162.94	0
186.52	1
187.82	1
195.36	0
198.86	0
209.80	0
216.19	0
224.75	0
180.44	0
184.70	0
184.72	0
187.82	0
188.19	0
190.38	0
208.39	1
220.02	1
112.16	1
112.79	1
140.59	0
180.39	0
183.24	0
212.27	0
232.01	0
233.45	0
43.41	1
74.12	0
140.20	0
142.09	0
145.81	0
148.54	0
153.66	0
153.75	0
43.81	0
50.70	0
111.77	0
141.76	0
162.44	0
172.07	0
175.75	0
179.31	0
90.34	0
101.82	0
172.84	0
179.56	0
189.68	0
203.43	0
204.55	0
211.33	0
606.85	0
620.12	0
623.68	0
626.13	0
629.55	0
633.19	0
633.61	0
634.15	0
721.81	0
724.81	0
725.64	0
726.28	0
726.32	0
727.05	0
728.02	0
730.26	0
210.22	0
216.37	0
224.01	0
235.57	0
248.86	0
259.57	0
261.46	0
264.96	0
513.05	0
513.42	0
515.20	0
518.88	0
521.12	0
522.90	0
524.83	0
527.83	0
216.36	0
217.85	0
217.93	0
218.00	0
237.36	0
242.54	0
251.75	0
253.78	1
161.57	0
175.86	0
178.75	0
195.37	0
205.89	0
211.62	0
212.49	0
213.18	0
535.20	0
540.38	0
542.67	0
545.26	0
546.47	0
546.90	0
547.39	0
547.60	0
411.55	0
415.74	0
417.07	0
418.72	0
418.83	0
422.68	0
422.93	0
423.83	0
933.61	0
950.14	0
951.33	0
952.26	0
955.10	0
956.17	0
957.80	0
958.83	0
385.59	0
388.77	0
393.50	0
394.26	0
396.14	0
396.55	0
397.20	0
397.37	0
247.04	0
291.01	0
303.54	0
307.25	0
308.30	0
310.82	0
312.90	0
317.91	1
276.97	0
307.29	0
315.43	0
316.02	0
318.08	0
322.66	0
327.17	0
327.39	0
279.04	0
282.57	0
285.37	0
286.91	0
289.07	0
289.57	0
296.94	0
297.03	0
643.69	0
698.77	0
705.47	0
705.57	0
708.94	0
724.60	0
724.60	0
724.66	0
231.11	0
245.12	0
257.84	0
264.46	0
265.00	0
266.98	0
267.13	0
267.25	0
318.34	0
336.61	0
340.35	0
342.56	0
348.86	0
350.29	0
353.26	0
358.86	0
322.50	0
323.81	0
328.05	0
329.50	0
330.90	0
332.46	0
332.78	0
333.93	0
214.82	0
228.87	0
234.15	0
241.31	0
244.62	1
245.07	0
248.14	0
249.36	0
276.09	0
299.07	0
300.53	0
306.94	0
314.26	0
319.59	0
320.52	0
322.40	0
241.53	0
250.97	0
251.23	0
254.82	0
255.00	0
257.58	0
257.78	0
259.95	0
380.52	0
382.67	0
384.99	0
385.17	1
386.09	0
387.29	1
387.56	1
389.86	1
124.77	1
131.36	1
132.18	1
135.07	1
135.60	1
135.62	1
135.77	1
136.27	1
101.28	0
150.91	0
161.21	0
163.37	0
164.41	0
167.22	0
173.93	0
174.44	0
242.91	0
244.67	0
249.16	0
251.66	0
257.95	0
259.43	0
262.32	0
265.50	0
295.87	0
301.11	0
301.90	0
303.72	0
304.81	0
305.75	0
307.12	0
307.95	0
208.26	0
208.35	0
214.49	0
216.88	0
217.70	0
222.69	0
223.71	0
228.11	0
262.62	1
267.94	0
268.66	1
268.66	1
273.35	1
274.26	1
274.42	1
274.74	1
214.78	0
231.08	0
234.23	0
240.03	0
244.37	0
247.47	0
249.94	0
250.67	0
291.44	0
298.53	0
311.53	0
327.21	0
329.90	0
332.28	0
333.36	0
335.24	0
279.50	0
282.53	0
285.51	0
286.10	0
292.25	0
302.70	0
304.20	0
305.44	0
250.72	0
256.60	0
268.23	0
269.45	0
272.05	0
275.68	0
277.47	0
277.49	0
241.57	0
245.09	0
254.58	0
255.82	0
256.59	0
261.18	0
261.67	0
263.05	0
235.44	0
249.43	0
254.85	0
260.38	0
261.76	0
265.19	0
265.20	0
265.69	0
274.06	0
288.69	0
290.01	0
291.61	0
292.75	0
295.80	0
296.20	0
296.75	0
231.80	0
232.32	0
233.37	0
235.07	0
235.76	0
242.65	0
244.04	0
244.85	0
133.02	0
137.03	0
140.21	0
140.85	0
142.01	0
143.44	0
146.15	0
148.46	0
230.62	1
235.31	1
236.90	1
239.58	0
240.67	1
242.76	1
244.97	1
247.74	1
245.70	0
247.19	0
250.31	0
255.59	0
261.81	0
264.67	0
265.30	0
267.72	0
241.65	0
243.04	0
243.32	0
245.04	0
249.16	0
250.16	0
250.99	0
255.22	0
257.61	0
269.63	0
280.66	0
283.56	0
283.82	0
284.24	0
286.73	0
287.39	0
254.09	0
259.97	0
271.11	0
274.95	0
276.66	0
279.10	0
279.83	0
280.03	0
244.35	0
257.53	0
273.31	0
274.23	0
275.48	0
277.98	0
279.01	0
279.03	0
445.40	0
488.21	0
551.08	0
555.29	0
558.00	0
559.96	0
560.36	0
560.47	0
231.96	0
235.68	0
237.17	0
238.30	0
239.61	0
240.12	0
242.66	0
243.71	0
361.37	0
362.55	0
370.28	0
370.93	0
371.76	0
372.33	0
374.01	0
374.34	0
332.18	0
345.35	0
346.84	0
347.67	0
348.33	0
349.09	0
351.46	0
352.74	0
402.54	0
405.84	0
407.29	0
408.01	0
410.90	0
413.01	0
413.92	0
414.28	0
340.59	0
353.04	0
353.51	0
354.15	0
359.07	0
359.74	0
361.27	0
361.30	0
504.14	0
506.04	0
506.54	0
507.26	0
509.41	0
510.56	0
511.64	0
511.71	0
423.78	0
427.35	0
432.03	0
432.89	0
436.47	0
436.91	0
437.08	0
440.02	0
929.71	0
936.17	0
947.26	0
965.40	0
967.01	0
971.31	0
972.16	0
972.59	0
601.84	0
615.74	0
618.34	0
620.44	0
623.03	0
623.94	0
624.40	0
626.38	0
1010.41	0
1016.93	0
1026.03	0
1029.37	0
1032.63	0
1034.15	0
1034.21	0
1038.14	0
200.76	0
202.09	0
207.41	0
208.74	0
211.53	0
224.76	0
224.81	0
225.41	0
83.25	1
87.89	0
88.38	0
89.42	0
89.49	0
91.82	0
94.15	0
94.17	0
44.66	1
61.74	1
66.08	0
66.48	0
69.03	0
70.83	0
73.72	1
78.84	0
68.51	1
86.28	1
88.05	0
88.50	0
91.33	0
92.55	0
100.05	0
100.06	1
397.05	0
402.12	0
402.23	0
405.16	0
407.42	0
407.73	0
409.24	0
412.66	0
292.62	0
330.91	0
332.15	0
332.29	0
332.71	0
335.44	0
335.71	0
338.73	0
493.24	0
494.75	0
496.23	0
496.45	0
498.75	0
498.99	0
501.61	0
502.23	1
467.65	0
469.35	0
470.14	0
476.08	0
477.05	0
477.23	0
479.78	0
481.00	0
578.82	0
578.85	0
579.30	0
579.85	0
580.13	0
580.70	0
580.92	0
581.41	0
433.23	0
433.88	0
435.45	0
436.60	0
444.28	0
444.34	0
444.81	0
445.73	0
891.35	0
900.26	0
918.98	0
920.10	0
920.84	0
921.20	0
923.67	0
924.54	0
720.51	0
725.91	0
731.11	0
731.65	0
732.11	0
736.65	0
738.55	0
739.61	0
879.70	0
884.51	0
887.17	0
889.18	0
889.90	0
890.38	0
890.42	0
890.43	0
206.34	0
217.21	0
221.05	0
223.94	0
227.51	0
233.16	0
235.66	0
242.08	0
375.16	0
378.58	0
380.96	0
385.85	0
390.41	0
391.04	0
392.37	0
393.78	0
488.59	0
618.71	1
668.39	0
679.39	0
680.40	0
682.67	0
683.00	0
686.69	0
344.30	1
415.41	0
420.40	0
423.68	0
427.33	0
427.48	0
427.83	0
428.86	0
247.77	0
257.23	0
268.69	0
287.75	0
290.32	0
290.50	0
300.82	0
301.51	0
195.96	0
199.39	0
205.69	0
212.30	0
222.11	0
225.38	0
232.23	0
232.42	0
648.81	0
666.95	0
675.05	0
676.12	0
678.55	0
679.55	0
680.12	0
680.33	0
309.63	0
312.18	0
329.23	0
329.43	0
335.05	0
336.06	0
338.30	0
338.32	0
346.69	0
351.57	0
355.61	0
356.32	0
360.30	0
373.21	0
373.66	0
375.16	0
105.61	1
108.43	0
111.64	0
114.96	0
120.66	1
123.07	0
125.16	1
125.33	0
308.09	0
313.24	0
314.68	0
316.00	0
318.26	0
319.15	0
319.36	0
319.72	0
330.67	0
333.70	0
334.11	0
338.64	0
339.82	0
342.97	0
344.80	0
346.11	0
295.77	0
297.26	0
302.71	0
303.72	0
310.99	0
314.65	0
315.53	0
318.50	0
328.89	1
358.10	0
385.44	0
386.57	0
388.51	0
394.62	0
401.06	0
401.90	0
175.25	0
178.76	0
179.28	0
183.78	0
187.24	0
187.51	0
189.28	0
189.68	0
394.95	0
400.12	0
403.75	0
403.98	0
405.09	0
405.09	0
406.97	0
410.61	0
262.91	0
266.44	0
268.81	0
270.12	0
278.64	0
283.07	0
287.12	0
287.12	0
168.06	0
171.10	0
171.61	0
173.66	0
175.75	0
176.32	0
177.27	0
180.49	0
340.70	0
368.41	0
415.86	0
416.30	0
416.71	0
421.52	0
423.79	0
426.13	0
216.15	0
222.61	0
223.61	0
223.89	0
229.40	0
230.06	0
234.64	0
236.11	0
324.66	0
359.15	0
361.60	0
362.41	0
363.45	0
363.65	0
364.40	0
364.97	0
105.10	0
105.99	0
117.66	0
121.12	0
122.38	0
122.58	0
124.99	0
125.30	0
82.82	0
87.17	0
90.18	0
90.56	0
91.27	0
96.38	0
96.62	0
96.65	0
228.68	0
229.75	0
230.86	0
232.46	0
234.65	0
234.72	0
235.26	0
237.74	0
344.86	0
360.68	0
365.10	0
366.22	0
371.80	0
374.76	0
376.76	0
376.80	0
496.47	1
591.28	0
604.34	0
608.33	0
608.48	0
610.23	0
612.54	0
615.43	0
143.58	1
240.41	0
240.74	0
245.50	0
247.53	0
250.09	0
252.36	0
253.30	0
269.28	0
270.38	0
271.88	0
273.56	0
275.49	0
275.85	0
276.65	0
277.40	0
350.94	0
351.24	0
352.68	0
353.59	0
358.71	0
359.92	0
362.92	0
364.00	0
154.59	0
157.28	0
164.32	0
164.63	0
164.97	0
165.05	0
168.10	0
168.65	0
423.74	0
432.10	0
448.43	1
453.55	0
454.84	0
457.29	0
458.54	0
460.44	0
340.87	0
345.04	0
349.31	0
351.95	0
352.87	0
352.87	0
353.05	0
353.08	0
266.19	0
269.26	0
270.19	0
280.30	0
281.73	0
284.02	0
284.73	0
287.40	0
293.97	0
294.80	0
297.92	0
299.01	0
299.38	0
299.47	0
302.70	0
303.15	0
328.23	0
334.39	0
335.77	0
337.12	0
338.61	0
339.38	0
341.04	0
344.42	0
383.22	0
387.82	0
390.22	0
391.57	0
391.94	0
392.74	0
395.61	0
399.02	0
240.26	0
243.80	0
277.04	0
277.95	0
279.49	0
283.65	0
283.88	0
283.99	0
379.89	0
404.96	0
406.59	0
408.99	0
409.73	0
410.21	0
411.63	0
412.57	0
417.74	0
435.83	0
484.70	0
486.15	1
497.20	0
506.62	0
508.74	0
514.36	0
324.12	1
541.60	0
709.88	0
716.54	0
726.22	0
728.07	0
729.28	0
730.36	0
428.61	1
564.36	0
587.13	0
588.53	0
592.53	0
594.94	0
603.04	0
613.21	0
267.89	1
365.43	0
379.62	1
438.99	0
443.07	0
444.97	0
447.04	0
456.44	0
49.93	1
98.54	1
103.84	1
194.57	0
198.19	0
198.91	0
199.08	0
200.18	0
103.79	1
108.90	1
113.21	1
118.81	1
119.09	1
119.98	1
123.71	1
126.36	1
9.69	0
9.81	0
9.84	0
9.95	0
10.12	0
10.21	0
10.28	0
10.32	0
371.30	0
380.72	1
382.43	0
386.23	0
386.35	0
391.69	0
393.75	0
393.96	0
244.94	0
245.41	0
253.74	0
257.01	0
259.76	0
261.04	0
261.31	0
261.64	0
279.26	0
282.40	0
283.02	0
285.10	0
285.64	0
286.61	0
288.46	0
289.51	0
267.87	0
291.83	0
298.84	0
298.91	0
305.43	0
312.00	0
315.05	0
316.32	0
108.08	1
116.43	0
120.32	0
127.67	0
130.29	0
132.17	0
135.93	0
137.49	0
252.18	0
287.62	0
289.46	0
292.72	0
299.31	0
301.48	0
304.88	0
305.20	0
274.54	0
277.29	0
278.24	0
278.57	0
279.65	0
280.25	0
281.77	0
284.18	0
249.13	0
250.40	0
250.65	0
250.94	0
255.84	0
258.26	0
262.73	0
263.42	0
134.56	0
135.53	0
136.05	0
138.45	0
138.89	0
140.13	0
148.81	0
150.23	0
384.46	0
394.69	0
399.55	0
402.11	0
402.79	0
404.42	0
406.87	0
408.01	0
177.50	0
191.03	0
191.25	0
191.76	0
192.59	0
192.76	0
193.22	0
193.76	0
350.14	0
352.36	0
353.15	0
354.13	0
358.65	0
359.81	0
360.44	0
360.79	0
152.30	0
153.47	0
153.75	0
156.75	0
160.21	0
164.66	0
165.33	0
174.96	0
145.38	0
152.85	0
155.80	0
156.26	0
156.82	0
157.20	0
160.65	0
164.26	0
144.97	0
146.94	0
147.88	0
151.41	0
153.90	0
154.02	0
155.51	0
160.21	0
127.50	0
131.17	0
132.95	0
134.15	0
135.44	0
135.52	0
138.78	0
142.50	0
112.60	0
117.40	0
120.37	0
120.46	0
121.09	0
128.57	0
129.15	0
129.44	0
81.86	0
97.85	0
98.22	0
100.41	0
100.64	0
100.73	0
101.95	0
102.36	0
90.42	0
90.90	0
91.10	0
92.03	0
92.76	0
98.24	0
101.58	0
104.86	0
98.69	0
112.40	0
114.22	0
114.87	0
115.03	0
115.56	0
119.49	0
119.96	0
44.50	1
45.94	1
49.22	1
51.73	1
53.50	1
53.76	1
61.55	1
63.78	1
92.18	0
94.59	0
101.94	0
104.32	0
104.87	0
107.06	0
108.01	0
111.81	0
237.53	0
247.30	0
248.48	0
248.95	0
249.66	0
256.80	0
256.98	0
257.06	0
229.92	0
237.39	0
240.62	0
241.62	0
243.37	0
243.81	0
245.12	0
245.16	0
376.60	0
376.80	0
382.13	0
383.35	0
383.73	0
383.79	0
383.88	0
385.96	0
366.67	0
376.00	0
376.45	0
378.52	0
378.63	0
378.69	0
379.37	0
379.41	0
119.79	0
124.42	0
125.83	1
126.85	0
127.33	0
133.65	0
138.09	1
138.88	0
204.77	0
208.37	0
222.98	0
224.92	0
237.76	0
250.88	0
257.78	0
268.15	0
249.95	0
250.75	0
255.17	0
262.69	0
264.21	0
265.78	0
267.44	0
272.41	0
249.69	1
262.35	0
272.50	0
287.09	0
298.45	0
306.45	0
311.94	0
321.59	0
170.98	0
182.65	0
189.25	1
203.75	1
211.37	1
216.30	0
217.06	0
223.16	0
80.87	1
89.16	0
92.46	1
187.52	0
221.05	0
224.68	0
225.25	0
228.22	0
35.13	1
39.94	1
74.61	1
259.23	0
261.66	0
264.97	0
266.75	0
267.52	0
86.33	1
88.85	1
88.92	1
392.99	0
395.88	0
398.11	0
399.69	0
399.94	0
213.58	0
247.63	0
272.26	0
308.09	0
312.73	0
314.66	0
317.02	1
321.42	0
271.86	0
274.86	0
280.06	0
282.26	0
299.93	0
300.67	0
304.98	0
306.34	0
81.50	1
81.56	1
82.86	1
83.21	1
83.74	1
87.81	1
92.05	1
92.53	1
8.84	1
9.06	1
9.25	1
9.28	1
9.37	1
9.42	1
9.76	1
10.32	1
51.58	0
68.73	1
88.24	1
109.48	0
145.33	0
148.22	0
153.49	0
153.94	0
204.60	0
223.89	0
247.41	0
253.12	0
256.05	0
262.91	0
270.31	0
272.94	0
166.52	0
175.77	0
181.00	0
184.35	0
190.12	0
191.59	0
195.62	0
197.75	0
60.34	1
64.95	1
73.23	1
74.32	1
88.40	1
96.22	1
124.94	1
127.32	1
2.96	1
2.99	1
5.64	1
5.68	1
6.37	1
6.43	1
7.53	1
8.72	1
12.10	1
12.20	1
13.53	1
15.73	1
17.61	1
17.82	1
18.11	1
18.35	1
209.69	0
218.13	0
221.40	0
223.47	0
223.87	0
224.15	0
224.32	0
224.33	0
113.35	0
117.15	0
119.97	0
120.44	0
128.26	0
128.33	0
136.68	0
137.66	0
113.97	1
125.11	1
125.63	1
129.30	1
133.65	0
143.03	1
145.39	1
145.64	0
126.50	1
129.48	1
197.41	0
204.91	0
219.73	1
242.29	0
248.20	0
248.82	0
58.97	1
66.60	1
66.78	1
70.84	1
81.26	0
84.15	0
89.20	0
93.30	0
1.43	1
2.18	1
2.40	1
2.72	1
3.79	1
5.33	1
5.45	1
5.72	1
79.39	1
141.31	0
154.03	0
161.08	0
162.69	0
171.10	0
175.20	0
184.64	0
56.66	1
95.10	1
108.07	1
145.88	1
151.19	0
161.95	0
163.29	0
189.55	0
131.95	0
163.75	0
175.48	0
180.12	0
183.70	0
196.47	0
199.27	0
200.27	0
91.30	0
102.30	1
104.82	0
123.08	0
130.68	0
136.10	0
140.33	0
141.67	0
83.21	1
100.20	1
123.26	1
126.04	1
131.31	1
132.45	1
139.39	1
140.78	0
8.55	1
8.90	1
9.66	1
11.28	1
12.29	1
12.57	1
12.73	1
12.94	1
16.32	1
18.38	1
19.13	1
23.24	1
24.52	1
24.95	1
26.28	1
27.20	1
190.38	0
203.56	0
211.12	0
215.04	0
217.10	0
224.58	0
227.85	0
234.21	0
127.08	0
132.06	0
135.84	1
142.19	0
147.98	0
148.55	0
149.67	0
152.97	0
17.35	1
92.53	0
109.48	0
112.21	0
112.66	0
113.61	0
114.50	0
114.87	0
20.67	1
77.95	0
79.81	0
79.88	0
90.14	0
90.31	0
91.48	0
92.21	0
27.04	1
99.10	0
101.45	0
102.54	0
104.25	0
107.22	0
109.02	0
109.10	0
18.94	1
94.20	0
106.29	0
107.70	0
108.05	0
108.31	0
108.93	0
110.86	0
156.62	0
169.67	0
175.06	0
176.58	0
180.72	0
184.95	0
189.07	0
189.73	0
184.89	0
199.26	0
201.51	1
206.40	0
206.78	0
207.05	1
211.33	1
213.80	0
171.93	1
199.09	0
203.86	0
220.29	0
227.88	0
229.46	0
230.69	0
231.81	0
167.46	0
180.72	0
193.58	0
195.40	0
199.99	0
201.01	0
201.18	0
201.63	0
42.36	1
58.28	0
62.30	1
68.81	1
83.72	0
86.60	1
91.64	0
97.35	1
103.95	1
104.42	0
104.44	1
107.97	1
110.45	1
122.26	1
123.86	1
123.92	1
12.20	1
16.54	1
17.29	1
18.45	1
19.04	1
21.83	1
21.94	1
22.43	1
94.30	1
176.19	0
178.77	0
179.48	0
197.82	0
198.49	0
203.70	0
206.60	0
4.39	1
82.88	1
94.82	0
97.14	0
98.22	0
98.31	0
100.53	0
100.73	0
3.74	1
48.59	1
105.87	0
107.99	0
110.23	0
110.85	0
111.67	0
112.25	0
96.95	1
111.63	0
113.63	0
118.83	1
122.43	0
137.02	1
138.38	1
138.74	0
151.06	0
187.73	1
189.78	0
192.17	0
196.72	0
204.86	0
207.97	0
209.95	0
148.24	0
159.75	0
175.73	0
176.16	0
177.91	0
178.64	0
179.78	0
182.37	0
221.06	0
223.64	0
224.11	0
229.49	0
236.92	0
241.01	0
244.22	0
244.31	0
62.28	1
63.29	1
63.38	1
77.78	0
77.93	1
80.15	1
96.59	1
98.13	0
209.02	0
221.81	0
224.07	0
248.26	0
248.55	0
249.75	0
249.84	0
250.49	0
97.27	1
112.23	1
116.76	0
137.31	1
138.07	0
158.43	0
164.73	0
168.63	0
23.19	1
28.37	1
34.81	0
91.20	1
128.99	0
169.21	0
169.30	0
170.02	0
12.47	1
14.40	1
37.82	1
58.72	1
218.47	0
236.05	0
237.81	0
238.71	0
13.10	1
18.41	1
26.69	1
83.04	1
300.77	0
302.96	0
308.22	0
309.14	0
132.71	0
182.55	0
201.09	0
202.01	0
226.46	0
229.13	0
229.60	0
230.94	0
120.50	0
149.18	0
151.39	0
151.59	0
153.36	0
154.73	0
154.76	0
155.31	0
123.00	1
141.14	1
143.65	1
150.69	1
152.60	1
152.64	1
160.58	1
165.07	1
106.16	0
108.52	0
138.99	0
139.48	0
144.04	0
145.23	0
146.63	0
146.91	0
76.91	0
80.12	0
81.96	0
82.99	1
93.99	0
94.43	0
99.26	1
103.97	0
163.98	0
165.62	0
176.15	0
177.05	0
178.32	0
180.33	0
181.05	0
181.34	0
216.17	0
217.08	0
217.54	0
220.69	0
221.76	0
221.93	0
222.96	0
223.07	0
213.49	0
217.84	0
218.38	0
220.02	0
223.48	0
223.61	0
226.81	0
227.20	0
206.24	0
208.00	0
210.01	0
214.63	0
215.15	0
215.41	0
215.55	0
218.07	0
64.32	1
67.12	1
68.51	1
68.61	1
70.66	1
71.70	1
71.95	1
78.21	1
2.61	1
3.94	1
3.99	1
3.99	1
4.32	1
4.35	1
4.44	1
4.48	1
118.68	0
124.72	0
126.83	0
133.18	0
138.96	0
142.92	0
158.50	0
189.99	0
38.20	1
175.06	0
176.26	0
185.26	0
185.44	0
186.61	0
186.90	0
187.71	0
16.32	1
83.85	0
84.17	0
86.04	0
89.72	0
90.08	0
91.05	0
91.43	0
53.65	1
180.73	0
184.56	0
188.78	0
194.97	0
197.91	0
198.00	0
200.88	0
26.59	1
119.96	0
149.09	0
160.47	0
183.47	0
184.99	0
189.85	0
196.95	0
26.17	0
172.09	0
305.26	0
326.61	0
357.80	0
361.47	0
363.79	0
374.14	0
55.51	1
166.25	0
224.55	0
260.84	0
261.60	1
266.62	1
276.17	1
282.97	0
50.89	1
121.88	1
178.29	0
204.94	0
212.30	0
219.80	0
225.57	0
227.52	0
31.37	1
45.93	1
70.34	1
83.70	1
179.96	0
181.34	0
182.61	0
186.25	0
87.37	0
93.48	0
99.83	0
109.38	1
110.84	0
111.44	0
112.05	1
117.96	1
52.87	1
61.00	1
61.34	1
81.68	1
86.88	1
87.12	1
87.37	0
100.07	1
5.86	1
6.41	1
7.78	1
8.57	1
9.31	1
9.38	1
9.93	1
10.69	1
11.11	1
14.33	1
14.57	1
15.10	1
16.87	1
17.14	1
17.85	1
18.16	1
188.88	0
234.17	0
250.18	0
253.75	0
257.98	0
264.51	1
264.55	0
267.99	0
238.63	0
271.64	0
272.59	0
277.32	0
278.70	0
280.52	0
283.87	0
283.96	0
46.61	1
152.98	0
161.39	1
168.04	0
168.60	0
171.64	0
173.18	0
173.70	0
3.21	1
16.10	1
95.22	0
111.75	0
111.98	0
112.26	0
112.65	0
114.78	0
4.61	1
18.79	1
76.49	0
83.62	0
84.16	0
84.37	0
86.08	0
91.95	0
3.26	1
25.66	1
85.84	0
97.65	0
100.23	0
101.74	0
103.23	0
104.94	0
4.09	1
17.48	1
97.80	0
111.57	0
112.05	0
115.80	0
116.05	0
116.06	0
45.04	1
149.99	0
168.06	0
169.24	0
170.83	0
172.55	0
172.96	0
173.40	0
24.35	1
151.33	0
171.24	0
174.30	1
175.72	0
175.93	0
179.35	1
183.14	0
25.70	1
130.16	0
171.57	1
177.74	0
182.43	0
196.94	0
208.56	0
218.71	0
23.95	1
145.93	0
172.49	0
178.06	0
179.19	0
179.50	0
190.02	0
191.24	0
10.74	1
53.28	1
67.71	0
69.34	1
83.67	1
90.06	1
90.42	0
95.02	0
40.50	1
58.33	1
92.52	1
93.04	1
100.31	1
100.99	0
107.72	1
109.08	1
9.01	1
15.10	1
16.22	1
16.65	1
17.54	1
20.81	1
21.63	1
22.52	1
153.17	1
189.55	0
195.95	0
207.09	0
212.59	0
214.61	0
222.70	0
232.77	0
8.96	1
169.22	0
169.58	0
172.25	0
173.67	0
178.80	0
180.38	0
182.57	0
41.89	1
311.97	0
328.84	1
338.70	0
348.50	0
358.94	0
361.18	0
371.44	0
18.52	1
178.25	0
251.41	0
252.51	0
252.66	0
257.13	0
260.58	0
263.90	0
29.61	1
32.08	1
33.73	1
37.01	1
37.04	1
40.01	1
42.17	1
49.49	1
1.76	1
1.88	1
1.92	1
2.09	1
2.27	1
2.28	1
2.63	1
2.89	1
25.29	1
55.04	0
76.73	1
84.81	1
110.17	0
150.34	0
154.77	0
154.93	0
132.18	1
145.01	1
174.15	1
178.88	0
192.85	1
199.94	0
200.39	1
205.90	1
115.40	0
126.57	0
128.34	0
148.21	0
148.57	0
155.27	1
159.37	0
159.57	0
205.73	0
206.95	1
210.35	0
210.75	0
211.09	0
213.36	0
216.68	0
216.90	0
152.62	0
165.41	0
178.65	0
179.07	0
182.34	0
182.59	0
186.16	0
188.35	0
28.85	1
29.36	1
63.24	0
68.42	0
71.95	0
76.05	0
80.65	0
81.03	0
56.12	1
67.59	1
69.61	1
76.10	1
80.62	1
81.52	1
81.91	1
84.91	1
3.36	1
3.64	1
4.81	1
8.85	1
9.56	1
10.87	1
11.04	1
11.23	1
10.04	1
11.62	1
12.46	1
16.23	1
17.40	1
18.82	1
19.03	1
20.76	1
36.35	1
48.82	1
52.56	1
66.07	1
74.94	0
75.38	1
81.68	0
83.93	0
1.26	1
1.35	1
1.53	1
2.12	1
2.35	1
5.05	1
6.40	1
6.69	1
134.03	0
155.08	0
162.63	0
165.12	0
165.65	0
169.74	1
171.63	0
173.55	0
167.03	0
171.19	0
174.01	0
176.40	0
177.28	0
177.63	0
178.12	0
181.06	0
200.59	0
200.89	0
202.53	0
204.91	0
206.22	0
206.52	0
207.87	0
208.25	0
253.47	0
266.70	0
269.12	0
272.06	0
273.81	0
278.82	0
279.72	0
280.12	0
240.92	0
245.08	0
245.31	0
246.37	0
246.77	0
252.18	0
252.18	0
252.42	0
147.57	0
184.82	0
184.84	0
189.83	0
192.46	0
192.88	0
194.20	0
195.62	0
248.46	0
260.62	0
260.71	0
290.39	0
292.00	0
294.51	0
296.42	0
302.98	0
88.04	1
92.95	1
92.99	1
113.11	1
114.17	1
125.06	1
131.65	1
133.19	1
6.97	1
7.12	1
7.17	1
7.19	1
8.74	1
8.77	1
9.02	1
9.22	1
26.11	1
27.52	1
27.60	1
28.59	1
29.14	1
30.71	1
38.51	1
39.07	1
121.05	1
128.84	0
138.18	1
142.34	0
148.57	0
149.98	0
152.22	0
154.07	0
237.19	0
242.00	0
242.14	0
243.68	0
243.79	0
243.91	0
244.29	0
246.11	0
96.05	1
103.48	0
105.63	0
115.53	1
116.41	0
121.74	0
121.77	0
121.78	0
156.38	0
165.35	0
166.33	0
167.07	0
168.15	0
169.75	0
173.02	0
173.90	0
116.91	0
118.94	0
119.54	0
120.94	0
121.85	0
123.51	0
123.79	0
125.98	0
99.86	1
118.75	0
130.68	0
132.18	0
132.87	0
140.50	1
142.24	0
148.49	0
94.43	0
95.11	0
95.21	0
95.35	0
98.50	0
100.59	0
101.34	0
105.71	0
126.12	1
144.19	1
157.45	0
168.87	1
192.07	0
195.24	0
200.41	0
202.88	0
165.99	0
166.40	0
172.18	0
176.14	0
180.81	0
182.81	0
185.94	0
187.31	0
170.91	0
174.87	0
177.54	0
178.95	0
184.17	0
187.26	0
188.42	0
189.06	0
142.48	1
155.10	1
159.50	1
167.49	1
169.96	1
172.97	1
178.68	1
178.98	1
116.00	0
117.32	0
122.74	0
123.45	0
132.79	0
136.30	0
141.49	0
142.03	0
216.13	0
225.20	0
229.41	0
229.43	0
229.54	0
231.07	0
231.85	0
236.60	0
93.84	1
115.06	0
117.35	0
120.77	0
136.60	0
136.84	0
137.82	0
139.96	0
116.73	1
160.57	0
183.08	0
183.88	0
184.36	0
188.28	0
190.07	0
191.18	0
198.81	0
245.27	0
248.46	0
251.35	0
257.86	0
260.25	0
260.27	0
260.55	0
294.38	0
306.79	0
309.96	0
310.40	0
313.76	0
314.36	0
314.84	0
315.93	0
107.95	0
114.04	0
116.27	0
118.61	0
119.30	1
124.18	0
127.81	0
130.20	0
41.01	1
41.27	1
63.01	0
63.59	0
66.87	1
72.83	0
74.48	0
74.95	0
205.72	1
237.64	0
242.21	0
250.98	0
256.55	0
259.89	0
260.51	0
263.46	0
171.09	1
195.92	0
213.75	0
219.49	1
220.87	0
234.78	1
234.82	0
250.58	1
119.50	1
148.95	0
157.94	1
171.05	1
200.58	1
262.33	0
272.86	0
281.25	0
43.41	1
52.32	1
56.58	1
62.15	1
73.99	1
278.52	0
279.94	0
286.99	0
51.61	1
56.85	1
73.26	1
78.52	1
111.17	1
383.13	0
386.82	0
387.81	0
152.42	1
165.77	1
171.15	1
171.54	1
177.28	1
179.65	1
180.56	0
182.32	1
39.00	0
52.97	1
60.95	0
61.68	1
64.07	1
70.39	0
72.37	0
74.74	0
311.17	1
319.95	1
323.53	0
329.99	0
331.39	0
335.32	0
335.51	1
338.25	0
89.29	1
124.38	0
148.80	1
200.09	0
240.24	0
336.54	0
343.32	0
343.32	0
303.13	0
304.85	0
306.27	0
308.10	0
308.27	0
314.25	0
314.42	0
314.73	0
242.60	0
247.57	0
255.50	0
258.94	0
260.10	0
260.36	0
261.49	0
262.38	0
281.81	0
287.36	0
288.82	0
289.96	0
291.04	0
292.48	0
293.17	0
293.53	0
30.62	1
50.59	1
68.30	1
71.59	1
73.11	0
74.63	0
76.99	1
77.03	0
227.83	0
236.43	0
239.79	0
240.10	0
241.13	0
241.81	0
242.79	0
245.16	0
297.53	0
299.08	0
299.30	0
300.04	0
303.53	0
306.63	0
306.99	0
311.88	0
27.59	0
53.07	1
62.60	0
63.61	1
64.80	0
65.97	0
67.58	0
68.21	0
229.93	0
232.14	0
232.93	0
233.74	0
233.82	0
234.41	0
234.50	0
237.71	0
270.37	0
270.92	0
272.59	0
276.78	0
276.83	0
276.84	0
278.64	0
279.49	0
37.00	0
57.84	1
62.32	0
65.88	0
66.08	0
70.10	0
70.22	1
71.96	1
227.71	0
231.01	0
233.57	0
236.21	0
237.21	0
237.38	0
237.42	0
241.55	0
268.91	0
268.99	0
272.88	0
280.09	0
280.90	0
281.79	0
282.94	0
285.47	0
34.70	1
35.71	1
41.58	1
41.71	1
43.55	1
44.52	1
44.91	1
56.15	1
21.76	1
24.97	1
25.21	1
27.15	1
27.68	1
28.67	1
28.67	1
37.62	1
2.45	1
2.85	1
2.89	1
2.99	1
3.01	1
3.06	1
3.17	1
3.49	1
204.41	1
263.22	0
263.93	0
264.87	0
266.86	0
270.82	0
275.55	0
285.69	0
126.32	1
138.31	0
155.69	1
159.67	0
163.26	1
169.09	0
178.80	0
182.36	0
159.18	0
160.56	0
163.21	0
166.02	0
167.93	0
169.79	0
172.63	0
175.30	0
219.49	0
219.78	0
221.46	0
224.15	0
226.82	0
230.57	0
233.84	0
234.05	0
37.83	1
61.72	1
183.79	0
188.79	0
192.32	0
198.36	0
200.29	0
201.69	0
13.41	1
22.21	1
128.51	0
152.83	0
166.11	0
170.29	0
178.83	0
187.15	0
14.21	0
17.43	1
176.70	0
181.02	0
296.11	1
335.16	0
357.13	0
357.78	0
25.97	1
77.59	1
189.01	0
196.09	0
363.97	0
370.67	0
380.27	0
395.88	1
21.13	1
41.56	1
122.95	1
158.10	0
161.47	0
193.53	0
205.17	0
205.76	0
5.32	1
31.58	1
48.08	1
70.02	1
78.46	1
173.85	0
175.13	0
175.99	0
181.53	1
184.83	0
190.98	1
195.47	1
197.10	1
198.67	0
199.98	0
203.77	1
271.92	0
273.16	0
276.92	0
280.11	0
281.80	0
283.13	0
284.83	0
285.93	0
305.13	1
310.10	0
319.55	0
325.81	0
327.21	0
327.58	0
328.24	0
330.48	0
305.36	0
311.94	0
318.20	0
322.57	0
323.26	0
327.26	0
328.92	0
329.19	0
140.24	0
314.49	0
315.28	0
319.57	0
320.81	0
323.42	0
325.44	0
325.57	0
129.36	0
131.15	0
137.32	0
144.90	0
150.07	0
150.10	0
151.75	0
152.62	0
263.54	0
297.17	0
305.14	0
307.40	0
314.11	0
314.95	0
315.27	0
316.00	0
49.44	1
51.71	1
53.59	1
54.56	1
58.88	1
60.07	1
65.97	0
75.83	1
192.36	0
209.67	0
218.29	0
220.68	0
221.98	0
222.53	0
223.43	0
224.60	0
285.62	0
290.67	0
294.62	0
295.28	0
295.83	0
300.12	0
302.07	0
302.73	0
119.50	0
119.80	0
120.94	0
121.00	0
123.52	0
124.40	0
127.74	0
129.85	0
77.46	1
79.30	1
82.07	1
84.60	1
86.83	1
87.95	1
90.12	1
90.65	1
2.02	1
2.10	1
2.11	1
2.24	1
2.67	1
2.80	1
2.97	1
3.07	1
150.00	0
164.30	0
179.95	0
188.23	0
195.48	0
199.98	0
206.58	0
211.29	0
126.27	1
145.88	0
146.90	0
153.08	1
157.02	1
160.49	0
162.79	0
164.05	1
166.01	0
171.98	0
174.81	0
175.52	0
178.35	0
180.96	0
181.75	0
185.51	0
232.55	0
241.18	0
254.35	0
259.34	0
260.61	0
262.30	0
264.01	0
264.28	0
36.34	1
44.20	1
44.93	1
47.42	1
48.90	1
54.44	1
59.58	1
67.84	0
141.66	0
233.30	0
245.03	0
245.29	0
247.72	0
248.70	0
249.30	0
251.37	0
128.96	1
238.62	0
250.17	0
254.00	0
255.59	0
259.29	0
260.36	0
264.18	0
27.71	1
178.92	0
234.41	0
234.56	0
234.98	0
236.31	0
237.29	0
241.84	0
113.23	0
168.71	0
180.84	0
188.21	0
189.75	0
190.17	0
193.23	0
193.30	0
109.42	0
110.85	0
111.99	0
116.83	0
123.58	0
129.74	0
133.32	0
136.13	0
48.27	1
57.72	1
63.97	1
69.51	1
76.61	1
88.08	1
88.62	1
95.23	1
4.31	1
4.69	1
5.01	1
5.11	1
5.27	1
5.72	1
5.85	1
6.44	1
13.90	1
15.67	1
16.40	1
16.70	1
17.62	1
17.97	1
18.47	1
18.71	1
83.22	1
95.53	1
132.59	0
134.86	0
136.18	0
163.14	0
173.13	1
173.76	0
81.04	0
87.82	0
156.82	0
185.73	0
211.69	0
219.34	0
238.70	0
239.62	0
92.18	0
97.70	1
251.58	0
256.53	1
256.55	1
257.67	0
262.38	1
262.84	0
38.25	1
192.59	0
247.82	0
270.55	0
286.52	0
289.14	0
295.64	0
297.42	0
3.17	1
135.21	0
141.20	0
141.39	0
146.04	0
146.58	0
147.11	0
147.43	0
56.39	1
332.74	0
355.80	0
381.59	0
409.63	0
411.65	0
419.21	0
421.26	0
57.06	1
366.10	0
374.80	0
378.73	0
380.24	0
382.58	0
382.79	0
383.08	0
73.86	1
317.50	0
355.07	0
358.92	0
365.15	0
365.86	0
368.18	0
368.33	0
77.53	1
93.97	0
100.30	1
101.52	1
103.87	1
103.87	1
108.76	1
109.81	1
2.78	1
4.56	1
4.59	1
4.70	1
4.72	1
5.14	1
5.28	1
5.54	1
45.54	1
54.11	1
59.89	1
61.95	1
78.63	1
82.29	1
130.68	1
134.53	1
5.38	1
6.42	1
7.44	1
7.45	1
7.51	1
8.03	1
8.21	1
8.55	1
10.63	1
14.56	1
15.81	1
18.15	1
18.40	1
19.33	1
19.37	1
19.56	1
89.55	0
91.74	1
98.04	0
102.50	0
114.89	0
115.65	0
124.45	1
124.73	0
63.13	1
72.92	0
95.83	0
99.02	0
105.33	0
105.68	0
123.75	0
131.02	0
42.73	1
53.84	1
69.06	1
76.57	0
101.29	1
112.96	1
126.51	0
129.21	0
59.18	1
110.94	1
113.94	0
139.73	0
154.74	1
168.25	0
173.24	0
175.86	0
61.21	0
75.36	1
96.25	1
106.15	0
106.23	0
114.52	0
121.99	0
123.21	0
77.96	0
112.00	0
135.08	0
141.11	0
160.98	0
162.69	0
162.77	0
166.80	0
123.41	1
131.44	0
135.04	0
135.33	0
137.94	0
169.38	0
172.90	0
173.10	0
145.14	0
152.93	0
157.78	0
164.06	0
167.27	0
167.44	0
168.79	0
168.99	0
190.71	0
207.02	1
210.20	1
216.13	0
217.05	1
223.34	1
223.82	0
241.89	1
225.07	0
226.90	0
227.55	0
228.36	0
234.86	0
235.81	0
236.33	0
238.02	0
226.89	0
250.80	0
253.36	0
257.62	0
258.83	0
261.84	0
264.55	0
264.66	0
41.79	1
42.09	1
61.63	1
62.80	1
64.84	0
67.14	0
70.02	1
73.43	1
65.73	1
66.16	1
75.83	1
78.23	1
83.94	1
87.77	1
95.22	0
96.63	1
13.59	1
19.52	1
22.85	1
27.03	1
27.19	1
28.16	1
31.42	1
31.97	1
165.96	1
207.55	1
216.49	1
228.21	0
229.66	0
250.70	1
270.95	0
275.33	0
95.56	1
116.46	1
120.64	1
124.34	1
179.26	1
183.96	1
184.49	1
185.87	1
32.04	1
45.39	1
46.44	0
48.80	0
48.99	1
49.58	0
50.23	0
55.08	0
124.47	0
128.85	0
133.04	0
139.80	0
150.33	0
150.98	0
153.68	0
154.34	0
117.87	1
119.15	1
132.73	1
132.78	1
133.34	1
135.35	1
135.41	1
137.87	1
113.51	1
114.72	1
121.65	1
122.62	1
127.11	1
128.92	0
130.36	1
131.16	0
193.89	0
195.99	0
202.07	0
202.73	0
203.55	0
204.01	0
205.92	0
206.80	0
207.24	0
233.20	0
238.56	0
243.94	0
244.91	0
247.63	0
247.65	0
251.73	0
61.23	1
67.18	1
68.27	1
71.89	1
73.09	1
73.62	1
75.60	1
75.64	1
1.87	1
1.94	1
2.54	1
2.58	1
2.63	1
2.70	1
2.71	1
2.75	1
161.54	0
169.42	1
175.42	1
178.95	1
182.15	1
184.04	0
185.05	1
186.62	1
4.49	1
4.78	1
5.32	1
5.34	1
5.50	1
5.81	1
5.99	1
6.41	1
11.52	1
14.31	1
15.63	1
17.29	1
17.90	1
18.59	1
19.34	1
19.49	1
184.27	0
187.73	0
199.54	0
201.49	0
201.60	0
207.67	0
210.40	0
215.13	0
247.79	0
249.26	0
250.13	0
251.62	0
252.30	0
258.35	0
258.72	0
260.75	0
109.18	0
125.41	0
133.98	0
135.24	0
138.73	0
142.29	0
143.03	0
143.13	0
124.92	0
132.61	0
140.28	0
145.62	0
149.53	0
151.26	0
157.27	0
163.54	0
130.78	0
134.15	0
143.29	0
150.56	0
150.76	0
159.47	0
166.13	0
168.98	0
136.42	1
143.93	1
151.69	1
152.92	1
177.24	0
178.08	1
181.58	0
183.49	0
67.06	1
105.10	1
106.34	1
108.64	1
113.43	1
114.18	1
137.08	0
141.41	0
65.15	1
178.22	0
197.37	0
207.30	0
243.67	0
245.33	0
245.49	0
246.86	0
103.11	0
103.15	0
105.57	0
119.91	0
124.06	0
124.42	0
125.57	0
127.48	0
111.54	1
125.70	1
138.98	0
149.62	0
168.72	0
175.90	0
190.26	0
193.95	0
114.40	0
125.91	0
130.66	0
130.80	0
138.12	1
140.75	1
142.23	0
142.73	1
146.87	0
156.93	1
158.74	1
159.05	0
167.65	1
168.74	0
169.33	0
170.53	0
209.38	0
209.43	0
211.31	0
211.51	0
211.69	0
215.65	0
222.68	0
223.49	0
28.78	1
32.52	1
34.26	1
36.36	1
36.60	1
47.19	1
48.30	1
61.25	1
141.80	0
144.08	1
153.56	0
163.14	0
166.73	0
169.04	0
171.11	0
171.32	0
128.14	1
138.32	1
146.46	1
163.44	1
178.32	0
182.02	0
184.34	0
204.81	0
22.37	1
38.19	1
38.35	1
57.77	1
79.76	1
96.44	1
130.28	0
205.03	0
138.16	0
143.56	0
153.33	0
155.74	0
159.22	0
160.51	0
161.54	0
162.84	0
117.20	1
131.76	0
149.75	0
161.04	0
163.56	0
166.89	0
168.41	0
169.43	0
207.36	0
207.60	0
210.78	0
214.04	0
222.71	0
222.72	0
227.03	0
228.33	0
229.36	0
254.89	0
267.46	0
267.69	0
269.26	1
270.60	0
270.94	0
274.69	0
217.66	0
231.54	0
232.63	0
237.38	0
237.57	0
239.11	0
240.85	0
240.94	0
40.41	1
67.15	0
79.04	0
82.03	0
86.07	0
90.16	0
90.38	0
90.86	0
48.07	0
70.29	1
80.58	1
111.87	1
117.26	1
135.62	0
137.43	0
141.45	0
26.55	0
27.78	0
32.68	0
35.55	1
88.95	0
134.90	0
164.00	0
170.30	0
95.65	1
96.06	1
96.30	1
97.73	1
111.18	0
113.76	0
114.53	0
114.86	1
122.52	0
166.36	0
177.32	0
188.97	0
194.03	1
198.11	0
203.79	0
233.89	0
78.42	1
153.34	0
161.46	0
187.18	0
188.53	0
212.97	0
234.82	0
237.04	0
69.51	1
201.60	0
257.93	0
262.25	0
263.92	0
271.29	0
272.98	0
275.39	0
137.79	0
162.78	0
164.75	0
165.48	1
165.78	1
173.41	1
174.24	0
176.82	0
253.70	0
254.68	0
269.41	1
273.59	0
281.76	0
288.72	0
294.43	0
297.78	0
111.89	0
116.87	1
129.62	1
134.52	0
138.23	0
139.95	0
143.34	0
145.15	0
69.68	1
119.34	1
122.34	0
132.91	0
215.12	1
221.11	1
229.46	1
229.51	1
27.43	1
56.48	1
94.68	0
211.37	0
273.23	0
280.63	0
281.09	0
300.14	0
2.33	1
3.72	1
131.58	0
137.99	0
140.30	0
142.30	0
142.32	0
142.94	0
43.45	1
67.69	1
284.89	0
325.26	0
352.02	0
359.00	0
366.43	0
370.43	0
27.64	1
74.91	1
389.95	0
398.41	0
401.49	0
401.92	0
404.59	0
409.27	0
20.26	1
57.75	1
313.81	0
316.71	0
348.09	0
350.58	0
356.20	0
359.44	0
68.72	0
69.54	1
75.79	1
80.84	0
83.29	1
85.84	1
87.04	1
89.24	1
13.62	1
22.07	1
24.14	1
25.51	1
26.51	1
26.79	1
28.31	1
32.82	1
2.17	1
2.38	1
2.54	1
2.55	1
2.76	1
2.79	1
2.82	1
2.87	1
66.12	0
67.20	0
69.97	0
76.51	0
87.66	0
120.24	0
142.62	0
142.73	0
129.56	1
144.84	0
151.55	0
152.59	0
173.44	0
175.97	0
176.24	0
178.92	0
49.00	1
50.00	1
51.77	1
69.78	1
74.03	1
95.73	1
96.79	1
103.09	1
4.69	1
4.81	1
5.06	1
5.08	1
5.21	1
7.72	1
7.76	1
8.55	1
9.50	1
9.60	1
10.16	1
10.27	1
10.71	1
12.77	1
19.66	1
20.68	1
123.26	1
147.44	0
150.27	0
158.52	0
164.57	0
167.89	0
169.86	0
170.46	0
188.55	0
201.60	0
203.43	0
206.97	0
212.33	0
212.75	0
212.78	0
212.82	0
20.38	1
37.86	1
39.82	1
43.67	1
56.33	1
57.67	1
70.74	0
74.06	0
0.96	1
1.40	1
1.74	1
2.44	1
2.56	1
3.24	1
4.37	1
6.24	1
131.77	0
139.09	0
143.72	0
145.42	0
145.50	1
151.92	0
152.02	0
156.83	0
42.61	1
194.70	0
240.34	0
241.00	0
245.50	0
265.36	0
278.18	0
290.12	0
14.67	1
92.20	0
111.48	0
113.83	0
118.30	0
124.66	0
129.22	0
130.08	0
33.25	1
350.16	0
361.19	0
371.82	1
395.96	0
406.09	0
435.17	0
440.96	0
16.33	1
109.05	0
120.58	0
147.91	0
163.32	0
165.44	0
169.82	0
218.70	0
39.34	1
482.03	0
498.08	0
501.33	0
503.86	0
512.49	0
519.97	0
521.44	0
14.48	1
110.29	1
160.05	0
164.68	1
172.55	0
173.26	0
175.16	0
175.62	0
21.71	1
269.52	0
270.60	0
285.53	0
289.82	0
294.41	0
295.39	0
297.65	0
32.75	1
437.78	0
514.92	0
518.21	0
523.45	0
523.86	0
524.04	0
526.19	0
66.12	1
120.70	1
122.53	1
124.01	1
127.62	1
142.76	1
152.03	0
155.75	1
12.30	1
151.05	1
153.43	0
154.94	0
162.09	0
163.94	0
169.19	0
170.00	0
8.23	1
15.87	1
154.97	0
161.87	0
162.39	0
165.23	0
165.36	0
166.00	0
3.01	1
4.11	1
10.74	1
14.63	1
23.67	1
25.34	1
25.50	1
41.97	1
167.79	0
172.45	0
204.59	0
230.82	0
232.60	0
235.42	0
238.38	0
240.91	0
72.16	1
107.56	1
114.63	0
115.01	0
115.01	0
116.57	0
118.19	0
123.45	0
140.15	1
140.32	1
148.31	0
151.45	1
151.59	1
154.27	0
158.10	0
160.93	1
5.13	1
5.81	1
6.24	1
6.89	1
6.91	1
6.97	1
7.99	1
8.02	1
12.65	1
12.77	1
13.02	1
14.18	1
16.00	1
16.22	1
16.91	1
17.21	1
184.21	1
203.74	0
204.29	0
206.41	0
210.99	0
214.57	0
215.45	0
215.85	0
98.74	1
165.03	0
165.57	0
166.24	0
170.84	0
173.62	0
177.57	0
177.64	0
217.14	0
239.62	0
248.75	0
253.25	0
254.25	0
254.47	0
256.96	0
258.47	0
201.61	0
206.59	0
209.05	0
217.89	0
218.00	0
218.17	0
219.46	0
223.48	0
264.10	0
276.87	0
277.36	0
277.45	0
280.72	0
283.09	0
284.41	0
285.42	0
93.70	0
99.07	0
109.30	0
114.03	0
121.46	0
122.21	0
122.69	0
123.17	0
165.61	0
173.46	0
191.63	0
206.81	0
211.61	0
212.08	0
212.61	0
215.25	0
174.72	0
218.92	0
239.15	0
242.22	0
242.75	0
243.27	0
247.60	0
248.24	0
130.80	0
132.18	0
132.96	0
147.87	0
148.33	0
148.75	0
149.34	0
149.85	0
212.73	0
220.08	0
221.81	0
225.27	0
226.41	0
230.99	0
232.87	1
232.97	0
164.43	1
196.30	0
210.17	0
211.07	0
214.57	0
224.25	0
225.55	0
230.46	0
23.45	1
34.94	1
34.95	1
40.42	1
43.03	1
43.23	1
45.15	1
51.03	1
113.44	1
142.90	0
146.52	0
168.98	1
171.29	0
180.08	0
183.01	0
190.00	1
151.60	0
159.92	0
164.55	0
173.30	0
175.44	0
178.41	0
179.30	0
179.69	0
81.72	0
88.19	0
101.91	0
102.37	0
103.54	0
109.99	0
111.45	0
111.56	0
253.75	0
254.33	0
254.83	0
255.52	0
257.33	0
260.50	0
260.89	0
262.06	0
64.26	0
80.80	0
85.31	0
89.13	0
92.96	0
93.39	1
93.70	0
93.88	0
212.12	0
215.16	0
220.15	0
221.33	0
222.62	0
223.81	0
224.20	0
225.26	0
203.78	0
209.43	0
213.33	0
215.99	0
221.71	0
223.70	0
223.86	0
223.94	0
251.55	1
260.35	1
275.94	0
275.96	0
280.01	0
288.77	0
291.19	1
293.25	0
214.83	1
218.47	1
232.77	1
234.72	1
240.64	1
242.07	1
244.50	0
247.16	1
5.64	1
10.88	1
11.03	1
11.51	1
11.53	1
12.36	1
12.84	1
13.01	1
13.63	1
18.42	1
18.59	1
18.76	1
19.57	1
22.11	1
23.01	1
23.78	1
184.44	0
196.47	0
202.88	0
205.20	0
206.10	1
206.20	0
206.52	0
207.63	1
120.19	0
254.45	0
260.28	0
260.32	0
262.23	0
262.62	0
264.94	0
265.52	0
325.59	0
326.24	0
326.82	0
328.19	0
332.34	0
332.53	0
332.80	0
335.69	0
289.29	0
324.40	0
325.36	0
326.72	0
327.78	0
330.65	0
332.39	0
332.89	0
215.31	0
215.38	0
216.40	0
217.78	0
223.92	0
226.16	0
227.56	0
233.41	0
57.88	1
58.29	1
63.45	1
63.64	1
64.97	1
71.47	1
73.43	1
75.07	1
3.09	1
3.83	1
4.47	1
4.63	1
4.64	1
4.72	1
4.76	1
5.28	1
102.70	0
112.10	0
144.80	0
155.59	0
165.19	0
165.88	0
167.79	0
168.08	0
92.41	1
100.61	1
158.62	0
165.27	0
169.72	0
170.38	0
172.11	0
172.45	0
41.57	1
70.29	0
84.17	0
88.85	0
94.04	0
100.95	0
101.54	0
109.30	0
41.62	1
47.81	1
51.54	1
52.56	1
65.58	1
74.06	1
80.92	1
81.49	1
4.69	1
5.80	1
5.85	1
6.26	1
6.30	1
6.53	1
6.61	1
6.81	1
13.55	1
14.55	1
16.15	1
16.74	1
17.86	1
20.71	1
21.01	1
21.81	1
106.11	0
110.64	0
117.07	0
117.26	0
118.82	0
119.41	0
121.54	0
122.17	0
9.16	1
9.48	1
9.86	1
10.21	1
10.61	1
10.71	1
10.76	1
10.98	1
135.02	1
138.71	0
144.01	0
147.02	0
148.56	0
150.03	0
151.35	0
153.82	0
127.63	1
158.53	0
159.32	0
160.22	0
165.94	0
167.08	0
169.84	0
172.33	0
108.96	0
109.88	0
111.09	0
114.54	0
115.41	0
121.50	0
122.22	0
125.70	0
191.89	0
237.16	0
240.16	0
244.06	0
254.28	0
254.43	0
269.20	0
270.33	0
252.78	0
294.62	0
339.02	0
357.64	0
380.01	0
381.05	0
389.90	0
392.82	0
319.30	1
393.44	0
424.52	0
426.28	0
429.70	0
466.27	0
466.81	0
468.44	0
95.34	1
241.75	0
278.27	0
286.20	0
291.28	0
308.10	0
314.06	0
315.56	0
48.23	1
223.54	0
225.56	0
225.86	0
228.38	0
231.56	0
233.68	0
235.86	0
177.34	0
182.49	0
186.17	0
186.59	0
187.76	0
188.39	0
190.32	0
191.63	0
252.02	0
252.20	0
252.51	0
255.21	0
255.96	0
257.19	0
257.91	0
257.97	0
151.77	0
168.32	0
173.07	0
173.23	0
174.49	0
175.00	0
175.81	0
176.21	0
83.24	1
91.22	1
97.86	1
106.88	1
115.13	1
116.23	0
116.95	0
119.11	0
154.52	1
165.77	0
166.30	0
169.54	0
169.83	0
170.24	0
170.42	0
170.57	0
143.02	0
144.52	0
145.61	0
146.32	0
148.05	0
148.50	0
148.99	0
152.04	0
139.39	0
147.58	0
149.57	0
150.25	1
151.35	0
153.84	0
156.13	0
157.22	0
132.67	1
140.64	1
145.06	1
146.54	1
165.95	1
167.71	1
169.67	1
176.74	1
6.29	1
6.46	1
6.56	1
6.71	1
7.36	1
7.43	1
7.64	1
7.69	1
11.15	1
16.62	1
18.37	1
19.79	1
19.79	1
20.26	1
21.60	1
21.72	1
219.81	0
222.35	1
228.12	0
234.67	0
236.31	0
237.92	1
239.45	0
245.05	0
259.76	0
260.61	0
270.27	0
277.39	0
278.82	0
281.04	0
283.15	0
283.42	0
99.51	0
100.69	0
107.39	0
107.87	0
107.94	0
108.26	0
109.41	0
109.52	0
128.98	0
131.31	0
132.74	0
133.15	0
136.16	0
136.38	0
139.61	0
142.22	0
131.29	0
134.51	0
137.27	0
137.70	0
140.20	0
140.79	0
141.66	0
141.68	0
76.21	0
83.81	0
99.27	0
116.17	0
118.00	0
119.59	0
120.14	0
120.45	0
81.44	1
105.11	0
108.54	0
114.06	0
114.95	0
122.79	0
127.95	0
129.51	0
18.09	1
33.76	1
36.38	1
44.16	0
44.36	1
45.34	0
47.61	0
48.71	0
114.58	0
118.47	0
119.43	0
120.23	0
120.53	0
120.56	0
122.24	0
123.05	0
125.37	0
131.29	0
131.52	0
132.99	0
133.19	0
134.95	0
135.36	0
136.08	0
113.57	1
138.52	0
139.96	0
140.97	0
144.18	0
144.96	0
155.73	0
155.77	0
97.01	0
98.57	0
100.16	0
100.39	0
100.40	0
101.34	0
112.73	0
114.87	0
105.06	0
109.06	0
110.17	0
112.88	0
115.36	0
116.34	0
116.61	0
118.35	0
27.12	1
27.37	1
27.81	1
29.33	1
29.63	1
30.15	1
33.43	1
35.23	1
3.10	1
3.20	1
3.38	1
3.42	1
3.54	1
3.57	1
3.62	1
3.62	1
94.52	0
169.72	0
170.20	0
178.18	0
186.81	0
220.07	0
225.36	0
226.35	1
85.32	1
140.95	0
143.96	0
146.80	1
159.48	0
164.10	0
167.60	0
170.19	0
186.70	1
210.62	1
218.54	0
225.72	0
226.49	0
228.64	0
229.01	1
235.75	0
11.34	1
13.75	1
18.20	1
27.18	1
41.82	1
144.52	0
148.43	0
160.77	0
223.10	0
229.65	0
241.69	0
242.39	0
248.34	0
252.53	0
252.96	0
254.63	0
22.90	1
52.55	1
53.99	1
57.99	1
58.13	1
78.29	1
81.50	1
85.97	1
6.17	1
6.74	1
6.81	1
6.94	1
7.92	1
8.19	1
9.13	1
9.32	1
12.32	1
13.99	1
15.24	1
17.07	1
20.26	1
21.04	1
21.25	1
23.22	1
132.26	0
132.37	0
137.61	1
148.98	0
157.28	0
165.67	1
166.27	1
166.54	1
152.63	1
174.30	1
188.57	0
204.06	0
208.08	0
208.50	0
209.03	0
209.04	0
109.47	0
114.11	0
119.35	0
123.10	0
123.19	0
125.67	0
126.96	0
127.65	0
23.91	1
31.13	1
31.68	1
36.28	1
37.20	1
42.88	1
44.47	1
45.90	1
2.72	1
3.09	1
4.27	1
4.56	1
4.69	1
4.73	1
4.75	1
5.23	1
74.77	1
120.24	0
132.38	0
136.84	0
136.86	0
137.08	0
137.14	0
138.08	0
121.09	1
152.12	0
197.31	1
197.35	0
206.23	0
216.67	0
217.80	0
218.06	0
21.08	1
29.29	1
250.08	0
252.19	0
252.45	0
252.49	0
252.63	0
253.16	0
127.78	0
128.55	0
133.19	0
137.46	0
137.69	0
145.18	0
148.97	0
149.90	0
156.89	0
159.75	0
161.93	0
163.53	0
166.65	0
169.43	0
170.41	0
170.47	0
176.50	0
176.55	0
177.55	0
178.16	0
179.45	0
181.87	0
182.29	0
184.36	0
172.25	1
176.13	0
180.31	0
181.12	0
186.90	0
187.30	1
190.14	0
190.47	0
195.17	0
197.88	0
203.37	0
204.93	0
205.86	0
206.86	0
207.49	0
208.24	0
220.11	0
222.94	1
223.04	0
226.33	0
229.03	0
229.21	0
229.41	0
229.91	0
105.40	0
111.73	0
112.64	0
112.72	0
112.78	0
114.75	0
117.97	0
118.61	0
23.02	1
24.44	1
25.47	1
25.56	1
28.52	1
29.65	1
30.21	1
30.22	1
2.24	1
2.26	1
2.50	1
2.59	1
2.91	1
3.26	1
3.29	1
3.43	1
81.31	0
99.64	0
102.31	0
103.24	0
103.24	0
103.27	0
103.49	0
103.59	0
165.28	1
202.62	0
207.37	0
215.44	0
218.71	0
219.99	0
220.44	0
221.48	0
16.58	1
145.08	0
147.51	0
151.64	0
152.20	0
153.04	0
154.00	0
154.11	0
15.82	1
88.45	1
101.01	0
101.11	0
105.99	0
120.81	0
123.50	0
123.84	0
137.76	0
150.80	0
154.04	0
154.24	0
155.37	1
157.78	0
158.87	0
160.59	0
58.23	1
74.55	1
84.37	1
84.56	0
90.00	1
91.81	1
91.89	1
92.22	1
35.53	0
36.18	0
36.45	0
36.73	0
36.98	0
37.23	0
37.70	0
37.71	0
149.27	1
152.88	1
155.92	1
168.24	1
181.75	0
188.55	0
190.43	0
191.74	0
165.15	0
166.27	0
166.97	0
167.18	0
169.09	0
169.84	0
170.25	0
170.29	0
107.61	1
116.00	1
119.78	1
123.45	1
123.56	1
123.59	1
124.97	1
126.39	1
