154.69	0
158.85	0
188.99	0
193.53	0
247.72	0
279.74	0
299.30	0
299.40	0
173.74	0
196.99	0
204.96	0
227.37	0
234.67	0
234.80	0
240.44	0
253.21	0
180.55	0
196.69	0
216.02	0
217.94	0
231.84	0
239.03	0
240.20	0
256.81	0
36.86	1
46.20	1
124.55	0
129.03	0
190.43	0
202.82	0
208.23	0
217.89	0
433.65	0
461.47	0
483.37	0
487.43	0
494.63	0
494.69	0
495.63	0
517.31	0
378.05	0
416.34	0
419.23	0
428.70	0
430.38	0
448.12	0
452.32	0
455.38	0
692.46	0
692.91	0
725.63	0
727.36	0
730.50	0
743.53	0
752.66	0
762.32	0
331.94	0
339.30	0
340.13	0
358.34	0
362.55	0
373.80	0
382.51	0
393.55	0
244.47	0
269.47	0
294.96	0
310.81	0
317.43	0
320.29	0
321.83	0
333.31	0
34.10	1
47.01	1
62.28	1
139.97	0
148.52	0
162.38	0
176.89	0
181.63	0
180.88	0
184.93	0
187.54	0
192.50	0
207.80	0
235.76	0
238.72	0
283.07	0
525.66	0
545.80	0
593.21	0
597.64	0
604.34	0
606.94	0
607.41	0
614.44	0
242.27	0
248.36	0
248.97	0
276.13	0
282.38	0
297.02	0
332.43	0
335.08	0
70.28	1
71.16	1
73.64	1
93.98	1
166.08	0
168.21	0
207.53	0
214.62	0
103.98	0
109.21	0
128.29	0
141.04	0
147.79	0
151.29	0
181.04	0
188.37	0
435.87	0
442.57	0
446.37	0
457.43	0
462.73	0
467.82	0
472.13	0
472.38	0
276.20	0
283.15	0
310.55	0
313.23	0
315.85	0
316.24	0
323.44	0
326.46	0
192.04	0
200.67	0
210.42	0
214.96	0
222.39	0
231.99	0
232.55	0
247.69	0
31.20	1
43.72	1
55.47	1
63.12	1
64.53	1
130.06	0
139.97	0
162.93	0
241.81	0
258.15	0
268.83	0
271.62	0
277.42	0
286.54	0
293.69	0
294.37	0
508.47	0
577.68	0
587.88	0
600.69	0
629.71	0
638.98	0
643.60	0
650.81	0
248.82	0
268.07	0
294.12	0
301.40	0
302.25	0
302.89	0
306.75	0
308.55	0
327.33	0
339.82	0
341.24	0
341.63	0
342.29	0
352.06	0
357.27	0
362.07	0
216.21	0
245.03	0
274.73	0
282.35	0
286.77	0
290.68	0
295.72	0
296.71	0
384.15	0
385.02	0
389.87	0
394.54	0
404.20	0
404.86	0
411.35	0
430.25	0
24.76	1
27.90	1
44.29	1
44.84	1
61.76	1
64.64	1
110.85	0
137.17	0
246.79	0
251.00	0
253.85	0
255.28	0
261.54	0
263.42	0
264.89	0
268.71	0
170.52	0
201.39	0
204.95	0
207.89	0
208.94	0
217.85	0
249.62	0
274.85	0
325.90	0
338.42	0
349.63	0
355.48	0
360.27	0
360.49	0
364.92	0
367.46	0
17.64	1
19.45	1
30.37	1
39.06	1
39.21	1
55.33	1
59.93	1
110.48	0
109.68	0
123.35	0
123.81	0
124.62	0
127.27	0
131.03	0
148.37	0
149.16	0
13.85	1
20.20	1
27.31	1
28.34	1
32.83	1
41.99	1
49.40	1
67.54	1
276.31	0
288.44	0
292.96	0
295.50	0
295.55	0
295.99	0
299.49	0
300.50	0
177.07	0
182.99	1
183.56	0
186.11	0
211.22	0
220.04	0
220.32	0
231.23	0
192.57	0
193.28	0
204.25	0
204.94	0
205.26	0
211.09	0
215.87	0
218.26	0
132.26	0
144.05	0
144.73	0
147.05	0
147.58	0
153.19	0
153.31	0
154.55	0
198.46	0
204.38	0
214.43	0
230.93	0
236.30	0
243.98	0
245.66	0
246.70	0
279.95	0
304.62	0
321.34	0
325.05	0
331.17	0
331.81	0
336.94	0
341.84	0
164.20	1
177.05	0
181.21	0
191.55	0
205.32	0
210.05	0
216.07	0
219.00	0
187.60	0
192.08	0
196.88	0
202.18	0
205.25	0
206.91	0
207.49	0
212.76	0
115.16	0
118.14	0
127.24	0
129.71	0
130.07	0
131.25	0
132.22	0
134.20	0
519.48	0
525.48	0
534.10	0
538.41	0
550.61	0
551.21	0
552.48	0
555.16	0
208.21	0
256.44	0
264.52	0
275.07	0
291.84	0
293.55	0
295.84	0
297.99	0
175.39	0
218.10	0
246.43	0
248.31	0
251.63	0
254.68	0
255.86	0
257.68	0
95.12	0
98.61	0
102.31	0
104.63	0
106.18	0
110.35	0
116.10	0
121.45	0
29.61	1
40.93	1
42.94	1
49.70	1
53.91	1
55.46	1
56.61	1
62.70	1
111.96	0
114.03	0
131.05	0
142.29	0
148.36	0
154.04	0
168.54	0
170.17	0
70.62	0
82.59	0
89.87	0
136.04	0
136.13	0
140.45	0
142.28	0
149.18	0
80.25	0
93.02	0
98.97	0
136.37	0
139.17	0
140.80	0
142.84	0
143.82	0
124.04	0
124.09	0
140.22	0
147.57	0
165.24	0
168.49	0
182.16	0
183.12	0
100.90	0
121.88	0
122.64	0
147.30	0
150.30	0
151.01	0
158.93	0
160.01	0
177.31	0
192.89	0
198.88	0
211.45	0
214.10	0
225.89	0
253.05	0
254.07	0
67.97	0
74.18	0
97.22	1
97.88	0
110.82	0
117.11	0
123.45	0
124.95	1
59.22	1
72.58	1
141.20	0
148.29	0
148.71	0
157.42	1
159.15	0
176.89	0
12.93	1
18.06	1
25.12	1
29.13	1
35.25	1
35.96	1
37.69	1
45.23	1
96.09	0
124.41	0
131.21	0
131.89	0
136.53	0
136.95	0
137.99	0
147.55	0
346.80	0
350.14	0
353.59	0
358.65	0
359.77	0
363.99	0
366.37	0
377.80	0
102.77	1
112.33	1
117.80	1
118.81	1
120.85	1
122.22	1
124.90	1
126.50	1
157.72	0
166.46	0
166.74	0
167.88	0
171.56	0
176.00	0
180.55	0
184.62	0
74.89	0
97.06	0
98.57	0
103.23	0
105.88	0
112.19	0
115.11	0
142.35	0
167.23	0
169.37	0
172.38	0
176.80	0
185.68	0
189.98	0
190.37	0
192.45	0
53.18	0
63.23	0
65.23	0
66.63	0
79.20	0
79.25	0
106.92	0
109.79	0
87.18	0
102.78	0
107.49	0
109.47	0
114.63	0
116.16	0
120.48	0
140.66	0
152.88	0
166.78	0
169.11	0
177.62	0
178.47	0
182.64	0
186.21	0
189.04	0
24.52	1
28.00	1
29.39	1
30.95	1
31.32	1
36.71	1
39.50	1
42.36	1
185.02	0
191.60	0
215.85	0
219.58	0
220.84	0
221.84	0
225.08	0
225.51	0
244.84	0
254.72	0
258.39	0
260.15	0
262.36	0
265.69	0
278.57	0
282.07	0
196.07	0
210.49	0
210.81	0
217.31	0
220.82	0
220.89	0
233.63	0
234.34	0
421.74	0
427.37	0
433.42	0
437.43	0
441.94	0
442.19	0
450.74	0
451.19	0
181.96	0
202.23	0
203.28	0
204.62	0
205.05	0
210.35	0
211.58	0
214.39	0
171.30	0
174.05	0
178.64	0
185.78	0
189.80	0
189.90	0
192.47	0
195.85	0
25.95	1
27.15	1
27.61	1
29.76	1
29.86	1
32.08	1
37.62	1
37.68	1
187.82	0
191.27	0
196.92	0
198.38	0
201.59	0
202.10	0
202.52	0
203.59	0
471.24	0
485.86	0
488.24	0
594.26	0
594.67	0
595.03	0
613.58	0
614.76	0
375.58	0
376.22	0
391.08	0
397.96	0
400.37	0
401.15	0
402.11	0
405.75	0
68.93	1
73.75	1
81.13	1
85.22	1
85.34	1
88.31	1
91.33	1
93.23	1
76.67	0
77.46	0
78.53	0
90.12	0
90.26	0
90.59	0
92.75	0
93.53	0
4.78	1
15.87	1
16.15	1
22.86	1
23.87	1
26.87	1
30.61	1
30.62	1
109.95	1
206.52	0
237.14	0
248.30	0
248.78	0
268.43	0
271.81	0
274.45	0
170.68	0
175.17	0
186.42	0
193.79	0
197.67	0
204.76	0
206.07	0
207.94	0
184.85	0
185.75	0
198.53	0
208.84	0
210.72	0
218.38	0
219.31	0
219.46	0
134.00	0
137.88	0
149.43	1
149.70	0
151.41	0
151.62	0
152.49	0
154.94	0
175.32	0
175.50	0
181.89	0
183.86	0
184.46	0
187.12	0
189.20	0
194.64	0
251.79	0
254.03	0
255.62	0
259.93	0
261.54	0
262.29	0
262.34	0
262.40	0
26.76	1
70.10	0
74.21	0
74.42	0
74.51	0
76.59	0
79.00	0
79.49	0
16.48	1
19.11	1
20.32	1
22.44	1
29.77	1
33.94	1
34.99	1
39.23	1
110.04	0
121.62	0
122.86	0
130.01	0
130.47	0
131.58	0
132.16	0
141.94	0
42.23	1
72.42	0
73.83	0
81.70	0
82.61	0
97.22	0
97.73	0
101.74	0
57.72	1
82.33	0
89.00	0
101.53	0
114.92	0
115.00	0
118.28	1
126.03	0
203.04	0
204.84	0
205.66	0
215.56	0
217.53	0
225.82	0
226.09	0
227.45	0
176.64	0
179.43	0
183.95	0
185.29	0
186.71	0
190.29	0
194.31	0
194.51	0
88.18	0
92.70	0
95.89	0
104.15	0
104.35	0
110.32	0
110.54	0
119.04	0
66.37	0
77.20	0
85.16	0
87.56	0
90.53	0
101.49	0
108.59	0
111.08	0
264.81	0
276.28	0
287.24	0
289.95	0
289.96	0
294.35	0
294.75	0
301.78	0
200.76	0
207.35	0
207.72	0
218.94	0
218.97	0
223.50	0
224.91	0
229.49	0
22.17	1
65.04	0
79.43	0
81.29	0
81.43	0
83.36	0
84.28	0
85.89	0
99.04	1
105.58	0
129.49	0
137.13	0
138.21	0
138.21	0
139.47	0
143.92	0
4.83	1
13.87	1
15.21	1
20.04	1
20.45	1
21.97	1
24.85	1
26.19	1
72.60	0
116.63	0
117.79	0
119.66	0
125.40	0
125.80	0
126.64	0
127.65	0
240.41	0
250.31	0
253.40	0
256.59	0
256.89	0
259.12	0
259.64	0
264.07	0
180.60	0
182.91	0
189.32	0
193.46	0
195.49	0
195.55	0
196.32	0
196.57	0
150.02	0
153.47	0
154.90	0
155.65	0
160.05	0
161.32	0
166.26	0
166.78	0
78.26	1
88.99	1
90.57	1
90.65	1
92.13	1
92.19	1
95.13	1
97.28	1
51.34	0
57.20	0
58.70	0
60.61	0
61.00	0
67.74	0
69.14	0
72.01	0
209.62	0
213.74	0
228.12	0
233.36	0
241.63	0
243.63	0
246.77	0
248.39	0
194.18	0
202.48	0
203.36	0
210.32	0
212.21	0
219.00	0
222.96	0
224.97	0
5.90	1
7.29	1
13.96	1
14.89	1
15.94	1
18.73	1
23.80	1
26.98	1
58.29	1
161.09	1
226.80	0
230.46	0
235.75	0
256.75	0
275.05	0
276.64	0
162.85	0
163.56	0
177.20	0
178.91	0
183.23	0
183.51	0
183.53	0
183.77	0
97.04	0
98.94	0
99.49	0
103.59	0
104.94	0
106.33	0
107.24	0
107.48	0
138.30	0
140.06	0
141.96	0
154.40	0
155.92	0
156.97	0
167.71	0
167.85	0
93.22	0
102.74	0
108.99	0
113.53	0
114.87	0
119.61	0
120.83	0
123.52	0
97.05	0
136.97	0
138.38	0
139.05	0
139.33	0
139.44	0
148.29	0
149.89	0
64.57	0
69.35	0
77.13	0
85.78	0
86.56	0
92.50	0
94.21	0
102.79	0
143.04	0
143.52	0
145.86	0
148.81	0
158.94	0
159.63	0
160.53	0
160.70	0
176.31	0
176.63	0
177.23	0
178.17	0
180.99	0
185.32	0
188.46	0
188.74	0
124.51	0
125.71	0
129.90	0
141.42	0
142.58	0
144.33	0
144.57	0
146.40	0
25.43	1
133.52	0
139.20	0
141.38	0
145.89	0
147.10	0
148.80	0
151.75	0
83.85	0
107.40	0
110.67	0
111.36	0
112.01	0
118.58	0
128.15	0
130.66	0
128.25	0
136.14	0
137.24	0
140.75	0
141.82	0
143.42	0
143.56	0
154.67	0
195.50	0
197.80	0
206.55	0
216.80	0
217.90	0
218.19	0
218.94	0
220.68	0
160.96	0
162.54	0
169.80	0
170.74	0
173.58	0
177.26	0
179.42	0
184.11	0
155.64	0
159.47	0
159.61	0
164.10	0
165.79	0
168.91	0
172.20	0
173.69	0
194.52	0
196.00	0
196.56	0
201.83	0
203.62	0
212.25	0
217.14	0
218.74	0
16.59	1
24.51	1
45.20	1
56.62	0
72.52	0
76.81	0
84.53	1
88.52	0
118.37	0
132.32	0
144.30	0
146.38	0
147.62	0
148.89	0
149.30	0
155.37	0
5.56	1
7.81	1
13.06	1
13.60	1
16.64	1
17.75	1
19.24	1
29.32	1
90.14	0
102.17	0
102.86	0
103.04	0
104.20	0
104.94	0
107.20	0
107.66	0
129.37	0
145.80	0
146.05	0
147.01	0
154.81	0
158.20	0
159.75	0
162.66	0
6.37	1
7.98	1
11.33	1
11.48	1
17.29	1
18.48	1
21.55	1
23.05	1
62.69	1
67.29	1
159.17	1
202.83	0
233.73	0
234.80	0
242.26	0
260.21	0
76.19	1
129.91	0
148.28	0
166.45	0
167.93	0
177.95	0
178.57	0
185.92	0
8.30	1
225.71	0
226.59	0
226.85	0
233.53	0
236.23	0
237.06	0
238.06	0
179.50	0
184.65	0
187.92	0
190.20	0
196.86	0
197.46	0
199.21	0
203.65	0
136.25	0
137.75	0
138.20	0
143.82	0
144.43	0
145.53	0
145.71	0
146.67	0
51.01	1
98.72	0
110.14	0
112.12	0
124.62	0
128.67	0
134.88	0
135.19	0
88.17	0
95.20	0
101.36	0
106.91	0
110.83	0
111.65	0
112.89	0
115.14	0
49.44	1
94.81	0
120.58	0
121.39	0
122.80	0
122.93	0
123.46	0
125.23	0
102.03	0
104.78	0
108.23	0
109.79	0
110.23	0
113.45	0
114.43	0
120.20	0
77.68	0
85.87	0
91.73	0
95.88	0
96.73	0
98.98	0
99.18	0
104.96	0
71.73	0
80.68	0
83.57	0
87.72	0
96.23	0
99.15	0
101.56	0
111.74	0
124.01	0
134.66	0
137.12	0
137.24	0
141.44	0
152.21	0
153.27	0
154.52	0
90.27	0
99.33	0
102.12	0
112.18	0
114.75	0
116.35	0
119.10	0
119.17	0
5.58	1
6.31	1
9.99	1
13.52	1
13.75	1
14.98	1
16.88	1
19.45	1
71.59	0
71.80	0
132.84	0
136.20	0
136.22	0
136.91	0
136.98	0
137.61	0
145.70	0
149.59	0
151.65	0
160.06	0
162.92	0
163.31	0
164.12	0
167.55	0
261.99	0
264.65	0
275.41	0
276.55	0
281.75	0
283.97	0
284.43	0
287.29	0
34.33	1
35.43	1
37.45	1
40.15	1
40.41	1
41.19	1
42.32	1
43.84	1
65.88	0
85.01	0
85.42	0
85.94	0
87.63	0
89.04	0
89.17	0
90.46	0
2.88	1
4.58	1
5.03	1
8.08	1
13.22	1
13.71	1
13.97	1
14.19	1
77.31	0
85.87	0
89.28	0
92.80	0
95.54	0
95.60	0
95.67	0
96.06	0
178.64	0
184.78	0
191.43	0
193.17	0
196.47	0
196.50	0
197.22	0
198.00	0
2.87	1
4.19	1
4.80	1
7.22	1
9.53	1
14.38	1
16.40	1
17.08	1
68.25	0
71.86	0
72.44	0
78.00	0
83.71	0
84.33	0
84.36	0
84.37	0
159.90	0
188.89	0
195.10	0
199.21	0
200.45	0
201.31	0
202.47	0
202.54	0
2.76	1
3.38	1
4.33	1
6.14	1
6.35	1
8.17	1
12.91	1
17.06	1
61.48	1
66.04	1
108.25	1
177.80	0
179.94	0
186.80	1
200.68	0
208.47	0
54.10	1
58.86	1
101.90	0
127.01	0
127.05	0
128.67	0
138.56	0
139.36	0
6.19	1
13.78	1
230.25	0
231.99	0
233.26	0
239.19	0
239.53	0
239.75	0
14.61	1
155.00	0
189.03	0
193.98	0
196.62	0
203.31	0
204.19	0
206.60	0
5.98	1
143.52	0
144.60	0
145.79	0
148.71	0
151.64	0
152.28	0
153.12	0
95.75	0
96.82	0
100.62	0
107.45	0
115.46	0
115.68	0
116.04	0
117.08	0
105.77	0
106.06	0
107.50	0
110.06	0
112.37	0
116.53	0
119.01	0
119.07	0
117.48	0
117.57	0
127.02	0
129.42	0
136.14	0
138.14	0
139.12	0
140.19	0
150.20	0
194.11	0
195.54	0
195.62	0
195.74	0
195.93	0
198.80	0
199.25	0
164.19	0
165.92	0
167.13	0
177.53	0
177.64	0
178.26	0
178.63	0
183.27	0
94.15	0
103.09	0
111.55	0
113.62	0
115.27	0
116.99	0
121.01	0
124.00	0
14.50	1
24.89	1
29.63	1
44.80	1
61.20	0
70.99	0
75.84	1
78.58	0
133.60	0
136.67	0
136.71	0
137.90	0
140.97	0
144.99	0
147.45	0
148.81	0
28.56	1
44.56	1
86.81	0
111.63	0
113.04	0
117.66	0
118.24	0
119.94	0
71.73	0
81.21	0
93.49	0
101.07	0
107.85	0
112.46	0
116.74	0
118.45	0
109.36	0
135.15	0
138.12	0
138.90	0
142.41	0
144.52	0
147.42	0
147.48	0
167.04	0
176.13	0
186.24	0
189.01	0
192.39	0
192.97	0
193.03	0
193.33	0
103.69	0
111.47	0
113.39	0
113.90	0
116.63	0
118.96	0
121.63	0
122.39	0
72.88	1
117.13	0
118.75	0
119.32	0
121.27	0
121.41	0
122.03	0
122.18	0
38.51	1
137.06	0
164.50	0
167.93	0
168.88	0
168.92	0
169.53	0
171.95	0
4.55	1
5.06	1
5.17	1
6.34	1
12.87	1
13.26	1
14.35	1
16.05	1
68.60	0
84.55	0
87.83	0
93.49	0
100.16	0
100.88	0
101.67	0
102.83	0
2.95	1
2.96	1
3.41	1
3.52	1
4.38	1
5.35	1
8.06	1
12.98	1
90.62	1
96.91	1
108.42	1
151.78	1
169.90	1
223.17	0
236.59	0
247.56	0
188.44	0
196.71	0
201.42	0
202.29	0
203.43	0
203.51	0
204.14	0
204.84	0
147.39	0
152.17	0
156.49	0
158.87	0
163.38	0
163.91	0
165.21	0
167.50	0
109.42	0
109.80	0
112.63	0
113.67	0
115.75	0
117.03	0
117.84	0
118.70	0
37.46	1
40.22	1
41.19	1
51.88	1
52.60	1
77.43	0
81.72	0
92.86	0
171.60	0
172.30	0
180.59	0
182.86	0
187.42	0
188.93	0
189.30	0
189.56	0
179.20	0
196.82	0
197.82	0
200.65	0
210.08	0
210.96	0
211.00	0
214.91	0
144.61	0
146.99	0
147.73	0
149.75	0
152.19	0
153.81	0
159.17	0
160.07	0
163.99	0
164.33	0
165.67	0
170.47	0
173.87	0
182.07	0
184.18	0
184.62	0
122.50	0
129.01	0
129.91	0
130.46	0
131.47	0
134.18	0
136.22	0
139.20	0
219.60	0
233.78	0
236.35	0
240.26	0
246.09	0
247.98	0
248.20	0
249.51	0
243.83	0
249.89	0
254.21	0
258.49	0
259.67	0
260.79	0
262.07	0
262.70	0
80.73	0
90.14	0
93.24	0
95.67	0
97.66	0
97.94	0
98.40	0
98.53	0
101.29	0
101.41	0
110.87	0
117.69	0
126.40	0
129.22	0
129.27	0
131.10	0
90.64	0
96.89	0
101.78	0
101.94	0
103.53	0
106.07	0
108.68	0
109.25	0
120.04	0
133.15	0
133.22	0
133.30	0
133.70	0
135.03	0
135.38	0
135.42	0
108.91	0
111.35	0
112.84	0
114.97	0
115.12	0
119.99	0
120.73	0
120.96	0
197.63	0
198.38	0
200.55	0
203.73	0
205.54	0
207.29	0
207.99	0
210.15	0
100.33	0
112.12	0
114.03	0
114.08	0
114.64	0
115.63	0
116.32	0
118.90	0
105.44	0
105.99	0
111.43	0
111.59	0
114.46	0
114.51	0
116.40	0
118.01	0
222.50	0
229.29	0
229.40	0
229.44	0
230.65	0
231.11	0
232.11	0
233.53	0
76.97	1
79.69	0
107.33	0
107.63	0
114.33	0
115.28	0
115.72	0
119.11	0
10.30	1
11.62	1
14.13	1
15.76	1
17.65	1
23.44	1
25.21	1
25.44	1
86.25	0
105.85	0
112.28	0
112.34	0
113.70	0
114.72	0
114.85	0
115.42	0
14.58	0
137.65	0
137.83	0
141.68	0
143.93	0
144.52	0
146.37	0
156.19	0
24.58	1
25.23	1
27.77	1
28.48	1
29.33	1
29.65	1
30.57	1
34.97	1
122.80	0
194.75	0
197.21	0
200.59	0
205.00	0
227.99	0
241.21	0
242.42	0
98.18	0
98.97	0
102.93	0
113.73	0
113.89	0
114.31	0
115.79	0
116.77	0
246.41	0
247.01	0
250.46	0
252.74	0
252.77	0
252.79	0
253.43	0
254.83	0
123.06	0
126.18	1
136.22	1
138.27	0
167.61	0
168.81	0
174.51	0
176.26	0
98.44	0
106.84	0
107.71	0
109.35	0
111.86	0
111.96	0
117.77	0
118.67	0
154.05	0
161.30	0
165.97	0
166.58	0
169.85	0
172.45	0
172.48	0
172.89	0
15.82	1
18.52	1
73.39	0
76.31	0
77.15	0
77.72	0
79.27	0
79.72	0
88.07	1
119.28	1
126.01	1
126.35	1
126.43	1
126.44	1
127.88	1
130.65	1
188.12	0
205.87	0
236.04	0
254.47	0
261.08	0
261.41	0
268.59	0
270.10	0
171.35	0
178.44	0
178.66	0
190.99	0
191.04	0
191.24	0
196.95	0
199.44	0
44.43	1
59.78	0
69.78	0
72.34	0
86.23	0
88.75	0
94.63	0
97.26	0
119.06	1
157.71	0
176.41	1
178.82	0
179.94	0
193.96	0
198.27	0
205.24	1
218.02	0
222.66	0
223.05	0
223.80	0
226.14	0
226.50	0
228.13	0
230.08	0
87.49	0
89.10	0
90.82	0
90.95	0
91.38	0
91.84	1
91.93	0
93.21	0
103.17	1
141.23	0
146.81	0
150.35	0
158.85	0
161.94	0
167.81	0
169.83	0
10.88	1
21.91	1
134.37	0
140.80	0
141.94	0
142.03	0
145.27	0
145.59	0
2.91	1
15.41	1
24.12	1
61.87	0
68.88	0
84.02	0
84.47	0
85.13	0
6.96	1
13.87	1
15.14	1
15.29	1
15.33	1
17.08	1
19.31	1
23.53	1
85.24	0
101.79	0
118.34	0
121.64	0
123.24	0
123.28	0
124.68	0
125.13	0
147.03	1
165.90	0
182.27	0
198.12	0
198.94	0
210.77	0
211.94	0
214.30	0
20.96	1
40.45	1
50.60	1
100.26	0
129.48	0
130.33	0
132.03	0
132.44	0
96.26	0
112.56	0
124.29	0
136.89	0
146.85	0
150.91	0
151.35	0
152.22	0
59.80	0
81.77	0
88.26	0
91.86	0
92.76	0
96.14	0
97.73	0
98.98	0
55.08	0
73.09	0
79.09	0
90.91	0
96.11	0
101.58	0
102.03	0
102.45	0
164.00	0
173.96	0
213.49	0
250.86	0
284.88	0
297.69	0
300.60	0
305.42	0
29.00	1
104.91	0
110.27	0
111.48	0
113.46	0
119.30	0
119.63	0
121.25	0
8.37	1
11.52	1
11.88	1
14.31	1
14.80	1
17.76	1
19.05	1
19.20	1
87.92	0
88.48	0
91.98	0
92.15	0
93.30	0
93.63	0
94.97	0
95.03	0
17.21	1
17.33	1
17.44	1
17.85	1
18.01	1
19.24	1
20.42	1
23.08	1
78.10	0
83.06	0
84.57	0
85.56	0
86.71	0
96.63	0
99.46	0
101.97	0
4.04	1
4.45	1
4.96	1
5.76	1
6.02	1
6.69	1
7.00	1
7.37	1
5.43	1
45.57	1
59.29	1
73.59	1
94.01	1
176.05	1
219.51	0
221.78	0
0.77	1
164.46	0
166.16	0
169.88	0
173.51	0
175.25	0
177.51	0
180.12	0
0.87	1
101.29	0
101.35	0
102.95	0
105.88	0
108.93	0
109.54	0
109.82	0
4.26	1
38.53	1
122.88	0
124.56	0
127.05	0
130.16	0
139.99	0
141.04	0
1.41	1
92.82	0
100.53	0
103.06	0
105.05	0
111.86	0
113.59	0
114.15	0
0.57	1
42.53	1
47.18	1
49.02	1
94.01	0
125.94	0
134.47	0
135.45	0
0.25	1
65.81	0
70.17	0
78.15	0
80.05	0
87.04	0
87.36	0
93.97	0
0.55	1
139.33	0
142.43	0
142.95	0
146.24	0
148.42	0
149.41	0
153.50	0
0.17	1
146.13	0
168.15	0
169.03	0
173.32	0
176.37	0
176.48	0
177.67	0
1.62	1
101.73	0
103.49	1
105.11	0
116.99	0
118.09	0
121.28	0
123.29	0
0.56	1
11.61	1
26.89	1
131.64	0
132.00	0
137.40	0
139.46	0
142.16	0
1.45	1
83.73	0
87.68	0
98.71	0
104.16	0
105.68	0
106.58	0
106.83	0
0.39	1
121.15	0
130.11	0
134.49	0
135.73	0
136.29	0
137.57	0
138.07	0
1.86	1
192.51	0
196.64	0
197.40	0
204.61	0
207.78	0
209.36	0
211.12	0
0.66	1
160.81	0
161.46	0
162.09	0
162.10	0
163.79	0
164.74	0
167.49	0
0.72	1
153.00	0
157.75	0
159.14	0
160.96	0
161.29	0
161.68	0
162.75	0
6.84	1
163.13	0
191.13	0
192.17	0
193.06	0
193.86	0
196.06	0
204.52	0
28.70	1
84.38	1
100.40	0
107.35	0
124.21	0
130.36	0
130.41	0
139.39	0
1.73	1
4.60	1
5.00	1
6.82	1
10.15	1
13.51	1
13.56	1
13.82	1
66.40	0
66.87	0
67.83	0
69.39	0
71.06	0
71.11	0
71.38	0
72.06	0
7.28	1
7.35	1
7.64	1
8.03	1
8.16	1
9.06	1
10.00	1
10.12	1
67.42	0
68.24	0
71.67	0
72.39	0
75.03	0
75.69	0
76.80	0
79.14	0
2.70	1
3.00	1
3.83	1
4.37	1
4.85	1
5.01	1
5.25	1
5.76	1
102.06	1
136.55	0
137.83	0
152.24	0
153.80	0
154.44	0
155.32	1
156.12	0
99.15	0
119.36	0
158.34	0
165.47	0
165.74	0
166.76	0
167.35	0
168.93	0
12.01	1
16.55	1
21.95	1
23.37	1
64.03	0
65.02	0
67.05	0
67.44	0
7.23	1
11.62	1
12.07	1
12.64	1
13.78	1
15.08	1
15.15	1
15.27	1
117.11	0
125.99	0
135.39	0
138.45	0
138.89	0
139.71	0
145.00	0
145.45	0
142.59	0
149.65	0
153.32	0
153.40	0
154.95	0
156.02	0
156.54	0
156.63	0
169.10	0
202.42	0
205.15	0
207.92	0
210.45	0
210.86	0
212.06	0
213.52	0
118.52	0
127.96	0
136.90	0
141.54	0
144.70	0
148.87	0
150.97	0
152.11	0
33.86	1
36.02	1
41.21	1
44.00	1
44.17	1
45.50	1
73.52	0
74.34	0
145.28	0
146.09	0
151.48	0
156.43	0
156.46	0
158.29	0
159.55	0
162.21	0
160.91	0
161.43	0
166.43	0
167.50	0
169.32	0
170.43	0
170.82	0
173.93	0
100.38	0
104.46	0
115.29	0
115.38	0
115.95	0
118.52	0
119.81	0
120.11	0
145.14	0
156.32	0
158.46	0
158.85	0
160.97	0
162.29	0
164.00	0
164.49	0
178.09	0
194.13	0
196.89	0
197.53	0
202.96	0
204.21	0
204.77	0
204.99	0
147.54	0
147.65	0
155.65	0
157.89	0
160.98	0
161.67	0
163.15	0
163.86	0
107.73	1
129.73	0
131.27	0
135.61	0
136.21	0
139.03	0
140.86	0
142.87	0
7.24	1
8.64	1
9.63	1
10.68	1
11.26	1
11.42	1
11.79	1
14.51	1
59.07	0
62.59	0
66.70	0
70.48	0
75.39	0
75.75	0
75.92	0
75.94	0
3.17	1
3.79	1
4.00	1
4.56	1
4.66	1
4.66	1
5.31	1
6.34	1
43.02	1
49.43	1
152.45	1
156.29	0
165.51	0
167.04	0
167.91	0
201.61	0
56.87	1
100.80	0
118.59	0
149.17	0
185.73	0
190.07	0
191.79	0
198.41	0
215.22	0
297.45	0
298.76	0
324.16	0
324.36	0
332.07	0
347.35	0
368.89	0
214.61	0
231.89	0
244.32	0
300.72	0
302.09	0
310.58	0
333.83	0
336.52	0
64.99	1
77.83	1
86.97	1
106.32	1
109.68	1
112.94	0
126.83	0
128.59	0
14.50	1
16.22	1
18.34	1
22.01	1
28.33	1
28.75	1
28.79	1
28.84	1
132.99	0
136.33	0
154.60	0
159.64	0
159.91	0
162.19	0
163.07	0
169.30	0
138.59	0
140.15	0
146.96	0
153.13	0
153.43	0
153.46	0
154.22	0
156.28	0
167.94	0
170.81	0
171.80	0
176.62	0
177.89	0
179.79	0
180.77	0
181.08	0
162.40	0
178.02	0
180.84	0
182.46	0
183.27	0
183.36	0
184.12	0
190.10	0
37.58	1
79.84	0
82.07	0
106.88	0
109.24	0
117.37	0
118.27	0
118.40	0
112.36	0
119.19	0
119.71	0
121.64	0
122.16	0
123.82	0
124.69	0
124.99	0
146.24	0
147.54	0
152.84	0
155.21	0
155.83	0
156.11	0
156.59	0
157.35	0
93.02	0
93.43	0
96.57	0
104.56	0
114.54	0
115.89	0
118.85	0
119.52	0
128.11	0
132.07	0
136.76	0
145.39	0
145.59	0
145.99	0
148.42	0
148.78	0
145.03	0
146.98	0
147.44	0
147.95	0
148.23	0
148.41	0
149.25	0
150.08	0
91.86	1
99.13	0
104.47	0
105.91	0
118.47	0
123.92	0
124.89	0
125.88	0
14.35	1
14.63	1
14.77	1
15.61	1
16.17	1
16.87	1
17.84	1
17.90	1
68.80	0
69.75	0
70.12	0
71.00	0
76.72	0
77.73	0
80.04	0
83.48	0
164.14	0
166.35	0
170.34	0
172.38	0
174.90	0
179.95	0
184.15	0
186.33	0
2.00	1
2.76	1
3.27	1
3.49	1
3.84	1
4.01	1
5.70	1
6.21	1
73.56	0
87.76	0
89.18	1
90.91	0
91.09	0
91.31	0
91.40	0
92.15	0
191.65	0
192.07	0
194.88	0
197.10	0
200.66	0
204.15	0
205.10	0
213.65	0
127.89	0
163.97	0
171.42	0
177.50	0
179.29	0
183.20	0
183.75	0
184.93	0
2.05	1
2.66	1
3.00	1
3.30	1
4.24	1
4.75	1
4.94	1
4.99	1
58.34	0
84.05	0
107.07	0
109.76	0
110.28	0
110.35	0
110.84	0
110.89	0
94.23	1
127.07	0
129.35	0
139.12	0
139.40	0
139.99	0
143.99	0
144.46	0
78.46	0
92.68	0
156.66	0
164.87	0
165.23	0
172.08	0
176.53	0
181.74	0
119.35	0
160.11	0
160.37	0
164.69	0
165.17	0
168.05	0
171.81	0
172.23	0
373.02	1
428.92	0
433.08	0
437.07	0
437.88	0
446.20	0
454.17	0
454.76	0
346.92	0
356.04	1
370.61	1
390.20	0
392.99	0
397.56	0
400.45	0
402.31	0
112.33	1
151.85	1
161.54	1
163.87	1
164.37	1
167.78	1
167.81	1
171.34	1
59.83	0
70.26	0
71.61	0
71.64	0
72.94	0
73.17	0
73.72	0
78.75	0
203.03	0
204.08	0
204.30	0
205.12	0
210.01	0
210.21	0
211.00	0
212.02	0
3.68	1
3.85	1
4.18	1
4.67	1
4.89	1
5.05	1
5.16	1
6.76	1
2.12	1
111.79	0
114.14	0
115.95	0
116.30	0
123.52	0
124.19	0
124.93	0
0.41	1
42.58	1
76.26	0
77.45	0
83.29	0
83.35	0
85.03	0
88.69	0
2.02	1
46.40	1
52.62	1
53.31	1
54.54	1
64.49	1
67.22	1
93.45	0
3.67	1
126.18	0
167.44	0
175.21	0
200.53	0
201.38	0
203.80	0
209.19	0
0.78	1
152.02	0
174.34	0
177.45	0
178.66	0
180.31	0
181.27	0
181.97	0
3.02	1
78.60	0
84.97	0
93.84	0
93.88	0
95.06	0
96.25	0
99.47	0
0.51	1
69.64	0
71.15	0
71.83	0
79.83	0
81.72	0
81.75	0
83.66	0
24.56	1
268.85	0
275.23	0
282.97	0
305.12	0
312.88	0
313.62	0
314.02	0
7.05	1
191.99	0
201.01	0
207.63	0
211.11	0
214.01	0
214.02	0
214.12	0
50.50	0
88.95	0
114.96	0
123.89	0
124.77	0
130.09	0
131.11	1
134.43	1
71.88	0
74.76	0
75.14	0
76.95	0
77.69	0
78.25	0
78.56	0
83.04	0
5.97	1
6.59	1
6.97	1
7.16	1
7.62	1
7.77	1
7.89	1
7.91	1
76.84	0
78.26	0
83.34	0
87.82	0
89.40	0
91.80	0
94.99	0
98.52	0
5.03	1
6.66	1
6.84	1
6.94	1
6.96	1
7.16	1
7.30	1
7.59	1
8.99	1
36.96	1
93.05	1
117.08	0
117.37	0
130.61	0
135.65	0
141.13	0
74.02	0
109.54	0
112.27	0
149.08	0
174.49	0
206.84	0
213.89	0
215.40	0
107.70	0
109.34	1
116.34	0
149.33	0
156.66	0
164.79	0
165.22	0
169.33	0
11.88	1
20.77	1
29.66	1
44.60	1
46.86	1
51.27	1
71.11	0
76.22	0
2.46	1
5.72	1
12.58	1
13.39	1
13.47	1
14.96	1
15.09	1
15.22	1
264.43	0
266.97	0
272.07	0
280.76	0
294.23	0
300.23	0
321.83	0
330.04	0
485.38	0
514.32	0
531.97	0
534.64	0
536.03	0
537.67	0
539.30	0
539.94	0
76.28	0
78.88	0
82.84	0
83.76	0
86.51	0
89.14	0
89.46	0
92.24	0
136.76	0
137.56	0
137.91	0
139.80	0
144.97	0
145.44	0
145.66	0
148.33	0
83.38	0
98.67	0
107.54	0
109.45	0
111.55	0
112.99	0
118.78	0
119.45	0
155.81	0
172.10	0
174.21	0
179.98	0
180.93	0
188.06	0
193.04	0
193.53	0
119.77	0
121.46	0
121.90	0
123.66	0
128.44	0
135.04	0
135.99	0
140.70	0
90.76	0
99.87	0
108.17	0
111.92	0
112.47	0
116.01	0
117.00	0
117.47	0
147.86	0
150.97	0
150.99	0
152.81	0
153.50	0
155.75	0
155.80	0
156.46	0
247.34	0
248.02	0
248.54	0
249.85	0
250.17	0
251.52	0
252.20	0
253.92	0
105.22	1
120.86	0
125.67	0
127.60	0
133.13	0
133.21	0
133.28	0
134.32	0
142.41	0
147.77	0
153.66	0
154.56	0
154.62	0
156.60	1
157.60	0
157.73	0
13.37	1
14.53	1
15.66	1
15.74	1
15.96	1
16.32	1
17.13	1
17.23	1
71.10	0
76.83	0
78.75	0
79.42	0
80.30	0
85.08	0
86.18	0
90.36	0
4.16	1
4.53	1
4.97	1
5.02	1
5.45	1
6.13	1
6.16	1
6.18	1
83.13	0
84.26	0
85.44	0
87.26	0
89.61	0
90.52	0
91.44	0
92.71	0
3.14	1
3.64	1
3.69	1
3.69	1
3.71	1
4.01	1
4.15	1
4.28	1
0.11	1
60.86	1
65.15	1
71.01	1
104.12	1
149.48	1
158.71	1
196.66	0
0.11	1
55.00	1
73.89	1
128.14	0
134.76	0
145.45	0
152.72	0
155.29	0
0.02	1
6.03	1
8.27	1
225.62	0
226.59	0
226.74	0
226.89	0
227.73	0
0.04	1
14.35	1
136.88	0
154.70	0
160.28	0
179.38	0
184.22	0
187.58	0
0.01	1
6.08	1
123.21	0
129.02	0
134.75	0
135.93	0
137.04	0
137.50	0
0.05	1
38.68	1
51.56	1
98.54	0
109.94	0
112.07	0
115.44	0
115.63	0
0.08	1
88.12	0
95.15	0
97.90	0
98.69	0
98.95	0
100.90	0
102.51	0
0.06	1
20.88	1
28.56	1
47.33	1
49.52	1
94.98	0
102.59	0
117.63	0
0.11	1
72.01	0
74.02	0
89.01	0
95.92	0
101.83	0
102.12	0
102.57	0
1.13	1
62.23	0
74.70	0
79.48	0
85.81	0
89.03	0
93.07	0
93.94	0
49.27	0
71.03	0
74.36	0
82.95	0
85.15	0
87.77	0
93.86	0
95.05	0
0.98	1
103.22	0
104.16	0
123.13	0
123.81	0
128.90	0
129.17	0
132.74	0
0.14	1
28.13	1
80.93	0
90.11	0
91.93	0
99.36	0
101.12	0
102.42	0
0.02	1
4.57	1
4.71	1
5.73	1
6.30	1
8.08	1
9.92	1
11.24	1
66.14	0
66.96	0
67.25	0
69.32	0
71.63	0
74.14	0
75.83	0
81.21	0
2.23	1
2.30	1
2.31	1
2.54	1
2.54	1
2.73	1
2.92	1
3.33	1
142.46	0
156.20	0
159.53	0
159.72	0
162.17	0
164.32	0
165.41	0
169.20	0
505.62	0
518.69	0
519.16	0
519.37	0
520.24	0
520.33	0
522.12	0
522.62	0
57.32	1
60.55	1
62.49	1
65.15	1
67.52	1
68.06	1
75.75	1
77.26	1
374.73	0
388.61	0
389.50	0
389.79	0
390.35	0
394.24	0
396.89	0
399.99	0
230.26	0
231.56	0
234.64	0
235.20	0
235.80	0
236.25	0
236.86	0
237.03	0
224.52	0
257.92	0
258.47	0
272.61	0
272.90	0
273.54	0
274.26	0
277.42	0
120.92	0
127.05	0
131.85	0
132.54	0
133.09	0
137.55	0
138.97	0
140.11	0
181.85	0
182.13	0
183.03	0
183.68	0
184.47	0
186.23	0
187.36	0
188.41	0
120.41	0
133.48	0
136.47	0
136.69	0
138.09	0
138.67	0
140.93	0
142.39	0
127.84	0
128.08	0
129.45	0
130.69	0
132.61	0
133.37	0
134.69	0
134.71	0
65.01	1
65.98	1
74.65	1
77.88	1
80.58	1
80.82	1
115.59	0
129.89	0
146.09	0
146.68	0
148.00	0
154.06	0
154.07	0
154.69	0
154.88	0
155.04	0
140.75	0
140.94	0
142.72	0
147.09	0
147.33	0
149.21	0
149.35	0
150.40	0
303.97	0
311.59	0
317.95	0
323.64	0
323.65	0
333.10	0
335.65	0
336.50	0
102.53	0
103.30	0
105.61	0
112.41	0
114.76	0
115.10	0
116.31	0
121.71	0
232.29	0
233.96	0
240.80	0
241.87	0
242.09	0
242.56	0
244.01	0
245.98	0
98.58	0
99.93	0
103.72	0
105.38	0
105.74	0
106.15	0
112.22	0
112.74	0
111.13	0
126.78	0
129.22	0
129.33	0
130.13	0
133.60	0
134.62	0
134.87	0
115.67	0
118.51	0
119.06	0
119.78	0
127.05	0
129.74	0
130.99	0
131.73	0
64.16	1
64.49	1
65.20	1
66.58	1
78.25	1
79.66	1
111.40	0
135.62	0
151.17	0
155.40	0
160.85	0
161.73	0
162.96	0
164.14	0
166.27	0
166.61	0
107.05	0
115.51	0
129.89	0
134.68	0
135.35	0
136.08	0
136.38	0
137.77	0
800.15	0
815.05	0
827.64	0
835.19	0
836.08	0
838.38	0
839.09	0
839.52	0
25.36	1
29.96	1
32.82	1
35.86	1
47.53	1
47.76	1
58.15	1
67.38	1
117.63	0
120.39	0
121.23	0
124.09	0
124.20	0
124.21	0
125.27	0
127.16	0
126.56	0
127.25	0
129.60	0
129.99	0
130.47	0
130.64	0
131.69	0
133.41	0
14.62	1
15.02	1
15.17	1
17.83	1
22.80	1
38.63	1
61.36	0
62.73	0
15.10	1
16.36	1
16.62	1
16.87	1
17.18	1
18.10	1
21.12	1
21.30	1
137.82	0
141.15	0
141.20	0
143.81	0
144.85	0
150.31	0
150.34	0
152.46	0
132.11	0
136.25	0
144.64	0
144.77	0
146.38	0
146.95	0
146.97	0
150.99	0
26.94	1
118.04	0
122.60	0
123.18	0
124.01	0
125.13	0
126.06	0
126.16	0
105.17	0
110.60	0
111.41	0
114.71	0
114.80	0
116.44	0
117.33	0
119.60	0
151.26	0
152.03	0
153.19	0
154.54	0
156.92	0
157.97	0
158.34	0
162.11	0
155.65	0
158.18	0
159.57	0
161.03	0
166.64	0
166.64	0
167.58	0
168.26	0
94.44	0
97.27	0
98.21	0
98.97	0
99.70	0
100.54	0
101.03	0
101.22	0
58.16	0
60.08	0
71.37	0
82.61	0
84.63	0
85.19	0
93.36	0
93.91	0
56.42	1
61.39	1
61.81	1
63.49	1
64.53	1
70.45	1
72.33	1
72.76	1
153.06	0
153.24	0
157.21	0
158.90	0
159.11	0
161.38	0
161.51	0
164.53	0
89.46	0
91.99	0
102.28	0
108.20	0
110.04	0
110.57	0
110.80	0
115.31	0
77.68	0
82.03	0
82.31	1
85.41	0
86.87	0
87.33	0
88.08	0
88.47	0
106.58	0
113.17	0
114.38	0
114.60	0
115.21	0
115.69	0
119.21	0
120.87	0
86.93	0
87.26	0
89.28	0
92.96	0
93.51	0
97.47	0
99.15	0
99.82	0
34.34	1
35.44	1
41.10	1
43.17	1
43.59	1
47.58	1
60.63	1
61.00	1
33.96	1
36.88	1
69.36	0
74.23	0
74.58	0
75.89	0
90.91	0
91.46	0
99.32	0
116.22	0
117.81	0
118.28	0
121.43	0
125.38	0
127.54	0
127.79	0
185.66	0
187.11	0
189.76	0
191.84	0
192.29	0
192.65	0
194.64	0
195.25	0
171.16	0
173.67	0
175.16	0
175.53	0
175.55	0
176.24	0
176.40	0
177.42	0
175.29	0
182.90	0
185.16	0
187.83	0
188.15	0
193.94	0
194.48	0
194.62	0
135.04	0
138.00	0
138.91	0
148.60	0
156.28	0
156.59	0
157.74	0
157.76	0
114.40	1
138.68	0
145.61	0
146.36	0
146.38	0
151.10	0
154.72	0
163.79	0
5.47	1
6.19	1
7.08	1
8.09	1
8.10	1
8.11	1
8.25	1
8.56	1
67.69	0
81.02	0
82.26	0
83.13	0
83.94	0
84.67	0
85.91	0
85.96	0
4.85	1
5.50	1
5.92	1
5.93	1
5.97	1
6.00	1
6.30	1
6.40	1
44.27	0
62.19	0
62.82	0
65.52	0
67.68	0
69.74	0
70.98	0
71.57	0
180.72	0
184.41	0
193.27	0
194.19	0
194.63	0
195.20	0
195.81	0
195.85	0
153.20	0
161.15	0
164.73	0
168.13	0
172.46	0
175.02	0
175.13	0
180.05	0
3.06	1
3.16	1
3.35	1
4.10	1
4.19	1
4.57	1
4.68	1
4.82	1
51.63	0
60.53	0
66.27	0
66.70	0
68.15	0
72.08	0
72.81	0
73.58	0
2.30	1
2.75	1
3.10	1
3.43	1
3.44	1
3.74	1
3.75	1
4.10	1
102.17	0
111.70	0
131.61	0
159.88	0
171.39	0
195.73	0
200.41	0
203.84	0
93.50	1
258.17	0
258.59	0
259.12	0
263.51	0
263.73	0
265.30	0
265.66	0
32.73	1
104.19	0
113.20	0
115.71	0
122.16	0
124.72	0
127.44	0
132.81	0
102.73	0
132.75	0
134.63	0
137.49	0
139.91	0
140.49	0
141.42	0
142.59	0
124.40	1
133.29	0
140.38	0
142.45	0
147.09	0
153.08	0
153.44	0
158.11	0
34.99	1
128.13	0
130.00	0
157.56	0
160.51	0
160.62	0
163.39	0
164.29	0
146.23	0
156.29	0
175.82	0
178.05	0
179.41	0
181.95	0
184.69	0
184.94	0
20.67	1
104.52	0
112.30	0
112.82	0
113.04	0
113.76	0
113.99	0
116.50	0
27.16	1
224.73	0
226.60	0
228.51	0
228.60	0
229.06	0
230.80	0
233.92	0
170.93	1
187.10	1
190.94	1
194.91	1
197.21	1
197.45	0
198.48	0
202.34	0
45.74	1
48.67	1
50.48	1
50.56	1
51.92	1
70.57	1
71.48	1
72.49	1
133.09	0
135.23	0
138.54	1
147.50	1
152.71	0
160.63	0
161.29	0
162.97	0
115.39	0
130.25	0
132.65	0
132.91	0
133.31	0
133.71	0
134.18	0
134.46	0
11.07	1
11.98	1
12.78	1
13.01	1
13.48	1
16.08	1
22.95	1
72.14	0
6.70	1
8.81	1
8.89	1
9.55	1
10.58	1
11.15	1
11.35	1
11.39	1
118.74	0
119.04	0
119.48	0
120.37	0
122.38	0
123.47	0
124.46	0
124.70	0
136.58	0
139.77	0
141.33	0
144.94	0
145.47	0
146.52	0
147.88	0
150.35	0
35.56	1
39.16	1
39.79	1
39.83	1
40.47	1
41.63	1
43.41	1
52.92	1
4.85	1
5.86	1
6.41	1
11.31	1
12.52	1
13.09	1
13.25	1
13.60	1
132.91	0
135.34	0
136.98	0
139.79	0
142.81	0
145.59	0
153.97	0
163.76	0
188.61	0
189.44	0
191.70	0
192.06	0
195.64	0
197.04	0
197.78	0
198.45	0
53.30	1
76.56	1
88.55	0
94.06	0
94.68	0
99.50	0
99.84	0
101.21	0
102.68	0
112.18	0
115.33	0
116.11	0
117.99	0
118.01	0
118.08	0
118.79	0
127.99	0
131.85	0
132.92	0
139.86	0
140.04	0
142.20	0
142.84	0
143.59	0
93.54	0
98.44	0
105.15	0
108.53	0
112.95	0
117.45	0
122.80	0
124.44	0
89.54	0
94.14	0
96.71	0
103.69	0
104.75	0
104.96	0
105.50	0
110.05	0
44.87	1
56.80	1
58.02	1
60.78	1
61.22	1
63.73	1
65.77	1
67.74	1
120.83	1
121.00	0
129.79	1
130.54	0
131.15	1
132.08	0
134.49	0
135.72	0
69.94	1
71.93	1
86.21	1
94.01	1
105.87	1
107.57	1
107.73	1
125.88	1
68.72	0
69.36	0
70.57	0
71.79	0
74.20	0
74.49	0
74.62	0
79.32	0
152.46	0
154.11	0
156.90	0
157.31	0
158.45	0
158.50	0
159.99	0
161.03	0
58.95	0
61.20	1
79.00	0
80.31	0
81.48	0
82.60	0
96.41	0
97.40	0
67.22	0
81.37	0
83.04	0
86.81	0
88.29	0
88.64	0
90.28	0
95.61	0
111.84	0
112.30	0
114.39	0
114.80	0
117.02	0
117.08	0
117.82	0
120.07	0
131.38	0
135.81	0
136.89	0
137.95	0
138.06	0
139.63	0
143.08	0
143.71	0
157.97	0
200.18	0
202.94	0
203.00	0
203.83	0
204.04	0
204.53	0
204.64	0
393.02	0
396.23	0
400.00	0
401.12	0
405.28	0
406.68	0
408.33	0
410.27	0
141.80	0
181.99	0
190.28	0
201.65	0
207.23	0
209.93	0
210.28	0
210.38	0
33.03	1
40.46	1
41.51	1
42.70	1
43.99	1
49.36	1
58.55	1
59.54	1
130.49	0
131.35	0
134.26	0
135.15	0
136.81	0
139.82	0
141.45	0
143.25	0
77.36	1
91.53	0
91.97	0
98.44	0
103.17	0
107.11	0
111.64	0
113.08	0
7.22	1
7.23	1
8.33	1
8.63	1
10.34	1
11.34	1
14.08	1
14.29	1
75.39	0
80.72	0
82.68	0
83.44	0
85.00	0
85.23	0
85.63	0
86.43	0
174.30	0
174.76	0
179.04	0
191.63	0
192.80	0
193.80	0
194.08	0
196.73	0
6.04	1
6.12	1
6.69	1
6.73	1
6.86	1
6.90	1
7.00	1
7.10	1
235.62	1
236.98	0
241.67	0
247.32	0
247.60	0
247.85	0
249.66	0
250.25	0
233.77	0
247.91	0
248.61	0
251.73	0
256.05	0
257.91	0
258.08	0
260.08	0
451.50	1
584.78	0
591.96	0
598.13	0
598.98	0
600.79	0
602.70	0
604.67	0
289.08	1
408.38	0
408.82	0
409.73	0
412.52	0
414.71	0
419.47	0
420.74	0
114.49	0
133.73	0
136.39	0
136.95	0
137.75	0
138.92	0
139.85	0
142.01	0
30.72	1
31.10	1
32.41	1
32.96	1
33.09	1
33.72	1
33.91	1
34.54	1
288.09	0
298.48	0
300.36	0
301.57	0
302.65	0
307.31	0
307.73	0
309.36	0
583.83	0
589.37	0
589.41	0
593.01	0
595.20	0
596.82	0
598.94	0
600.13	0
725.43	0
726.74	0
728.00	0
731.69	0
733.42	0
735.08	0
736.28	0
736.78	0
557.86	0
593.54	0
594.00	0
601.44	0
604.05	0
604.68	0
606.40	0
607.07	0
809.18	0
836.85	0
838.62	0
840.52	0
842.33	0
843.06	1
844.88	0
845.35	0
529.07	0
543.92	0
550.19	0
551.10	0
553.25	0
553.39	0
555.15	0
555.50	0
215.34	0
216.03	0
223.79	0
225.66	0
230.81	0
233.60	0
244.11	0
257.16	0
506.49	0
507.67	0
508.05	0
509.60	0
510.03	0
510.39	0
514.60	0
516.60	0
404.44	0
405.09	0
409.20	0
415.51	0
419.95	0
421.76	0
422.47	0
424.13	0
377.43	0
391.78	0
494.50	0
496.75	0
498.63	0
498.72	0
499.08	0
499.25	0
457.03	0
458.88	0
458.91	0
460.47	0
462.20	0
464.61	0
466.32	0
466.68	0
343.82	0
344.10	0
344.76	0
350.54	0
351.18	0
358.81	0
358.95	0
361.76	0
32.91	1
37.33	1
46.05	1
46.22	1
47.38	1
47.71	1
48.01	1
48.87	1
125.79	0
142.04	1
181.95	0
187.62	0
188.35	0
192.22	0
199.64	0
204.05	0
67.86	1
270.24	0
322.18	0
329.74	0
333.89	0
339.44	0
345.49	0
348.54	0
9.30	1
606.39	0
612.37	0
612.44	0
613.37	0
619.80	0
620.31	0
621.38	0
8.44	1
638.28	0
732.64	0
745.37	0
746.65	0
746.68	0
750.53	0
752.88	0
8.14	1
547.10	0
585.42	0
585.80	0
592.59	0
596.33	0
597.41	0
597.72	0
9.84	1
798.77	0
820.19	0
834.59	0
851.72	0
851.88	0
853.26	0
855.83	0
6.05	1
527.08	0
543.07	0
547.24	0
548.36	0
551.55	0
553.62	0
555.36	0
4.03	1
221.63	0
222.43	0
230.86	0
231.04	0
233.23	0
237.25	0
245.26	0
2.38	1
470.17	0
513.75	0
514.91	0
516.29	0
517.52	0
517.92	0
518.24	0
1.66	1
403.97	0
406.76	0
409.26	0
415.27	0
421.79	0
422.86	0
423.35	0
2.39	1
375.05	0
389.63	0
397.82	0
421.63	0
499.81	0
504.13	0
506.36	0
3.72	1
426.07	0
451.27	0
465.42	0
465.46	0
467.33	0
469.31	0
470.23	0
1.95	1
346.82	0
346.99	0
347.81	0
353.62	0
354.07	0
362.87	0
362.94	0
3.32	1
34.11	1
39.54	1
50.64	1
51.25	1
51.77	1
52.89	1
53.79	1
138.95	1
144.33	0
155.57	0
166.15	0
166.67	0
168.84	0
170.65	0
173.33	0
245.22	0
248.45	0
249.74	0
251.54	0
253.48	0
253.48	0
253.58	0
253.70	0
31.40	1
103.27	0
107.86	0
111.27	0
114.55	0
114.68	0
116.70	0
121.89	0
204.16	1
296.29	0
314.64	0
316.44	0
317.30	0
320.24	0
322.29	0
324.96	0
227.23	0
234.23	0
235.33	0
240.10	0
243.21	0
243.26	0
245.80	0
248.32	0
173.81	0
175.80	0
175.94	0
176.10	0
176.49	0
176.77	0
177.12	0
177.65	0
215.67	0
218.67	0
224.36	0
226.76	0
227.22	0
228.85	0
230.26	0
231.66	0
257.92	0
258.57	0
269.66	0
270.56	0
271.00	0
272.54	0
272.93	0
273.37	0
127.91	0
133.87	0
138.32	0
140.86	0
141.83	0
142.91	0
142.92	0
144.39	0
144.95	0
146.89	0
149.16	0
152.35	0
152.36	0
155.14	0
155.52	0
159.89	0
125.45	1
165.45	1
169.76	0
175.78	0
180.51	0
181.09	0
182.33	0
182.44	0
217.30	0
219.60	0
228.72	0
228.86	0
228.92	0
230.43	0
233.08	0
233.13	0
243.46	0
243.46	0
243.56	0
245.61	0
247.16	0
248.47	0
248.90	0
249.08	0
207.82	0
211.48	0
214.42	0
218.40	0
218.68	0
220.11	0
224.35	0
225.21	0
190.79	0
192.67	0
195.62	0
196.20	0
197.70	0
199.65	0
205.68	0
209.09	0
214.33	0
214.91	0
219.70	0
222.09	0
222.53	0
222.73	0
222.87	0
223.88	0
219.64	0
220.96	0
225.54	0
225.55	0
229.68	0
231.08	0
232.47	0
233.84	0
146.52	0
152.66	0
158.30	0
161.08	0
161.75	0
162.53	0
164.46	0
164.67	0
143.67	0
146.44	0
149.79	0
157.17	0
160.73	0
161.16	0
166.46	0
169.52	0
175.35	1
205.84	1
207.66	0
211.60	0
225.90	0
226.72	0
227.92	0
228.24	0
208.98	0
213.39	0
214.85	0
214.93	0
218.56	0
220.29	0
221.72	0
221.82	0
193.29	0
220.54	0
229.98	0
241.55	0
244.03	0
244.58	0
245.91	0
247.02	0
154.72	0
156.90	0
157.89	0
158.72	0
160.56	0
160.67	0
161.84	0
166.04	0
537.10	0
540.18	0
542.02	0
542.93	0
542.97	0
543.27	0
545.43	0
546.80	0
117.08	0
118.94	0
125.22	0
125.28	0
128.82	0
131.26	0
133.03	0
135.32	0
75.89	1
77.79	1
79.83	1
80.17	1
84.46	1
84.75	1
89.85	1
97.76	1
15.65	1
17.53	1
18.96	1
19.71	1
19.93	1
22.00	1
22.30	1
22.40	1
132.19	1
211.94	0
222.44	0
224.99	0
226.69	0
233.09	1
234.84	0
235.13	0
209.77	0
211.33	0
244.36	1
249.80	0
261.75	0
277.16	0
282.64	0
284.36	0
18.66	1
173.40	0
216.86	0
232.82	0
237.09	0
237.09	0
237.77	0
238.48	0
221.74	0
221.86	0
228.78	0
229.72	0
238.92	0
251.44	0
255.61	0
256.25	0
160.35	0
224.29	0
227.31	0
232.49	0
262.29	0
271.36	0
278.34	0
293.42	0
164.13	0
218.78	0
234.27	0
242.31	0
264.44	0
310.41	0
310.51	0
315.45	0
367.53	0
385.79	0
385.99	0
386.78	0
388.02	0
389.01	0
390.81	0
391.61	0
149.86	0
151.95	0
154.18	0
156.73	0
157.51	0
159.15	0
159.57	0
161.39	0
95.01	1
173.16	0
184.12	0
199.82	0
211.12	0
235.22	0
237.28	0
241.67	0
9.91	1
180.60	0
183.66	0
185.52	0
185.75	0
186.30	0
186.48	0
187.38	0
154.58	1
272.28	0
288.41	0
310.71	1
322.83	0
336.84	0
338.63	0
359.12	0
202.05	0
209.58	0
211.40	0
291.21	0
299.00	0
300.40	0
306.75	0
310.84	0
142.11	0
148.92	0
150.40	0
155.38	0
156.70	0
158.25	0
161.92	0
163.32	0
139.73	0
162.44	0
188.18	0
201.20	0
201.40	0
203.02	0
207.66	0
207.98	0
176.88	1
198.76	1
225.15	0
230.65	0
237.07	0
237.32	0
239.70	0
240.38	1
259.87	0
275.35	0
309.87	0
326.66	0
328.07	0
333.98	0
335.25	0
335.25	0
305.45	0
310.07	0
310.17	0
317.15	0
317.72	0
318.67	0
318.72	0
318.88	0
307.45	0
311.51	0
312.89	0
315.86	0
317.57	0
317.85	0
321.42	0
321.74	0
158.51	1
197.06	0
212.33	0
220.94	0
225.22	0
230.56	0
232.31	0
233.62	0
143.01	0
162.04	0
162.73	0
170.25	0
172.30	0
173.47	0
175.87	0
175.90	0
370.46	0
371.53	0
372.75	0
377.96	0
378.97	0
379.64	0
380.06	0
380.31	0
398.36	0
507.85	0
512.93	0
516.22	0
516.24	0
516.25	0
519.45	0
520.05	0
149.97	1
180.40	0
181.94	0
185.20	0
195.59	0
195.88	0
199.47	0
200.09	0
143.13	0
164.80	0
174.11	0
179.06	0
185.47	0
186.88	0
187.53	0
189.02	0
163.07	0
163.54	0
198.61	0
242.49	0
244.49	0
245.91	0
247.44	0
250.09	0
229.34	0
237.05	0
239.56	0
239.77	0
240.17	0
240.62	0
241.62	0
242.82	0
153.40	0
155.99	0
162.80	0
210.95	0
214.51	0
221.02	0
230.74	0
230.99	0
99.28	0
132.54	0
196.97	0
225.19	0
257.79	0
262.67	0
277.31	0
279.35	0
86.88	0
91.00	0
172.27	0
176.40	0
178.96	0
179.68	0
181.16	0
185.88	0
78.22	0
84.98	0
135.74	0
143.22	0
149.20	0
151.28	0
153.70	0
154.82	0
205.13	0
246.46	0
271.72	0
276.20	0
277.14	0
278.54	0
278.97	0
279.14	0
234.33	1
239.42	1
242.21	1
247.89	1
249.13	1
251.32	1
252.17	1
253.99	1
249.17	0
249.30	0
249.69	0
253.07	0
258.59	0
258.75	0
259.97	0
260.86	0
226.57	0
227.69	0
228.24	0
232.52	0
235.21	0
237.08	0
239.50	0
240.83	0
77.29	1
132.67	0
136.36	0
148.31	0
149.82	0
152.77	0
153.16	0
153.22	0
240.58	0
246.10	0
246.96	0
247.72	0
248.27	0
249.27	0
249.71	0
249.72	0
300.33	0
309.07	0
309.71	0
312.42	0
313.10	0
314.75	0
315.78	0
316.36	0
203.51	0
203.67	0
204.53	0
204.98	0
210.03	0
211.62	0
214.79	0
220.57	0
278.86	0
284.64	0
285.46	0
286.76	0
287.06	0
287.94	0
288.16	0
289.62	0
88.89	0
120.82	0
123.88	0
124.19	0
125.41	0
130.86	0
132.24	0
138.83	0
212.27	0
310.77	0
311.40	0
321.36	0
324.51	0
326.20	0
327.25	0
329.19	0
188.73	0
199.24	0
199.98	0
201.73	0
207.95	0
209.84	0
211.19	0
214.15	0
241.81	0
244.04	0
266.76	0
319.43	0
320.31	0
322.66	0
323.73	0
328.69	0
169.61	0
174.55	0
224.07	0
225.48	0
225.64	0
225.90	0
226.64	0
233.39	0
68.19	0
110.85	0
114.19	0
115.42	0
116.51	0
116.99	0
118.17	0
121.24	0
206.32	0
254.44	0
259.37	0
263.77	0
265.12	0
267.41	0
269.34	0
273.64	0
259.61	0
262.30	0
262.36	0
262.63	0
264.06	0
264.64	0
264.87	0
265.60	0
345.24	0
357.84	0
360.19	0
361.94	0
362.53	0
367.21	0
367.82	0
371.43	0
305.20	0
321.80	0
332.33	0
343.72	0
347.41	0
348.32	0
349.03	0
358.33	0
80.65	0
87.42	0
88.00	0
95.45	0
95.58	0
98.28	0
98.52	0
99.59	0
345.76	0
347.96	0
355.45	0
356.31	0
359.21	0
363.60	0
364.17	0
366.25	0
335.25	0
340.50	0
343.93	0
344.19	0
345.98	0
346.19	0
346.43	0
349.69	0
113.30	1
128.24	1
130.18	1
130.67	1
130.76	1
132.62	1
132.79	1
137.72	1
3.61	1
15.81	1
18.17	1
19.10	1
19.24	1
20.80	1
23.01	1
23.04	1
104.81	1
145.99	1
148.82	1
153.95	0
174.24	1
174.97	0
177.73	0
179.19	0
251.36	0
255.24	0
276.71	0
282.78	0
283.45	0
287.48	0
291.92	0
291.98	0
208.04	1
232.62	1
250.36	0
253.20	0
256.04	0
260.82	0
260.88	0
265.48	0
197.56	0
202.03	0
207.30	0
210.97	0
235.18	0
237.23	0
249.08	0
251.82	0
159.53	0
188.81	0
198.25	0
201.24	0
202.06	0
202.63	0
204.43	0
204.46	0
94.13	0
107.83	1
118.50	0
119.40	0
133.48	0
137.99	0
140.15	0
140.66	0
220.90	0
221.18	0
235.40	0
236.60	0
236.66	0
246.16	0
248.19	0
252.47	0
307.21	0
310.55	0
317.27	0
318.76	0
320.87	0
328.11	0
329.15	0
333.05	0
225.65	0
227.22	1
228.40	0
230.13	0
234.76	0
238.76	0
246.34	0
247.69	0
102.19	1
131.96	1
132.54	1
144.28	0
151.62	0
158.08	0
158.48	0
159.56	0
122.56	0
135.57	0
144.61	0
149.25	0
149.92	0
151.34	0
155.74	0
155.83	0
96.23	0
96.86	0
101.61	0
104.70	0
106.82	0
106.82	0
109.82	0
111.00	0
188.97	0
206.36	0
224.79	0
228.45	0
231.07	0
234.19	0
238.15	0
238.97	0
73.95	1
126.74	0
247.58	0
259.62	0
260.24	0
263.46	0
264.49	0
264.58	0
60.60	1
148.38	0
206.40	0
219.62	0
235.61	0
239.62	0
241.04	0
241.73	0
78.43	1
428.92	0
431.15	0
439.36	0
444.52	0
444.72	0
444.93	0
446.10	0
112.18	0
134.18	1
178.95	0
180.30	0
194.00	0
200.32	0
200.35	0
203.22	0
8.87	1
173.52	0
174.55	0
175.37	0
179.24	0
181.67	0
183.48	0
185.86	0
111.11	0
122.13	1
125.94	0
126.10	1
132.23	0
136.80	0
138.18	0
142.58	0
212.50	1
216.32	0
217.39	1
230.16	1
238.71	1
239.11	1
241.54	0
243.08	1
169.88	0
194.10	0
234.98	0
237.43	1
242.37	0
243.62	0
244.39	0
251.72	0
238.69	0
239.30	0
241.03	0
369.89	0
496.69	0
497.26	0
498.04	0
499.85	0
525.37	0
532.46	0
548.06	0
551.18	0
554.77	0
555.13	0
557.33	0
562.60	0
236.11	0
242.66	0
243.89	0
256.30	0
256.93	0
262.67	0
262.93	0
265.07	0
549.91	0
550.90	0
553.77	0
555.12	0
556.10	0
565.85	0
569.27	0
570.34	0
633.33	0
633.78	0
638.65	0
641.23	0
643.18	0
645.16	0
646.20	0
646.99	0
251.12	0
308.15	0
331.05	0
333.58	0
335.44	0
336.30	0
339.07	0
341.60	0
84.83	1
97.62	1
133.89	0
141.78	0
154.41	1
171.33	0
195.99	0
209.54	0
27.58	1
41.77	1
47.57	1
242.49	0
246.28	0
246.48	0
246.99	0
247.49	0
107.82	0
114.58	0
183.56	0
227.50	0
230.03	0
246.61	1
254.10	1
260.23	0
71.38	1
95.82	1
204.60	0
275.48	0
276.34	0
278.88	0
290.33	0
290.34	0
62.65	1
63.97	1
553.10	0
557.37	0
557.67	0
562.15	0
562.49	0
563.63	0
38.71	1
42.39	1
613.58	0
623.76	0
680.83	0
680.96	0
682.04	0
683.92	0
37.97	1
44.92	1
564.68	0
598.02	0
598.33	0
605.36	0
605.41	0
608.16	0
62.86	1
65.72	1
792.17	0
798.15	0
799.12	0
801.03	0
802.13	0
803.63	0
72.47	1
77.62	1
581.91	0
603.93	0
605.17	0
605.52	0
606.16	0
606.90	0
210.89	0
216.32	0
216.50	0
225.57	0
226.12	0
233.13	0
235.70	0
244.60	0
630.23	0
636.02	0
639.74	0
643.22	0
644.53	0
644.71	0
645.12	0
646.88	0
646.62	0
646.91	0
647.29	0
647.41	0
647.41	0
648.82	0
650.68	0
652.04	0
442.02	0
447.05	0
450.55	0
452.86	0
453.45	0
454.59	0
454.95	0
455.66	0
398.64	1
467.64	0
490.68	0
500.99	0
516.09	0
520.50	0
521.16	0
521.72	0
143.83	1
192.70	1
364.72	0
365.14	0
377.31	0
379.86	0
380.63	0
380.84	0
80.17	1
89.03	1
118.02	0
119.24	0
126.96	1
145.55	0
172.54	0
180.12	0
31.33	1
48.97	1
49.10	1
231.60	0
234.67	0
235.43	0
236.23	0
236.39	0
164.90	0
174.05	0
174.81	0
183.83	0
183.99	0
188.73	0
193.64	0
198.88	0
152.06	0
152.30	0
153.64	0
153.79	0
155.33	0
157.59	0
158.84	0
160.33	0
151.20	0
169.35	0
177.03	0
177.85	0
178.01	0
180.62	0
180.76	0
181.69	0
352.04	0
393.64	0
394.23	0
416.82	0
417.23	0
425.82	0
429.18	0
431.43	0
271.99	0
332.62	0
356.65	0
358.21	0
360.40	0
362.43	0
362.75	0
365.70	0
105.35	0
116.47	0
117.53	0
134.69	0
146.98	0
164.18	0
171.01	0
180.87	0
189.69	0
217.31	0
241.90	0
244.73	0
262.63	0
266.38	0
270.83	0
271.45	0
598.17	0
608.65	0
619.93	0
622.47	0
622.83	0
627.90	0
627.99	0
629.72	0
611.98	0
614.74	0
623.03	0
625.96	0
627.21	0
634.20	0
635.16	0
636.43	0
622.29	0
630.72	0
638.62	0
640.30	0
640.89	0
641.67	0
643.44	0
645.10	0
492.44	0
497.97	0
567.61	0
569.29	0
569.62	0
578.64	0
579.07	0
579.81	0
153.34	0
183.64	0
360.78	0
369.61	0
373.95	0
374.41	0
381.25	0
382.49	0
125.81	0
131.46	1
274.41	0
281.79	0
284.89	0
287.46	0
308.02	0
311.52	0
94.73	1
604.67	0
605.40	0
607.21	0
611.50	0
613.86	0
616.59	0
619.44	0
107.49	1
535.84	1
551.27	0
556.37	0
561.53	0
576.28	0
581.41	0
582.50	0
88.03	0
89.41	0
91.33	1
94.98	0
112.34	0
118.21	0
119.71	0
120.88	0
217.42	0
225.25	0
230.04	0
232.17	0
237.32	0
238.00	0
242.62	0
242.62	0
94.54	0
117.01	0
234.65	0
250.06	0
250.21	0
251.43	0
253.64	0
257.50	0
130.02	0
137.92	0
138.73	0
140.17	0
141.54	0
143.03	0
144.08	0
144.16	0
93.53	0
102.95	0
108.65	0
115.60	1
117.25	0
128.34	0
128.53	0
129.96	0
45.20	1
75.91	0
88.94	0
92.04	0
98.09	0
98.50	0
100.17	0
101.63	0
28.76	1
34.07	1
35.00	1
35.01	1
36.44	1
36.89	1
37.22	1
37.94	1
134.43	1
137.50	1
158.31	1
170.81	1
194.84	0
195.65	0
195.83	0
198.32	0
222.34	0
229.58	0
230.36	0
230.37	0
233.72	0
237.39	0
240.85	0
241.01	0
234.53	0
244.10	0
244.52	0
251.56	0
251.92	0
252.47	0
253.67	0
256.61	0
208.41	0
216.33	0
221.61	0
221.64	0
223.83	0
226.18	0
227.72	0
229.37	0
114.20	1
142.45	0
145.05	1
151.06	0
154.40	0
154.95	0
156.31	0
156.82	0
191.55	0
194.29	0
201.70	0
206.43	0
206.83	0
211.91	0
212.68	0
213.10	0
139.42	0
149.09	0
154.27	0
154.56	0
157.75	0
160.09	0
161.32	0
164.44	0
204.41	0
210.72	0
212.63	0
215.31	0
215.70	0
215.70	0
216.82	0
217.62	0
157.54	0
168.36	0
169.10	0
172.96	0
175.08	0
175.46	0
176.19	0
177.53	0
166.83	0
172.88	0
178.66	0
179.54	0
179.94	0
180.59	0
180.89	0
181.72	0
72.50	1
75.47	1
80.06	1
82.55	1
82.82	1
83.68	1
85.77	1
88.84	1
167.59	0
172.23	0
176.39	0
176.43	0
189.85	0
192.32	0
194.39	0
194.71	0
152.31	0
159.37	0
161.83	0
161.99	0
164.24	0
165.04	0
170.18	0
173.96	0
198.43	0
202.85	0
207.33	0
208.21	0
211.05	0
211.20	0
211.48	0
212.09	0
135.71	0
140.32	1
141.94	0
144.65	0
144.82	0
145.28	0
146.99	0
147.01	0
215.78	0
216.53	0
217.77	0
219.57	0
219.73	0
221.01	0
221.21	0
224.80	0
184.20	0
184.29	1
197.94	0
199.01	0
213.52	0
218.02	0
219.26	0
219.44	0
323.01	0
328.15	0
332.66	0
332.90	0
333.74	0
334.99	0
336.67	0
337.25	0
270.76	0
274.11	0
286.39	0
292.52	0
293.84	0
294.19	0
295.89	0
297.07	0
100.21	1
101.74	1
108.35	1
112.02	1
114.53	0
119.41	1
119.96	1
120.72	1
123.84	0
133.55	0
140.12	0
142.40	0
143.95	0
145.77	0
146.54	0
147.49	0
36.47	1
40.82	1
49.06	1
49.18	1
49.23	1
52.52	0
63.96	1
70.22	1
16.87	1
55.33	1
65.02	0
67.95	0
71.54	0
75.88	0
79.41	0
80.20	0
170.15	0
171.63	0
188.33	0
202.56	1
202.61	1
204.59	1
206.40	1
209.96	1
192.28	0
197.73	0
197.84	0
201.02	0
206.72	0
207.85	0
210.90	0
211.95	0
211.34	0
211.82	0
217.59	0
218.31	0
219.52	0
221.27	0
221.40	0
222.71	0
158.49	0
161.33	0
170.82	0
171.28	0
171.34	0
171.44	0
171.57	0
173.74	0
224.40	0
226.29	1
230.92	0
242.77	0
242.78	0
245.78	0
248.20	0
249.87	0
253.15	0
253.50	0
253.94	0
255.69	0
256.83	0
259.69	0
259.80	0
261.66	0
286.22	0
292.74	0
300.55	0
304.52	0
305.31	0
305.50	0
306.13	0
306.47	0
52.78	1
86.01	0
88.50	0
89.66	0
90.36	0
93.60	0
97.60	0
97.90	0
142.53	0
147.37	0
149.10	0
150.73	0
153.23	0
154.82	0
155.99	0
158.09	0
146.20	0
151.04	0
153.31	0
156.09	0
157.18	0
157.51	0
157.97	0
158.80	0
111.71	0
115.86	0
119.18	0
124.41	0
126.14	0
126.80	0
127.41	0
130.27	0
224.52	0
234.54	0
234.94	0
258.96	0
264.66	0
266.81	0
277.37	0
277.40	0
94.33	0
94.42	0
105.70	0
126.22	0
130.63	0
131.47	0
134.01	0
137.23	0
134.89	0
156.38	0
169.58	1
191.46	0
195.13	0
195.49	0
201.04	0
203.05	0
137.11	0
139.73	1
169.61	0
207.49	0
207.66	0
208.01	0
212.94	0
228.02	0
44.48	0
301.17	0
302.55	0
308.59	0
310.52	0
311.58	0
312.73	0
313.28	0
189.24	0
189.56	0
194.00	0
200.78	0
203.22	0
203.32	0
204.39	0
205.26	0
194.19	0
230.03	0
243.79	0
252.85	0
266.01	0
270.87	0
274.79	0
274.82	0
142.28	0
159.11	0
288.69	0
319.28	1
321.42	1
362.37	0
372.60	0
384.11	0
144.48	0
144.82	0
156.12	1
156.25	0
162.35	0
163.68	0
170.26	0
171.71	0
229.45	0
236.11	0
240.76	0
242.39	0
242.69	0
246.26	0
247.58	0
248.00	0
112.23	0
130.92	0
136.59	0
137.21	0
137.39	0
143.54	0
144.14	0
150.54	0
128.92	0
132.28	0
179.42	1
187.84	0
188.35	0
203.59	0
203.84	0
207.12	0
75.47	0
150.03	0
178.11	1
202.54	0
243.65	0
251.05	0
252.48	0
252.49	0
4.36	1
71.11	1
126.75	0
128.48	0
141.91	0
142.03	0
143.54	0
143.61	0
6.95	1
245.18	0
253.86	0
256.01	0
257.07	0
257.14	0
259.17	0
259.48	0
9.07	1
294.39	0
299.34	0
308.71	0
308.88	0
309.19	0
309.80	0
310.13	0
120.76	1
223.27	0
229.59	0
239.00	0
249.06	0
249.23	0
255.22	0
256.65	0
24.33	1
293.79	0
300.16	0
300.56	0
301.99	0
302.82	0
303.89	0
304.04	0
91.28	0
112.66	0
124.61	1
163.26	1
163.84	1
166.73	1
167.09	1
167.47	0
5.86	1
8.15	1
23.68	1
24.71	1
25.39	1
26.47	1
28.49	1
28.64	1
176.57	0
178.07	0
179.85	0
187.66	0
224.30	0
224.95	0
229.22	0
229.58	0
177.64	1
193.61	0
195.61	1
213.06	1
223.42	0
225.80	0
232.17	1
239.81	0
72.91	1
131.22	0
168.31	1
202.18	0
203.12	0
204.68	0
221.32	0
224.07	0
5.01	1
8.31	1
60.96	1
112.03	0
114.40	0
127.11	0
127.77	0
128.12	0
7.42	1
7.69	1
231.87	0
238.76	0
239.93	0
243.94	0
243.95	0
244.58	0
10.55	1
12.48	1
314.23	0
321.59	0
322.42	0
324.62	0
326.10	0
326.81	0
101.32	1
139.65	1
165.56	0
189.20	0
196.15	0
203.84	0
209.47	0
216.02	0
18.49	1
18.94	1
292.17	0
300.11	0
300.97	0
300.97	0
301.21	0
301.53	0
145.85	1
188.52	1
202.46	1
205.21	0
214.73	0
221.12	0
230.21	0
234.89	0
242.52	0
243.76	0
249.64	0
250.94	0
253.44	0
253.76	0
255.20	0
257.21	0
158.34	0
170.94	0
172.56	0
175.88	0
177.60	1
181.22	0
182.81	0
184.01	1
82.31	1
155.79	0
160.53	0
169.92	0
208.05	0
225.53	0
239.42	0
240.33	0
134.06	1
168.07	0
174.91	1
189.94	0
192.36	0
197.92	0
199.28	0
199.90	0
35.06	1
66.90	1
98.11	0
115.28	0
116.47	0
122.64	0
123.78	0
126.25	0
18.61	1
76.06	1
114.86	1
125.81	0
133.56	0
136.80	1
146.82	0
149.00	0
33.47	1
42.07	1
106.40	0
148.26	0
151.86	0
154.01	0
154.53	0
155.59	0
130.23	1
136.19	0
148.28	0
149.60	1
161.09	0
167.94	0
168.10	0
170.34	0
217.87	0
218.64	0
225.22	0
229.94	0
231.39	0
231.41	0
231.77	0
231.96	0
214.34	0
214.95	0
222.80	0
224.64	0
224.79	0
228.27	0
230.58	0
231.48	0
107.67	0
109.07	0
113.59	0
114.21	0
119.94	0
122.38	0
124.30	0
124.32	0
159.63	1
160.44	1
186.08	0
186.72	1
188.73	0
189.89	0
193.96	1
194.13	0
87.82	0
165.53	0
169.40	0
171.60	1
172.92	0
183.24	0
184.40	0
198.72	0
70.08	1
91.33	0
289.71	0
290.63	0
297.41	0
297.84	0
298.66	0
299.02	0
31.31	1
182.20	0
184.20	0
189.35	0
189.57	0
190.28	0
192.57	0
193.71	0
191.39	1
240.71	0
256.50	0
275.61	0
289.29	0
297.98	0
300.42	0
304.01	0
77.13	1
201.14	0
225.17	0
288.98	1
289.74	1
341.21	0
372.87	0
374.48	0
237.89	0
244.02	0
247.61	0
267.89	0
269.41	0
276.02	0
277.26	0
277.75	0
147.69	1
152.70	1
161.02	0
174.71	0
180.04	1
185.01	1
196.23	0
199.16	0
97.95	1
159.14	0
161.39	0
161.59	0
175.31	0
189.14	0
190.76	0
192.02	0
90.94	1
129.83	0
148.79	0
160.61	0
165.77	0
177.41	0
179.51	0
179.97	0
130.90	1
133.18	1
134.37	1
135.14	1
135.82	1
139.45	1
141.69	1
142.04	0
2.56	1
2.64	1
6.94	1
12.68	1
14.59	1
16.74	1
16.89	1
16.98	1
142.58	0
150.42	0
165.23	0
173.82	0
182.04	0
185.76	0
186.42	0
189.25	0
142.94	0
150.23	0
152.99	0
153.75	0
154.37	0
155.81	0
157.20	0
157.32	0
103.51	0
105.60	0
106.77	0
108.17	0
111.87	0
112.17	0
119.31	0
119.31	0
112.64	1
113.25	0
129.74	0
134.88	0
137.57	0
138.56	0
140.03	0
145.14	0
169.00	0
171.33	0
173.33	0
173.48	0
175.44	0
177.75	0
180.27	0
180.55	0
156.08	0
158.17	0
159.11	0
160.45	0
162.83	0
162.91	0
164.58	0
164.77	0
96.31	1
98.51	0
102.29	1
110.55	0
111.54	0
112.19	0
112.23	0
115.30	0
169.83	0
193.20	0
207.12	0
211.38	0
222.58	0
223.05	0
227.11	0
227.15	0
131.94	1
162.61	0
169.17	1
171.29	0
182.00	0
182.42	0
187.26	0
205.67	0
62.55	0
70.40	0
226.44	0
226.60	0
227.12	0
228.06	0
228.79	0
229.28	0
105.02	0
105.32	0
106.22	0
109.50	0
113.49	0
116.11	0
120.20	0
120.26	0
70.52	0
135.05	1
161.28	0
173.33	0
173.58	0
177.11	1
183.60	0
192.43	0
26.85	1
91.16	1
117.17	0
292.87	0
301.95	0
308.25	0
308.76	0
309.18	0
13.53	1
41.13	1
196.63	0
200.10	0
203.66	0
207.36	0
208.85	0
209.72	0
174.90	1
186.17	1
230.67	0
254.30	0
257.51	0
267.13	0
268.00	0
275.98	0
50.69	1
121.76	1
257.46	0
289.53	0
311.24	1
311.54	1
393.03	0
399.93	0
103.11	0
104.76	0
115.42	0
124.34	0
125.16	0
126.07	0
131.90	0
132.05	0
258.90	0
264.82	0
273.24	0
277.70	0
281.16	0
283.77	0
286.27	0
286.29	0
232.82	1
237.94	0
248.11	1
252.06	1
252.91	1
255.52	0
258.29	1
260.44	1
138.78	0
152.82	0
159.54	0
165.51	0
178.71	0
183.03	0
183.35	0
185.23	0
158.00	0
158.57	0
175.46	0
177.46	0
184.03	0
190.49	0
192.00	0
194.26	0
173.24	0
179.11	0
179.44	0
183.31	0
183.71	0
183.81	0
184.35	0
186.11	0
158.45	0
168.29	0
176.41	0
180.32	0
182.65	0
184.96	0
186.23	0
186.53	0
82.51	0
94.89	1
97.91	0
98.12	0
102.14	0
102.40	0
102.61	1
102.83	0
69.07	1
102.79	0
107.43	1
126.40	1
126.59	0
132.61	1
155.85	0
157.15	1
32.05	1
52.19	0
104.05	1
111.44	0
137.09	0
157.47	0
158.88	0
159.14	0
37.99	1
81.84	1
104.21	0
119.84	0
119.98	0
141.58	0
143.75	0
152.51	0
51.90	1
55.78	1
56.77	1
56.84	1
58.81	1
59.58	1
67.59	1
69.25	1
1.87	1
3.37	1
3.91	1
7.61	1
13.77	1
15.61	1
16.35	1
17.31	1
90.11	0
132.29	0
161.10	0
170.52	0
177.71	0
205.79	0
208.57	0
208.90	0
101.87	0
135.71	1
139.47	0
153.08	0
153.26	0
160.89	0
161.09	0
162.34	0
23.04	1
23.77	1
90.50	1
108.09	0
284.16	0
285.90	0
288.99	0
293.27	0
11.44	1
11.84	1
45.35	1
185.56	0
188.84	0
189.30	0
194.24	0
195.89	0
154.12	1
158.60	1
245.24	1
249.20	0
250.82	0
252.95	0
268.85	0
270.57	0
28.73	1
44.87	1
124.07	1
254.87	0
291.95	0
323.28	1
324.03	1
385.91	0
174.49	0
188.06	0
193.08	0
195.03	0
201.55	0
203.26	0
204.39	0
204.40	0
52.90	1
143.13	1
152.63	0
170.61	1
174.33	0
176.58	0
177.58	0
178.27	0
13.92	1
54.13	0
60.95	0
206.83	0
208.08	0
208.33	0
208.42	0
210.50	0
75.18	0
102.28	0
112.61	0
114.94	0
114.95	0
123.30	0
124.25	0
124.46	0
222.21	0
222.62	0
224.02	0
225.79	0
230.40	0
230.45	0
231.69	0
231.83	0
43.29	1
53.22	1
55.90	1
57.27	1
58.81	1
60.10	1
60.19	1
65.63	1
2.41	1
2.62	1
3.80	1
4.30	1
9.30	1
12.31	1
13.70	1
15.72	1
115.47	1
136.91	1
144.30	1
146.96	0
150.90	1
157.90	1
157.96	0
171.44	0
174.07	0
175.67	0
180.72	0
181.45	0
181.71	0
181.92	0
183.12	0
183.27	0
175.46	0
179.78	0
185.05	0
186.79	0
188.70	0
193.02	0
194.69	0
195.70	0
79.30	1
96.82	0
98.41	0
98.82	0
99.92	0
100.25	0
103.04	0
104.40	0
186.11	0
200.53	1
203.55	1
210.34	1
214.78	0
218.25	1
220.06	0
220.47	1
209.04	0
213.97	0
224.28	0
225.28	0
227.33	0
232.88	0
237.60	0
237.76	0
58.17	1
117.94	0
119.31	0
119.47	0
121.35	0
124.50	0
126.76	0
127.04	0
41.25	1
42.62	1
46.69	1
73.91	0
77.93	0
85.10	0
88.29	0
96.85	0
78.38	1
135.22	0
149.73	0
157.95	0
164.63	0
166.64	0
167.63	0
171.31	0
56.65	1
181.78	0
185.28	0
185.59	0
200.09	0
226.42	0
233.53	0
239.55	0
47.35	1
195.83	0
228.84	0
234.89	0
242.32	0
258.52	0
260.31	0
260.97	0
20.06	1
304.27	0
305.76	0
305.89	0
308.14	0
310.25	0
312.51	0
312.53	0
10.42	1
149.90	1
150.62	1
191.62	0
194.46	0
204.76	0
220.29	0
225.85	0
42.64	1
85.84	0
106.87	0
107.05	0
112.75	0
115.38	0
116.14	0
116.94	0
39.43	1
67.39	0
145.07	1
146.95	0
161.57	1
161.63	0
170.19	0
177.00	0
14.65	1
25.06	1
31.73	1
94.09	1
116.43	0
297.90	0
301.80	0
303.03	0
8.48	1
13.13	1
14.94	1
38.43	1
189.99	0
190.33	0
196.13	0
196.94	0
99.52	1
147.05	1
169.49	1
218.52	1
248.43	0
252.70	0
260.03	0
269.75	0
31.59	1
49.71	1
59.46	1
122.49	1
217.43	0
248.02	0
267.99	1
269.40	1
116.81	1
120.13	1
125.21	0
126.42	0
140.23	0
148.75	1
150.03	0
153.55	0
181.15	0
188.49	0
200.91	0
203.01	0
206.31	0
207.96	0
208.57	0
209.47	0
114.40	0
116.19	0
121.34	0
125.45	0
137.86	0
140.44	0
142.39	0
143.01	0
64.39	0
69.85	0
109.39	0
109.70	0
114.47	0
115.07	0
118.26	0
118.60	0
172.35	0
182.06	0
190.77	1
199.83	1
203.53	0
205.13	0
214.58	0
218.96	1
216.95	0
223.66	0
226.09	0
228.50	0
234.65	0
235.77	0
237.84	0
238.08	0
152.56	0
161.29	0
161.49	0
168.12	0
175.84	0
178.22	0
183.14	0
183.76	0
78.88	1
96.93	0
101.45	0
104.91	0
105.31	0
105.34	0
106.00	0
107.34	0
143.72	0
157.71	0
198.01	0
199.37	0
200.43	0
200.56	0
207.17	0
214.27	0
94.05	1
141.36	0
143.89	0
147.38	0
153.03	0
157.73	0
157.95	0
158.10	0
47.10	1
54.75	1
61.63	1
74.09	0
82.82	0
95.62	0
97.02	0
98.81	0
80.70	1
100.00	1
104.37	1
161.76	1
170.22	0
179.18	0
198.15	0
207.45	0
23.03	1
35.56	1
81.87	0
87.16	0
226.98	0
229.81	0
229.91	0
231.00	0
38.68	1
78.43	0
94.39	0
105.72	0
106.59	0
108.11	0
109.03	0
112.16	0
145.71	0
158.80	0
167.44	0
191.03	0
192.86	0
202.42	0
202.54	0
202.92	0
172.10	0
184.51	0
192.76	0
200.06	0
207.70	0
209.70	0
211.98	0
217.24	0
114.31	0
125.39	0
183.33	0
187.89	0
189.44	0
190.95	0
192.74	0
192.87	0
203.54	0
205.94	0
216.18	0
216.84	0
219.69	0
220.83	0
221.11	0
222.15	0
103.88	0
132.68	0
134.30	0
137.65	1
151.21	0
152.06	0
154.24	0
160.07	0
115.96	1
141.23	0
154.85	1
180.26	1
181.53	0
202.90	0
208.79	0
211.04	0
37.16	0
56.22	1
66.11	1
76.06	1
89.43	1
261.48	0
261.50	0
262.68	0
29.50	1
43.76	1
49.36	1
49.82	1
173.57	0
179.99	0
180.25	0
185.42	0
134.56	0
153.33	0
162.30	0
170.68	0
193.51	0
196.87	0
198.55	0
205.26	0
30.16	1
40.15	1
50.53	1
58.91	0
71.56	0
75.86	0
78.99	0
84.17	0
26.48	1
27.28	1
27.42	1
30.84	1
33.31	1
35.42	1
38.02	1
38.97	1
2.03	1
2.60	1
3.12	1
3.50	1
4.54	1
10.83	1
10.90	1
12.70	1
147.80	0
160.60	0
165.48	0
171.07	0
181.00	0
181.41	0
182.39	0
186.26	0
254.47	0
257.90	0
267.10	0
282.40	0
285.22	0
287.31	0
287.78	0
290.62	0
213.75	0
227.04	0
228.96	0
230.47	0
230.49	0
230.97	0
232.06	0
234.23	0
107.23	0
108.76	0
117.18	0
118.91	0
127.87	0
129.41	0
132.84	0
135.83	0
160.03	0
167.87	0
173.25	0
176.74	0
181.04	0
181.80	0
182.01	0
185.52	0
249.54	0
284.90	0
298.82	0
302.11	0
302.61	0
305.53	0
312.86	0
316.40	0
50.38	1
55.12	0
66.07	1
68.27	0
69.54	0
69.96	0
74.78	0
83.60	0
183.55	0
197.86	0
204.38	0
220.29	0
225.87	0
235.61	0
242.54	0
248.43	0
138.82	0
139.09	0
139.35	0
140.47	0
147.57	0
147.68	0
148.14	0
149.28	0
61.60	1
67.75	1
69.00	1
76.94	1
84.59	1
113.83	0
114.42	0
117.44	0
162.17	1
170.78	1
181.38	1
193.67	1
209.92	1
210.36	1
213.25	0
213.70	0
212.70	0
221.21	0
237.72	0
239.20	0
240.80	0
242.26	0
245.46	0
246.95	0
361.42	0
363.29	0
365.01	0
367.37	0
367.99	0
368.31	0
369.42	0
371.33	0
192.75	0
205.78	0
206.01	0
207.93	0
207.93	0
214.80	0
215.71	0
219.57	0
155.99	0
156.07	0
169.51	1
182.61	0
183.67	0
186.61	0
188.50	0
188.72	0
102.93	0
121.97	1
124.61	1
124.80	0
155.20	1
156.32	1
175.60	0
183.28	1
54.15	1
94.58	1
153.67	0
163.03	1
181.05	0
189.04	0
200.49	0
214.49	0
5.21	1
7.63	1
11.24	1
55.68	1
114.16	0
118.03	0
127.34	0
128.29	0
13.61	1
15.36	1
18.61	1
260.15	0
261.52	0
265.58	0
268.54	0
269.25	0
18.48	1
24.44	1
25.87	1
320.70	0
330.89	0
331.82	0
337.11	0
337.63	0
49.36	1
86.86	1
116.69	1
118.69	0
160.59	0
171.63	0
174.92	0
186.24	0
15.05	1
16.22	1
26.79	1
284.91	0
286.14	0
294.09	0
296.51	0
296.54	0
188.53	0
195.54	0
195.69	0
196.61	0
203.42	0
204.14	0
204.67	0
204.81	0
165.32	0
167.65	0
167.92	0
167.99	0
169.31	0
171.41	0
171.91	0
172.26	0
193.39	0
197.13	0
203.79	0
205.72	0
206.14	0
206.85	0
209.18	0
212.64	0
106.04	0
106.83	0
109.10	0
110.53	0
110.62	0
111.44	0
115.37	0
115.56	0
198.43	0
203.16	0
220.41	0
224.55	0
224.73	0
227.00	0
227.60	0
228.28	0
129.73	1
158.61	0
166.04	0
170.40	0
171.03	0
172.03	0
172.54	0
173.99	0
94.31	0
96.79	1
104.92	0
110.58	1
112.24	1
113.61	1
115.24	1
117.67	1
165.87	0
191.93	1
210.90	0
214.67	0
214.86	0
215.76	0
221.67	0
226.56	0
124.65	1
146.90	1
159.79	1
164.01	0
173.35	0
180.23	0
185.28	0
185.59	0
228.96	0
235.90	0
237.40	0
242.95	0
252.34	0
254.12	0
266.85	0
267.95	0
90.95	0
109.63	0
114.39	0
121.44	0
121.62	0
125.25	0
126.95	0
128.88	0
98.81	0
142.79	0
143.40	0
145.75	0
151.01	0
161.06	0
175.82	0
178.47	0
177.86	1
185.68	0
193.30	0
211.74	0
215.32	0
220.81	0
222.19	0
224.76	0
146.87	0
183.37	0
186.71	0
191.67	0
191.95	1
202.32	0
202.80	0
204.16	0
122.37	1
124.40	1
141.47	1
144.84	0
152.68	1
160.27	0
163.98	1
177.44	0
88.02	0
139.51	0
161.11	1
191.50	0
192.85	1
199.85	1
204.44	0
228.62	0
139.69	1
168.04	0
171.67	0
184.73	0
193.44	0
195.82	1
201.26	1
212.43	0
40.78	1
83.54	1
133.61	0
154.81	0
157.32	0
159.28	1
182.93	0
189.58	0
17.40	1
24.10	1
29.42	1
48.17	1
110.96	0
117.88	0
118.36	0
119.66	0
63.97	1
69.98	1
71.51	1
171.70	0
177.13	0
180.11	0
182.45	0
184.92	0
30.83	1
36.90	1
38.10	1
283.62	0
292.58	0
297.21	0
301.40	0
302.52	0
69.72	1
126.53	1
160.45	0
176.94	1
185.30	0
199.97	0
202.54	0
210.81	0
14.20	1
14.97	1
26.61	1
296.12	0
297.89	0
299.43	0
299.94	0
301.43	0
97.67	0
128.88	0
147.70	0
158.68	0
171.10	0
172.99	0
173.41	0
174.24	0
152.76	0
172.46	0
182.35	0
185.77	0
191.18	0
191.23	0
196.86	0
196.93	0
71.10	1
155.02	0
187.20	0
194.49	0
196.11	0
201.84	0
203.49	0
211.85	0
74.97	1
99.62	0
108.27	0
127.91	0
129.55	0
130.33	0
130.66	0
131.44	0
254.78	0
256.38	1
261.84	0
275.60	0
276.91	0
278.66	0
287.72	0
288.07	0
232.85	0
251.96	0
268.48	0
270.32	0
270.44	0
286.07	0
287.58	0
288.29	0
241.80	0
247.42	0
251.84	0
252.71	0
252.93	0
254.90	0
258.13	0
260.13	0
205.38	0
208.98	0
215.16	0
218.51	0
226.63	0
227.59	0
228.08	0
231.45	0
148.70	0
161.30	0
166.99	0
167.02	0
168.31	0
173.98	0
177.18	0
179.64	0
124.83	0
156.93	0
159.87	0
160.14	0
161.27	0
162.00	0
162.42	0
165.67	0
134.35	1
176.85	0
177.30	0
183.06	1
183.85	0
187.55	0
189.89	1
201.57	0
204.95	0
221.01	0
222.26	0
223.86	0
224.54	0
225.19	0
226.21	0
228.51	0
38.49	1
45.92	1
69.49	0
86.89	0
95.17	0
99.29	1
100.48	0
102.00	0
182.57	0
186.57	0
191.82	0
199.75	0
202.43	0
204.20	0
205.98	0
206.08	0
66.64	1
73.84	1
94.05	1
126.92	0
135.65	0
138.76	0
141.09	1
143.22	0
48.21	1
53.26	1
67.49	1
133.06	0
149.77	0
163.97	0
167.33	0
168.52	0
43.97	1
46.78	1
55.13	1
60.59	1
63.48	1
63.70	1
64.21	1
65.62	1
5.36	1
6.16	1
7.48	1
7.89	1
8.24	1
8.24	1
9.95	1
21.80	1
185.72	0
234.25	0
243.59	0
245.90	0
247.54	0
275.36	0
292.04	0
294.31	0
109.01	0
125.29	0
156.49	0
157.46	0
157.46	0
158.74	0
161.01	0
161.73	0
83.78	0
138.37	0
138.90	0
143.35	0
145.85	0
146.65	0
149.79	0
149.96	0
73.71	1
153.89	0
155.77	0
160.17	0
160.48	0
162.84	0
163.17	0
163.62	0
162.34	0
193.13	0
193.75	0
202.98	0
205.03	0
205.54	0
206.31	0
207.01	0
71.15	1
85.32	0
95.03	0
97.73	0
105.07	0
105.28	0
111.63	0
112.08	0
101.63	1
167.98	1
176.10	0
204.59	0
230.62	0
233.08	0
237.37	0
249.15	0
97.15	0
152.56	0
264.16	0
280.23	0
282.11	0
286.62	0
288.16	0
288.61	0
60.99	1
83.41	0
88.67	0
96.15	0
97.71	0
100.27	0
104.52	0
105.99	0
95.88	1
124.84	1
125.64	1
129.95	1
131.88	1
136.95	0
137.45	0
138.57	0
75.34	1
106.27	0
127.22	0
182.92	0
190.85	0
192.75	0
194.60	0
194.74	0
55.33	1
339.64	0
342.01	0
348.32	0
348.95	0
350.73	0
351.80	0
353.13	0
71.60	1
178.48	0
181.29	0
182.55	0
193.44	0
194.70	0
195.87	0
196.05	0
114.61	1
133.36	0
143.09	0
156.93	0
158.03	0
161.71	0
163.23	0
163.98	0
67.91	1
77.34	1
85.05	1
111.11	1
111.12	0
113.36	0
122.10	0
126.45	1
71.60	1
115.86	1
130.28	1
141.39	0
152.44	0
158.43	0
165.52	0
165.91	0
16.71	0
37.97	1
44.99	1
76.73	1
99.81	1
102.89	1
104.23	1
225.64	0
20.37	1
24.11	1
46.31	1
47.79	1
56.96	1
62.69	1
167.41	0
167.44	0
166.62	0
169.60	1
186.08	1
187.58	1
195.39	0
198.48	1
203.48	0
203.48	1
240.33	0
267.58	0
269.83	0
270.83	0
276.68	0
281.61	0
285.17	0
285.26	0
310.43	0
314.92	0
321.44	0
323.41	0
325.63	0
325.94	0
326.33	0
327.06	0
45.25	1
99.19	0
108.15	0
110.25	0
117.18	0
119.34	0
120.18	0
120.76	0
77.99	0
78.95	0
80.33	0
82.13	0
83.96	0
84.86	0
87.25	0
88.46	0
211.16	0
233.69	1
249.79	0
253.23	0
258.67	0
265.12	0
265.55	0
266.94	0
56.50	1
74.85	0
98.05	0
102.12	0
115.00	0
117.01	0
117.13	0
118.25	0
18.79	1
23.39	1
24.06	1
24.09	1
29.24	1
34.45	1
35.85	1
37.39	1
1.37	1
2.50	1
3.20	1
3.24	1
4.49	1
5.28	1
9.23	1
10.21	1
139.72	0
153.61	0
157.09	0
168.47	0
173.37	0
187.05	0
192.97	0
193.44	0
103.28	0
116.90	0
126.23	0
128.41	0
137.59	0
148.44	0
151.64	0
156.71	1
128.08	1
159.35	1
160.14	0
163.92	1
170.56	1
179.93	1
180.47	0
183.79	0
217.90	1
239.25	0
242.35	0
244.30	0
245.06	0
246.66	0
247.43	1
255.00	0
319.44	0
326.56	0
351.40	0
351.93	0
373.13	0
375.52	0
378.25	0
382.60	0
269.75	0
270.05	0
292.18	0
292.45	0
292.63	0
296.02	0
296.78	0
298.03	0
97.68	1
108.45	1
119.11	0
126.44	0
129.28	0
131.64	1
132.01	1
134.33	1
149.00	0
152.77	1
155.63	1
156.81	1
161.10	1
179.50	0
182.27	1
183.65	0
179.86	0
184.04	0
195.78	0
198.98	0
201.03	0
205.75	0
213.86	0
231.44	0
39.10	1
53.84	1
58.09	1
68.08	0
75.72	1
80.80	1
84.01	1
103.43	0
36.69	1
39.40	1
74.50	1
74.95	1
84.20	1
130.19	1
132.80	1
134.37	0
47.75	1
55.50	1
70.51	1
71.04	1
127.63	0
153.57	0
166.29	0
168.33	0
87.52	0
109.51	0
118.90	0
120.80	0
121.68	0
122.29	0
124.95	0
133.60	0
236.82	0
246.34	0
250.08	0
258.60	0
258.82	0
262.15	0
262.63	0
263.13	0
131.83	1
149.23	1
176.62	0
177.84	0
178.32	0
182.93	0
187.53	0
188.50	0
180.13	0
195.94	0
207.06	0
207.24	0
207.59	0
207.61	0
208.48	0
210.79	0
67.52	1
76.04	0
76.08	1
80.16	1
80.41	0
85.23	1
87.07	0
106.87	0
72.93	0
123.20	0
159.73	1
160.36	1
161.68	0
167.16	1
175.85	0
177.25	0
102.82	1
180.74	1
190.03	0
199.68	0
229.47	1
230.26	0
232.39	0
233.67	0
110.62	0
186.15	0
188.02	0
208.06	0
210.66	0
212.45	0
217.26	0
218.17	0
37.82	1
102.89	0
103.25	0
104.35	0
104.67	0
106.38	0
106.98	0
109.27	0
245.62	0
257.91	0
258.67	0
259.62	0
260.10	0
262.15	0
264.15	0
265.46	0
273.90	1
276.68	1
290.59	1
291.85	0
294.57	0
296.12	1
301.51	1
304.30	1
261.37	0
286.08	0
295.84	0
296.99	0
301.09	0
303.13	0
303.25	0
303.26	0
186.13	0
197.29	0
210.59	0
217.38	0
218.35	0
218.67	0
224.52	0
225.57	0
171.56	0
197.24	0
201.31	0
203.48	0
210.50	0
214.15	0
229.32	0
230.22	0
228.92	0
232.68	0
233.00	0
235.52	0
236.16	0
236.38	0
237.41	0
238.67	0
200.87	0
215.49	0
227.59	0
228.38	0
228.66	0
229.43	0
232.90	0
234.54	0
234.43	0
235.02	0
236.33	0
237.68	0
239.06	0
240.05	0
243.14	0
243.46	0
158.53	0
166.58	0
167.54	0
168.07	0
169.46	0
170.33	0
170.89	0
175.66	0
101.03	0
106.00	0
107.02	0
110.40	0
113.44	0
117.31	0
124.14	0
124.44	0
70.47	0
78.85	0
79.69	0
87.89	0
94.94	0
105.81	0
121.77	0
125.39	0
191.08	0
224.99	0
225.03	0
226.44	0
226.61	0
227.49	0
229.09	0
229.76	0
210.42	1
217.43	1
235.70	1
244.02	1
245.31	0
268.09	0
274.73	0
275.30	0
155.68	0
166.05	0
173.46	0
177.85	0
178.23	0
178.29	0
178.85	0
182.28	0
208.39	0
220.04	0
221.33	0
221.43	0
223.71	0
224.31	0
227.19	0
228.58	0
245.78	0
261.26	0
267.06	0
272.25	0
273.52	0
274.28	0
275.78	0
276.47	0
258.78	0
262.80	0
263.04	0
263.92	0
264.32	0
265.30	0
265.96	0
266.96	0
122.60	1
123.72	0
136.55	0
140.04	0
141.26	0
141.29	1
141.29	0
143.20	0
213.91	0
231.76	0
233.04	0
235.07	0
235.14	0
236.15	0
237.20	0
239.25	0
215.62	1
223.79	1
234.51	1
240.04	0
241.29	1
241.37	1
244.58	0
247.96	1
108.91	0
116.10	0
137.32	0
143.19	0
175.43	0
179.79	0
185.19	0
185.35	0
49.46	1
50.71	1
53.46	1
57.69	1
58.58	1
61.58	0
79.64	0
80.32	0
60.27	1
72.16	1
75.36	1
109.67	1
110.51	1
125.61	0
128.69	0
140.00	0
57.41	1
63.57	1
78.66	1
88.47	1
135.44	0
156.41	0
166.10	0
174.89	0
64.34	1
102.28	1
106.73	1
112.11	1
113.52	1
124.19	1
133.66	1
133.89	1
3.63	1
3.72	1
4.41	1
5.81	1
6.16	1
6.74	1
7.00	1
7.63	1
135.38	0
136.21	0
156.01	0
198.89	0
205.88	0
212.29	0
213.91	0
222.57	0
173.11	0
177.57	0
182.97	0
185.17	0
185.77	0
186.43	0
188.94	0
189.81	0
112.58	1
117.55	1
131.23	0
142.61	0
150.05	0
162.37	0
167.81	1
171.97	0
88.81	1
112.05	0
121.88	0
149.70	0
154.66	0
161.28	0
165.12	0
170.45	0
92.84	0
118.77	0
121.97	0
129.43	0
136.05	0
136.36	0
136.67	0
136.82	0
49.78	1
127.75	1
128.43	0
135.76	0
149.65	1
152.85	0
159.20	0
163.22	0
27.07	0
121.34	0
130.38	0
135.49	1
147.79	0
153.78	1
158.05	0
162.68	0
44.54	1
49.77	1
52.13	1
74.23	1
78.06	0
86.84	1
99.55	1
107.14	1
160.32	0
218.16	0
221.30	0
231.23	0
235.13	0
237.21	0
239.14	0
239.65	0
383.58	0
394.89	0
398.66	0
399.78	0
400.11	0
401.10	0
401.78	0
403.77	0
121.52	0
140.04	0
149.71	0
151.17	0
162.05	0
163.92	0
165.33	0
167.17	0
167.86	0
221.86	0
226.76	0
230.44	1
231.40	0
232.29	0
232.64	0
236.49	1
138.36	0
199.02	0
211.25	0
211.42	0
212.67	0
215.06	0
216.91	0
223.10	0
112.59	0
112.72	1
113.67	0
124.05	0
142.24	0
143.85	0
149.33	0
149.76	0
83.24	1
92.18	1
111.58	0
116.51	0
122.07	1
141.94	0
146.06	1
150.43	0
72.27	1
109.91	1
144.87	0
156.26	0
160.64	1
163.04	1
163.79	0
173.42	1
20.43	1
26.03	1
29.30	0
45.50	1
71.71	1
89.71	1
94.65	1
96.33	1
10.88	1
11.69	1
28.58	1
33.97	1
38.73	1
44.38	1
48.46	1
173.79	0
193.22	1
197.86	0
236.87	1
250.97	0
268.44	1
273.64	0
277.09	0
279.38	0
42.74	1
91.27	1
92.45	0
101.30	0
127.18	1
143.81	1
153.17	1
214.10	0
162.29	0
163.91	0
164.14	0
165.21	0
165.71	0
170.75	0
173.72	1
177.26	0
141.64	1
160.16	0
204.69	0
204.88	1
204.93	0
206.76	0
218.32	0
219.98	0
36.51	1
67.23	1
336.72	0
337.44	0
342.95	0
346.53	0
347.15	0
348.99	0
163.38	0
166.25	1
179.08	1
200.62	0
237.13	0
237.74	0
246.65	0
247.25	0
130.57	1
143.38	1
166.49	1
167.21	0
168.46	0
174.93	1
175.35	0
177.37	1
173.80	0
174.05	0
174.63	0
176.47	0
179.16	0
182.84	0
184.31	0
187.79	0
210.57	1
218.61	0
231.04	1
238.16	1
245.67	1
248.50	0
249.65	1
253.73	1
138.63	0
140.37	0
165.25	1
165.59	0
171.37	1
187.59	0
194.37	0
202.08	0
175.91	0
193.97	0
199.31	0
203.43	0
207.12	0
207.43	0
208.50	0
208.51	0
86.27	1
89.83	1
92.37	1
95.16	0
95.97	1
100.05	0
101.89	0
107.40	0
105.67	0
115.76	0
129.71	0
131.42	0
131.97	0
140.10	0
141.99	0
146.95	0
151.09	1
213.27	0
222.62	0
230.13	0
239.80	0
239.85	0
244.47	0
246.04	0
61.69	0
229.25	0
231.44	0
233.34	0
234.47	0
240.08	0
240.82	0
241.79	0
118.85	0
124.37	0
124.90	0
132.70	1
136.44	0
137.02	0
139.80	0
140.22	0
219.47	0
227.27	0
228.17	0
228.58	0
228.69	0
229.73	1
230.98	0
231.11	0
59.53	1
147.87	0
208.24	1
208.57	0
212.01	1
222.69	0
223.47	0
227.34	0
50.60	1
185.76	0
192.00	0
226.15	0
229.73	0
233.35	0
247.82	0
261.69	0
90.66	0
92.56	1
95.31	0
96.05	0
96.52	1
97.86	0
97.96	0
99.11	1
59.69	1
63.07	1
63.69	1
69.76	1
77.06	1
86.82	1
88.67	1
91.99	1
6.72	1
7.05	1
9.03	1
9.83	1
10.14	1
10.90	1
11.76	1
11.86	1
160.97	0
176.86	0
183.67	0
184.76	0
187.74	0
188.08	0
188.87	0
190.56	0
85.25	0
86.88	0
88.04	0
92.37	0
96.88	0
98.03	0
102.15	0
103.49	0
238.43	0
261.88	0
266.97	0
277.30	0
290.04	0
292.54	0
294.13	0
296.77	0
182.70	0
184.67	0
190.16	0
190.30	0
190.84	0
191.49	0
191.78	0
191.94	0
123.41	0
127.24	1
127.33	0
129.00	0
135.69	0
145.59	1
145.76	0
146.56	0
58.50	0
137.77	1
137.94	1
157.20	1
158.33	1
164.09	0
164.17	1
168.10	1
145.18	0
165.80	0
188.60	0
191.02	0
206.44	0
219.79	0
232.45	0
242.48	0
76.18	1
244.02	0
245.94	0
252.02	0
253.59	0
258.53	0
258.90	0
259.71	0
118.28	1
228.08	1
242.09	1
243.05	1
252.96	1
273.99	1
274.56	1
314.43	0
129.79	1
151.67	0
171.24	0
176.11	1
188.16	1
192.84	0
193.63	1
201.92	0
178.49	0
242.22	0
247.42	0
254.88	0
256.18	0
265.26	0
265.88	0
266.15	0
93.71	0
99.19	0
102.96	0
105.62	0
108.83	0
110.84	0
112.31	0
121.80	0
202.22	0
203.58	0
204.81	0
212.83	0
215.75	0
215.79	0
217.99	0
228.10	0
197.63	0
207.67	0
208.16	0
208.35	0
208.40	0
210.01	0
211.20	0
211.83	0
208.16	1
229.84	0
231.23	0
233.40	0
236.08	0
236.66	0
238.01	0
240.13	0
163.37	1
175.40	1
175.52	1
183.42	0
184.49	0
187.32	0
189.11	0
194.21	0
239.07	0
245.50	0
248.17	1
250.01	1
253.93	0
254.45	1
255.53	0
255.65	0
176.46	0
252.80	0
260.95	0
261.04	0
262.75	0
263.11	0
265.94	0
266.20	0
235.39	0
278.20	0
289.34	0
290.20	0
290.62	0
290.78	0
292.28	0
295.38	0
93.97	1
111.03	0
113.35	0
118.14	0
118.23	0
122.29	0
124.80	0
128.80	0
235.60	0
235.96	0
241.40	0
242.21	0
244.48	0
246.44	0
246.66	0
247.80	0
243.44	1
283.06	0
283.69	1
284.63	0
285.95	0
286.22	0
287.35	0
287.96	0
131.58	0
135.28	0
146.15	0
146.48	0
147.81	0
152.68	0
154.30	0
155.11	0
178.24	0
236.40	0
237.50	0
237.67	0
240.21	0
240.68	0
241.30	0
242.67	0
231.36	0
231.48	0
232.10	0
236.64	0
239.81	0
240.54	0
240.66	0
240.82	0
196.88	0
204.63	0
207.96	0
209.01	0
210.80	0
212.39	0
214.14	0
214.55	0
50.70	1
109.79	0
115.66	0
116.00	0
119.51	0
121.58	0
122.07	0
127.28	0
38.08	1
45.39	1
57.61	1
57.64	1
58.01	1
61.40	1
65.19	1
65.23	1
1.71	1
2.30	1
3.06	1
3.51	1
4.71	1
5.41	1
6.11	1
6.16	1
109.08	0
110.55	0
113.35	0
114.11	0
114.15	0
115.29	0
115.94	0
116.02	0
239.76	0
294.18	1
324.44	0
354.93	0
355.97	0
363.18	0
366.03	0
370.50	0
39.38	1
227.96	0
228.38	0
232.80	0
233.03	0
233.59	0
235.18	0
235.61	0
18.71	1
136.85	0
137.29	0
142.82	0
143.15	0
143.26	0
144.64	0
145.41	0
90.48	0
112.42	0
115.33	0
129.87	0
130.60	0
131.70	0
131.81	0
132.77	0
17.45	1
21.34	1
22.01	1
22.14	1
22.97	1
23.48	1
23.86	1
24.16	1
86.03	1
91.57	0
195.92	0
233.87	0
259.70	0
261.20	0
264.60	0
271.13	0
44.73	1
574.78	0
577.26	0
577.36	0
578.68	0
579.21	0
581.92	0
584.09	0
36.67	1
622.56	0
622.57	0
629.96	0
630.76	0
631.50	0
633.13	0
633.61	0
14.14	1
276.04	0
305.38	0
305.84	0
328.42	0
328.68	0
330.34	0
330.68	0
27.37	1
60.87	1
61.07	1
72.48	1
106.86	0
113.15	0
121.63	1
129.92	0
11.52	1
25.04	1
30.56	1
38.49	1
49.18	1
224.35	0
259.11	0
259.57	0
181.46	0
213.10	0
213.76	0
227.40	0
230.75	0
236.20	0
247.16	0
250.56	0
271.28	1
410.08	0
429.55	0
450.73	0
450.77	0
450.81	0
453.69	0
463.80	0
223.32	1
517.07	0
539.89	0
552.04	0
552.87	0
558.74	1
559.53	1
562.04	0
47.47	1
537.64	0
540.44	0
557.40	0
558.08	0
560.71	0
562.58	0
563.05	0
51.62	0
340.06	0
347.98	0
349.01	0
352.08	0
354.29	0
356.28	0
357.43	0
170.27	0
173.27	0
180.99	0
189.14	0
196.66	0
201.87	0
207.10	0
208.69	0
482.25	0
507.99	0
512.21	0
517.95	0
530.18	0
534.61	0
537.86	0
539.47	0
459.36	0
594.71	0
606.12	0
620.30	0
620.81	0
621.09	0
625.58	0
634.70	0
621.94	0
722.10	0
760.25	0
773.33	0
781.92	0
782.49	0
798.87	0
798.89	0
442.75	0
444.99	0
469.95	0
489.50	0
510.94	0
511.16	0
511.53	0
512.81	0
307.42	0
422.94	0
454.70	0
503.17	0
530.05	0
537.66	1
538.78	0
538.91	0
278.39	1
471.83	0
536.74	0
541.74	0
550.34	0
551.20	0
551.49	0
552.53	0
141.98	0
407.29	0
418.58	0
431.79	1
435.93	1
456.20	0
476.39	0
496.67	0
48.42	1
52.04	0
56.19	1
65.53	1
80.08	1
84.34	0
89.24	1
89.73	1
190.31	0
219.20	0
222.14	0
222.50	0
223.38	0
228.81	0
233.95	0
242.91	0
623.70	1
653.56	0
661.51	0
666.00	0
675.81	0
677.95	0
678.98	0
679.01	0
631.36	1
648.89	0
657.25	0
661.96	0
681.35	0
681.81	0
690.84	0
693.72	0
619.71	0
700.96	0
702.71	0
710.98	0
711.14	0
722.69	0
724.32	0
725.53	0
420.80	0
430.52	0
433.15	0
447.08	0
447.76	0
448.91	0
451.71	0
452.42	0
64.10	1
97.82	0
103.46	0
105.76	0
113.37	0
123.43	0
134.37	0
154.86	0
169.05	0
184.34	0
187.59	0
192.92	0
200.51	0
203.48	0
204.29	0
206.50	0
311.95	0
337.86	0
348.34	0
351.58	0
353.09	0
353.10	0
354.03	0
354.22	0
336.73	0
337.77	0
342.79	0
342.90	0
343.37	0
344.39	0
345.28	0
345.72	0
326.49	0
357.71	0
371.70	0
373.84	0
379.14	0
380.15	0
384.51	0
389.29	0
299.18	0
301.83	0
304.39	0
307.05	0
308.39	0
308.62	0
309.88	0
310.08	0
182.47	0
183.64	0
186.56	0
198.11	0
208.23	0
210.69	0
212.88	0
220.59	0
647.22	0
667.96	0
675.88	0
684.25	0
706.41	0
707.85	0
712.68	0
719.40	0
464.89	0
480.09	0
484.21	0
486.53	0
489.56	0
495.28	0
498.68	0
498.69	0
423.88	0
435.20	0
440.32	0
474.99	0
476.11	0
478.88	0
483.03	0
486.12	0
58.93	1
61.14	1
61.78	1
74.05	1
85.34	1
87.32	1
89.59	1
91.65	1
123.20	0
130.88	0
140.77	0
144.19	0
146.26	0
148.36	0
149.00	0
149.15	0
200.38	0
203.05	1
207.22	0
208.67	0
214.13	1
214.84	0
216.97	0
219.37	0
216.32	0
217.15	0
220.74	0
222.63	0
226.04	0
227.29	0
228.32	0
228.41	0
124.63	0
136.48	0
153.93	0
156.34	0
158.54	0
159.79	0
160.07	0
160.23	0
228.24	0
233.06	0
240.74	0
242.40	0
253.73	0
256.81	0
259.17	0
263.34	0
271.14	0
273.59	0
276.04	0
276.06	0
277.90	0
278.19	0
278.31	0
278.50	0
162.01	1
171.70	1
172.08	1
174.56	1
181.56	1
183.32	1
185.47	1
193.91	0
249.06	0
251.24	0
254.09	0
260.07	0
277.41	0
285.13	0
288.31	0
288.76	0
299.86	0
303.74	0
305.79	0
306.73	0
313.30	0
313.64	0
314.40	0
314.55	0
255.67	0
263.40	0
264.99	0
266.21	0
274.24	0
274.52	0
279.57	0
282.10	1
216.70	0
232.77	0
233.63	0
236.05	0
238.11	0
238.53	0
240.82	0
241.69	0
245.38	0
256.42	0
259.19	0
260.06	0
261.96	0
262.90	0
263.48	0
263.61	0
119.75	0
142.27	0
143.59	0
145.72	0
152.17	0
152.89	0
155.90	0
156.56	0
71.17	1
84.78	1
85.86	1
87.34	1
89.39	0
90.29	1
92.66	1
94.46	1
231.61	0
241.67	0
243.11	0
244.94	0
246.91	0
249.10	0
250.09	0
253.27	0
185.65	0
190.56	0
197.03	0
197.20	0
199.31	0
199.91	0
199.98	0
201.10	0
73.86	1
94.12	0
96.07	0
103.95	0
104.13	1
105.71	0
114.10	0
116.24	0
145.65	0
152.75	1
155.62	1
174.58	0
223.45	0
225.63	0
272.13	0
274.88	0
60.59	1
63.28	1
193.82	0
203.05	0
213.48	0
216.45	0
227.09	0
234.08	0
33.55	1
38.64	1
308.40	0
313.63	0
316.04	0
316.21	0
316.41	0
316.56	0
39.08	1
45.15	1
190.41	0
195.75	0
199.88	1
211.40	1
240.90	0
245.19	0
155.37	0
170.98	0
174.44	0
178.90	0
180.23	0
183.99	0
184.46	0
186.91	0
189.36	0
196.89	1
197.05	1
200.27	0
205.78	1
205.89	1
206.68	1
208.99	0
209.96	0
213.33	0
214.20	0
216.36	0
216.90	0
217.53	0
218.27	0
218.55	0
263.06	0
269.98	0
271.54	0
273.34	0
274.03	0
274.39	0
275.17	0
278.62	0
188.90	0
190.60	0
197.73	0
201.73	0
202.39	0
203.56	0
204.42	0
205.29	0
78.10	0
91.96	0
97.91	0
99.98	0
100.58	0
101.24	0
101.53	0
102.33	0
93.50	1
100.10	1
100.72	1
104.04	0
111.28	1
119.76	1
121.87	1
133.98	1
222.13	0
222.54	0
226.02	0
227.24	0
228.14	0
228.48	0
228.87	0
230.10	0
213.00	0
215.80	0
216.52	0
218.65	0
220.53	0
220.72	0
221.66	0
221.90	0
33.38	1
54.94	1
61.49	1
115.79	0
118.69	0
119.11	0
120.06	0
122.67	0
133.23	0
144.97	0
147.76	0
148.86	0
151.69	0
152.17	0
152.44	0
152.50	0
172.50	0
173.25	0
174.19	0
175.90	0
177.63	0
178.17	0
178.66	0
179.90	0
33.11	1
45.10	1
47.10	1
48.91	1
51.06	1
51.78	1
53.02	1
55.53	1
8.37	1
8.63	1
8.76	1
9.60	1
9.73	1
10.02	1
10.08	1
10.11	1
27.59	0
28.63	0
28.98	0
29.14	0
29.76	0
30.36	0
30.64	0
32.10	0
166.26	0
233.03	1
233.33	0
240.60	1
241.86	0
248.91	1
249.35	0
250.66	1
