164.12	0
192.34	0
194.97	0
196.17	0
223.99	0
281.78	0
282.57	0
304.80	0
142.15	0
148.93	0
157.61	0
159.41	0
175.52	0
255.41	0
255.51	0
268.82	0
179.19	0
182.49	0
188.65	0
203.23	0
222.06	0
253.58	0
265.96	0
289.32	0
391.46	0
395.27	0
400.84	0
410.95	0
412.09	0
466.22	0
469.86	0
477.06	0
412.95	0
428.65	0
429.80	0
449.47	0
467.90	0
491.80	0
505.28	0
507.61	0
279.49	0
297.44	0
311.25	0
318.73	0
333.02	0
355.93	0
365.67	0
400.54	0
181.49	0
185.99	0
198.73	0
253.63	0
264.70	0
283.31	0
299.64	0
301.43	0
466.52	0
472.12	0
487.95	0
497.40	0
508.34	0
517.21	0
526.26	0
549.80	0
398.02	0
402.49	0
417.68	0
419.86	0
424.68	0
465.49	0
469.19	0
469.61	0
330.29	0
330.49	0
356.21	0
356.95	0
358.57	0
428.11	0
435.76	0
436.52	0
336.86	0
337.55	0
337.89	0
340.60	0
360.63	0
389.74	0
403.37	0
426.37	0
331.41	0
387.23	0
396.84	0
428.01	0
429.05	0
433.07	0
440.08	0
457.96	0
303.41	0
307.63	0
313.51	0
313.99	0
338.66	0
400.63	0
407.17	0
412.35	0
45.58	1
152.54	0
161.73	1
169.86	0
213.59	0
213.94	0
232.90	0
252.87	0
194.35	0
197.85	0
281.20	0
290.69	0
298.55	0
299.23	0
308.79	0
313.96	0
386.98	0
406.77	0
416.42	0
418.99	0
438.52	0
452.09	0
453.79	0
454.43	0
389.12	0
397.35	0
417.40	0
423.76	0
474.01	0
485.87	0
486.57	0
500.89	0
150.45	0
164.91	0
249.49	0
253.25	0
254.36	0
270.11	0
273.71	0
280.18	0
99.68	1
103.22	1
203.27	0
211.79	0
217.26	0
234.46	1
241.57	0
243.62	0
241.81	0
286.66	0
286.88	0
339.49	0
346.61	0
351.76	0
361.55	0
379.56	0
522.42	0
535.24	0
576.06	0
576.28	0
610.26	0
624.56	0
625.46	0
633.70	0
209.06	0
236.31	0
246.41	0
277.47	0
293.17	0
298.71	0
306.35	0
308.68	0
283.07	0
298.71	0
304.81	0
334.05	0
345.16	0
361.27	0
364.82	0
365.51	0
183.79	0
207.22	0
226.99	0
274.78	0
277.11	0
284.32	0
287.50	0
298.49	0
386.84	0
392.02	0
405.38	0
407.39	0
449.98	0
461.41	0
481.12	0
482.93	0
38.46	1
43.34	1
71.59	1
133.29	0
160.04	0
165.84	0
175.37	0
195.42	1
105.14	0
110.85	0
127.26	0
169.03	0
181.04	0
209.13	0
211.31	0
233.10	0
360.98	0
383.39	0
407.00	0
431.35	0
444.84	0
448.50	0
448.57	0
461.13	0
195.79	0
213.11	0
241.63	0
282.35	0
292.63	0
293.81	0
298.09	0
302.89	0
113.29	0
136.68	0
163.31	0
197.02	0
209.65	0
216.21	0
222.88	0
229.73	0
27.90	1
42.94	1
55.63	1
86.12	1
137.17	0
161.53	0
168.10	0
175.65	0
150.94	0
152.58	0
155.43	0
163.35	0
165.39	0
169.49	0
200.35	0
243.17	0
280.63	0
302.93	0
306.42	0
307.20	0
308.10	0
350.13	0
352.41	0
356.57	0
354.41	0
359.94	0
362.11	0
383.33	0
384.51	0
393.04	0
417.60	0
420.82	0
18.38	1
21.31	1
30.86	1
38.04	1
77.33	1
96.90	0
122.64	0
156.08	0
243.92	0
245.19	0
269.88	0
294.49	0
298.49	0
298.55	0
301.29	0
302.24	0
209.12	0
223.65	0
248.24	0
278.03	0
284.46	0
306.56	0
315.33	0
319.18	0
169.70	0
190.71	0
194.20	0
226.61	0
235.87	0
257.01	0
264.37	0
279.36	0
97.69	0
121.94	0
131.82	0
131.83	0
133.08	0
143.06	0
143.91	0
170.35	0
210.21	0
229.09	0
235.32	0
265.15	0
271.40	0
290.22	0
302.58	0
303.66	0
86.66	0
97.15	0
106.69	0
116.40	0
118.15	0
130.77	0
143.33	0
149.32	0
207.98	0
223.28	0
227.43	0
253.44	0
269.25	0
269.94	0
284.38	0
287.64	0
19.19	1
20.15	1
31.28	1
32.23	1
38.02	1
75.56	1
118.25	0
131.41	0
204.90	0
216.86	0
245.26	0
251.50	0
254.10	0
254.92	0
255.42	0
257.02	0
267.07	0
277.08	0
285.88	0
298.88	0
317.40	0
318.36	0
321.34	0
326.57	0
162.48	0
177.45	0
192.88	0
200.02	0
205.77	0
218.31	0
245.39	0
250.29	0
251.39	0
276.79	0
280.32	0
281.33	0
284.10	0
287.87	0
290.14	0
290.81	0
18.24	1
18.92	1
22.13	1
32.31	1
33.76	1
35.72	1
75.82	1
92.40	0
211.86	0
215.78	0
234.18	0
241.36	0
256.36	0
269.91	0
277.87	0
277.98	0
315.65	0
331.94	0
345.44	0
359.08	0
363.93	0
387.92	0
390.42	0
395.38	0
174.38	0
179.94	0
201.40	0
216.39	0
227.45	0
229.63	0
250.01	0
253.34	0
120.30	0
140.32	0
152.15	0
152.26	0
167.14	0
172.88	0
173.44	0
177.76	0
162.77	0
180.69	0
203.02	0
208.43	0
214.12	0
230.42	0
237.52	0
246.07	0
198.95	0
202.65	0
233.62	0
237.35	0
246.47	0
254.95	0
266.28	0
280.14	0
285.95	0
290.69	0
300.22	0
302.47	0
308.49	0
311.45	0
315.63	0
318.58	0
150.81	0
167.82	0
191.84	0
197.60	0
198.01	0
214.29	0
231.50	0
234.24	0
126.11	0
135.44	0
160.69	0
162.27	0
174.06	0
195.66	0
196.58	0
199.14	0
156.61	0
184.97	0
185.11	0
192.02	0
196.81	0
197.58	0
202.95	0
206.83	0
164.97	0
173.62	0
177.56	0
183.43	0
186.90	0
195.01	0
195.34	0
225.18	0
188.33	0
190.96	0
213.26	0
238.52	0
239.19	0
249.79	0
267.80	0
271.56	0
175.46	0
179.38	0
186.44	0
187.17	1
188.49	0
190.42	0
191.87	0
194.73	0
138.10	0
151.23	0
164.97	0
173.50	0
201.78	0
212.42	0
217.18	0
218.35	0
65.39	0
102.34	0
105.72	0
107.27	0
107.74	0
108.23	0
109.36	0
111.68	0
30.22	1
32.58	1
42.59	1
47.40	1
48.59	1
48.79	1
50.00	1
94.09	0
110.29	0
124.03	0
124.39	0
131.47	0
147.97	0
150.10	0
155.04	0
161.98	0
82.06	0
88.84	0
107.66	0
126.07	0
133.31	0
143.38	0
146.27	0
149.09	0
146.11	0
166.78	0
187.98	0
192.36	0
200.03	0
201.59	0
206.51	0
208.35	0
92.24	0
107.29	0
110.82	0
130.68	0
132.81	0
138.86	0
145.13	0
149.80	0
105.32	0
106.04	0
123.64	0
135.34	0
141.55	0
158.41	0
159.87	0
160.57	0
50.07	1
94.97	0
116.84	0
124.70	0
129.74	0
129.98	0
150.28	0
150.73	0
11.98	1
168.53	0
188.97	0
200.59	0
205.51	0
209.16	0
211.20	0
219.17	0
16.18	1
207.67	0
217.32	0
223.59	0
225.95	0
231.43	0
233.45	0
234.62	0
131.02	0
133.54	0
146.48	0
148.10	0
150.77	0
151.08	0
152.83	0
160.02	0
19.26	1
20.28	1
26.98	1
34.02	1
35.14	1
35.33	1
38.41	1
53.75	1
158.77	0
170.54	0
174.71	0
174.75	0
178.98	0
182.41	0
188.56	0
190.90	0
124.51	0
129.45	0
136.49	0
143.03	0
147.26	0
151.80	0
155.10	0
157.57	0
165.05	0
172.10	0
174.35	0
180.20	0
192.01	0
192.05	0
192.31	0
194.77	0
195.69	0
208.66	0
211.63	0
214.24	0
217.86	0
222.23	0
225.43	0
226.99	0
209.05	0
217.26	0
221.14	0
225.37	0
227.92	0
229.51	0
235.14	0
237.74	0
213.71	0
220.29	0
224.79	0
229.86	0
231.35	0
234.74	0
235.25	0
235.28	0
88.67	1
92.55	1
92.59	1
96.05	1
101.16	1
107.60	1
108.39	1
108.91	1
144.26	0
155.44	0
155.77	0
160.45	0
163.31	0
165.67	0
167.54	0
167.98	0
119.14	0
130.64	0
135.17	0
137.59	0
138.28	0
141.13	0
144.58	0
148.36	0
131.70	0
146.62	1
185.04	1
214.32	0
216.53	0
220.03	0
221.80	0
223.45	0
212.53	0
215.63	0
218.25	0
223.40	0
223.77	0
231.32	0
238.64	0
239.40	0
59.57	0
90.00	0
103.11	0
105.92	0
109.26	0
110.50	0
110.79	0
113.06	0
213.23	0
219.98	0
227.28	0
227.39	0
229.30	0
235.96	0
237.86	0
238.62	0
100.90	0
134.39	0
142.57	0
145.03	0
152.79	0
159.94	0
160.03	0
163.46	0
237.96	0
252.23	0
255.78	0
256.92	0
266.90	0
270.66	0
271.00	0
273.86	0
209.46	0
217.65	0
223.16	0
231.47	0
239.62	0
241.20	0
242.41	0
245.65	0
295.17	0
301.56	0
305.43	0
310.33	0
318.21	0
321.98	0
324.86	0
331.39	0
131.89	0
150.24	0
155.58	0
164.71	0
167.90	0
170.18	0
172.02	0
172.83	0
134.04	0
149.40	0
155.37	0
159.24	0
173.55	0
177.52	0
177.64	0
177.64	0
298.87	0
304.60	0
313.80	0
316.27	0
322.20	0
323.18	0
323.53	0
327.61	0
721.57	0
723.40	0
728.66	0
729.00	0
742.69	0
753.36	0
754.36	0
754.71	0
232.40	0
246.32	0
253.20	0
255.91	0
263.91	0
265.01	0
267.11	0
269.65	0
128.49	0
132.87	0
144.10	0
152.05	0
156.86	0
157.43	0
169.20	0
170.06	0
234.71	0
249.29	0
251.91	0
254.97	0
257.56	0
258.03	0
261.54	0
263.29	0
185.51	0
191.55	0
197.30	0
198.09	0
200.52	0
204.10	0
207.28	0
211.07	0
211.53	0
212.24	0
239.00	0
241.39	0
245.91	0
248.32	0
250.98	0
256.05	0
104.42	0
121.38	0
125.33	0
127.55	0
129.51	0
133.63	0
139.41	0
141.64	0
163.77	0
170.06	0
173.07	0
174.56	0
187.38	0
193.47	0
195.06	0
196.99	0
131.93	0
136.01	0
138.47	0
152.67	0
153.18	0
155.63	0
157.04	0
160.54	0
123.61	0
141.43	0
145.13	0
147.09	0
159.81	0
162.69	0
163.03	0
173.32	0
116.28	0
121.69	0
128.00	0
136.72	0
146.56	0
148.46	0
156.04	0
157.85	0
165.69	0
176.70	0
178.61	0
191.71	0
193.07	0
194.11	0
196.17	0
197.59	0
154.03	0
156.28	0
164.06	0
166.28	0
167.25	0
174.51	0
179.20	0
184.67	0
126.99	0
129.98	0
133.43	0
142.90	0
143.88	0
149.27	0
153.61	0
159.31	0
129.22	0
143.62	0
149.17	0
154.74	0
161.13	0
164.34	0
173.53	0
174.49	0
394.65	0
401.97	0
403.72	0
406.23	0
417.22	0
417.92	0
422.56	0
426.02	0
116.50	0
118.87	0
126.19	0
129.21	0
130.93	0
131.24	0
134.39	0
134.39	0
78.54	0
82.06	0
90.84	0
100.02	0
103.51	0
117.42	0
122.01	0
128.73	0
110.86	0
115.90	0
127.69	0
129.69	0
134.25	0
143.18	0
143.74	0
144.80	0
20.80	1
22.67	1
29.85	1
29.91	1
33.13	1
35.21	1
36.44	1
38.54	1
90.98	0
96.44	0
100.10	0
104.19	0
104.54	0
107.72	0
111.54	0
113.77	0
25.47	1
34.40	1
36.26	1
43.72	1
43.79	1
43.80	1
44.97	1
45.49	1
69.33	0
79.47	0
80.10	0
81.38	0
85.52	0
89.55	0
92.03	0
95.57	0
454.08	0
462.54	0
464.15	0
479.10	0
481.63	0
483.90	0
493.18	0
494.38	0
129.39	1
130.45	1
131.70	1
131.83	1
133.03	1
135.84	1
137.30	1
139.56	1
256.92	0
276.49	0
294.19	0
294.87	0
295.82	0
297.87	0
299.29	0
307.46	0
99.13	0
104.78	0
116.56	0
121.15	0
122.84	0
124.66	0
125.27	0
125.64	0
114.31	0
123.78	0
137.24	0
147.22	0
149.61	0
154.72	0
157.11	0
165.87	0
335.15	0
343.14	0
348.54	0
349.35	0
353.68	0
353.70	0
360.56	0
360.61	0
225.30	0
228.13	0
229.50	0
236.62	0
240.61	0
242.21	0
266.14	0
266.32	0
318.21	0
339.47	0
366.67	0
366.99	0
377.53	0
382.92	0
384.85	0
387.03	0
123.14	0
140.99	0
145.23	0
146.32	0
147.11	0
148.52	0
148.73	0
149.11	0
99.74	0
107.21	1
120.77	0
122.22	0
123.26	0
139.28	0
147.88	0
154.06	0
161.66	1
171.29	0
191.18	0
194.93	0
196.38	0
201.21	0
207.63	0
210.05	0
101.24	1
104.84	1
112.93	1
168.40	0
186.46	0
195.62	0
200.94	0
201.12	0
118.24	1
132.23	0
152.16	1
231.22	0
236.44	0
239.41	0
241.32	0
243.75	0
192.99	0
198.87	0
198.92	0
200.17	0
203.59	0
219.51	0
219.74	0
226.68	0
378.11	0
379.56	0
383.73	0
384.44	0
388.89	0
392.80	0
393.84	0
397.27	0
172.50	0
176.91	0
180.40	0
181.65	0
194.87	0
197.46	0
200.09	0
207.55	0
281.18	0
299.55	0
304.91	0
314.25	0
315.42	0
316.63	0
318.52	0
319.63	0
199.61	0
205.50	0
205.92	0
212.10	0
223.31	0
223.35	0
224.96	0
229.70	0
205.63	0
232.29	0
238.08	0
239.34	0
242.51	0
247.21	0
251.64	0
253.62	0
249.82	0
265.51	0
266.77	0
268.89	0
269.61	0
270.32	0
270.99	0
274.18	0
248.07	0
267.79	0
273.46	0
275.03	0
275.59	0
281.63	0
283.91	0
297.89	0
205.88	0
220.45	0
226.65	0
226.83	0
231.12	0
244.82	0
245.03	0
254.10	0
196.41	0
206.94	0
222.52	0
222.73	0
228.42	0
229.56	0
233.44	0
236.62	0
236.95	0
248.20	0
252.13	0
258.78	0
260.19	0
263.38	0
265.04	0
265.53	0
173.72	0
187.66	0
194.06	0
203.17	0
204.53	0
206.72	0
208.27	0
208.94	0
173.56	0
177.72	0
189.99	0
191.89	0
193.74	0
199.52	0
202.69	0
204.59	0
103.62	0
103.99	0
116.53	0
121.53	0
126.08	0
128.83	0
129.03	0
132.57	0
278.62	0
290.38	0
293.04	0
300.81	0
301.09	0
305.58	0
309.33	0
315.81	0
297.65	0
308.65	0
309.76	0
310.27	0
312.08	0
314.14	0
316.34	0
320.85	0
229.78	0
230.99	0
233.36	0
241.47	0
241.84	0
242.03	0
246.13	0
247.18	0
351.96	0
359.94	0
372.10	0
375.96	0
379.62	0
380.77	0
391.15	0
392.32	0
342.56	0
354.46	0
359.34	0
363.63	0
364.14	0
366.62	0
366.66	0
366.75	0
202.52	0
216.74	0
225.12	0
233.46	0
234.73	0
248.43	0
249.12	0
249.61	0
226.76	0
233.45	0
235.75	0
242.67	0
248.23	0
248.31	0
251.14	0
252.97	0
233.74	0
236.68	0
244.35	0
249.28	0
260.12	0
261.75	0
263.69	0
263.87	0
122.04	0
143.87	0
147.94	0
156.86	0
159.63	0
160.21	0
169.13	0
171.01	0
270.84	0
276.14	0
288.65	0
289.35	0
293.79	0
293.86	0
298.48	0
305.69	0
81.64	1
149.07	0
158.11	0
166.31	0
166.45	0
175.00	0
179.65	0
179.79	0
183.76	0
203.09	0
207.18	0
207.82	0
210.64	0
217.68	0
219.34	0
223.93	0
391.65	0
399.21	0
403.59	0
408.69	0
415.65	0
429.62	0
440.37	0
443.11	0
90.16	1
135.14	0
140.22	0
145.98	0
149.71	0
151.06	0
152.39	0
153.10	0
23.50	1
27.29	1
36.39	1
39.88	1
43.52	1
49.87	1
54.83	1
56.94	1
184.45	0
187.53	0
189.55	0
193.22	0
200.64	0
201.55	0
205.03	0
208.62	0
245.69	0
248.33	0
254.81	0
261.38	0
262.27	0
266.13	0
267.00	0
272.26	0
273.02	0
276.53	0
277.49	0
286.76	0
287.38	0
288.65	0
290.33	0
293.02	0
243.92	0
249.11	0
253.83	0
254.81	0
256.82	0
258.00	0
261.18	0
264.78	0
254.62	0
257.19	0
259.40	0
260.95	0
263.59	0
266.38	0
266.74	0
270.48	0
203.18	0
226.14	0
232.52	0
235.75	0
240.73	0
241.73	0
246.06	0
253.85	0
270.95	0
276.90	0
279.70	0
281.14	0
288.54	0
288.99	0
289.08	0
290.39	0
149.71	0
159.86	0
172.19	0
188.34	0
190.17	0
191.95	0
195.17	0
204.51	0
169.01	1
171.67	1
175.00	0
181.36	0
194.64	1
211.30	1
225.09	0
227.18	0
119.90	0
122.97	0
165.48	0
188.13	0
189.70	0
197.46	0
199.34	0
199.90	0
166.17	0
169.37	0
181.99	0
187.40	0
188.94	0
191.15	0
192.55	0
197.99	0
113.67	1
224.95	0
245.68	0
258.16	0
265.37	0
267.54	0
279.42	0
282.55	0
166.16	0
255.68	1
260.69	0
266.79	0
269.95	0
270.21	1
272.12	0
279.10	0
146.80	1
160.82	0
195.43	0
207.99	0
225.14	0
228.74	0
229.59	0
234.05	0
215.57	0
216.68	0
236.44	0
240.31	0
245.01	0
249.94	0
261.74	0
261.75	0
209.57	0
209.85	0
240.78	0
250.09	0
256.88	0
263.88	0
270.08	0
271.68	0
277.20	0
317.07	0
337.72	1
340.26	0
341.97	0
357.11	0
360.49	0
362.69	0
378.36	0
381.16	0
381.63	0
382.04	0
382.25	0
383.28	0
383.76	0
385.72	0
295.13	0
297.43	0
297.68	0
305.51	0
317.27	0
318.29	0
321.51	0
329.96	0
367.78	0
371.36	0
375.98	0
383.54	0
387.40	0
389.69	0
390.67	1
391.05	0
310.70	0
326.86	0
336.16	0
337.26	0
339.83	0
341.50	0
342.64	0
343.82	0
206.15	0
219.62	0
222.60	0
228.03	0
228.43	0
229.04	0
233.69	0
236.70	0
92.84	1
120.13	0
137.39	1
145.93	0
151.20	0
153.23	0
158.84	0
162.15	0
195.39	0
227.44	1
235.20	0
246.52	0
247.95	0
258.74	0
270.36	0
274.38	0
294.16	0
303.44	0
307.33	0
311.14	0
312.03	0
312.41	0
319.64	0
321.93	0
251.53	1
272.19	0
282.33	1
284.16	0
292.62	0
294.64	0
297.05	0
301.06	0
167.03	0
207.12	0
210.24	0
218.89	0
219.63	1
236.08	0
241.84	0
248.92	0
321.53	0
334.14	0
335.24	0
346.01	0
347.05	0
347.61	0
349.88	0
349.90	0
133.37	0
136.49	1
137.82	0
148.42	0
153.69	0
162.58	1
166.06	0
167.10	0
253.74	0
254.38	0
265.43	0
273.83	0
274.09	0
283.83	0
285.52	0
288.14	0
118.38	0
134.72	0
136.44	0
142.37	0
144.48	0
153.75	0
154.83	0
155.81	0
196.05	1
198.04	0
209.54	0
216.62	0
216.65	0
221.49	0
221.82	0
222.38	0
291.97	0
305.51	0
308.69	0
309.46	0
309.72	0
313.39	0
315.95	0
317.71	0
166.41	0
169.65	0
172.35	0
173.45	0
176.45	0
179.91	0
180.63	0
181.14	0
48.21	1
79.07	1
102.87	0
103.13	0
103.40	0
103.41	0
105.43	0
105.77	0
7.05	1
12.69	1
22.73	1
28.34	1
32.85	1
34.10	1
41.95	1
44.92	1
95.23	0
105.32	0
107.06	0
125.10	0
126.80	0
130.38	0
134.47	0
136.11	0
11.85	1
68.46	0
75.33	0
78.10	0
93.01	0
94.58	0
95.52	0
96.85	0
10.45	1
75.76	0
80.87	0
81.59	0
97.46	0
101.38	0
101.83	0
109.86	0
89.98	1
211.23	0
243.86	0
244.90	0
252.71	0
259.86	0
263.39	0
264.69	0
39.42	1
513.12	0
592.55	0
594.33	0
598.37	0
599.16	0
602.59	0
602.62	0
20.57	1
393.66	0
400.94	0
403.63	0
404.22	0
405.50	0
408.25	0
409.14	0
74.41	0
120.18	0
133.83	0
139.43	0
142.75	0
144.32	0
145.30	0
145.92	0
18.34	1
44.96	1
46.91	1
49.65	1
49.80	1
51.10	1
52.39	1
52.65	1
286.62	0
292.01	0
293.91	0
294.21	0
299.65	0
304.04	0
304.81	0
306.98	0
584.04	0
588.28	0
592.10	0
594.86	0
595.32	0
597.57	0
601.07	0
606.12	0
701.43	0
719.65	0
740.08	0
740.96	0
747.27	0
747.87	0
748.20	0
749.79	0
559.44	0
594.46	0
604.18	0
609.88	0
610.13	0
611.48	0
613.14	0
618.18	0
797.67	0
818.42	0
823.77	0
831.65	0
831.72	0
835.86	0
836.79	0
837.09	0
537.80	0
544.01	0
546.98	0
547.23	0
548.97	0
558.15	0
559.89	0
562.15	0
207.89	0
222.60	0
222.85	0
225.57	0
259.07	0
259.85	0
262.08	0
263.89	0
508.16	0
515.10	0
516.92	0
517.79	0
518.36	0
522.80	0
523.96	0
526.10	0
415.20	0
417.07	0
421.01	0
421.08	0
422.27	0
425.64	0
425.89	0
432.66	0
382.75	0
400.96	0
489.24	0
490.61	0
494.09	0
498.40	0
503.57	0
504.45	0
464.31	0
466.42	0
472.24	0
476.00	0
476.08	0
476.99	0
477.22	0
482.15	0
274.70	1
348.87	0
351.40	0
353.81	0
360.64	0
361.11	0
363.00	0
371.69	0
42.86	1
44.86	1
50.13	1
50.97	1
54.92	1
55.06	1
55.79	1
57.07	1
43.09	1
69.65	0
71.99	0
78.97	0
80.01	0
80.24	0
85.27	0
100.58	0
6.89	1
7.83	1
64.99	0
68.79	0
77.46	0
79.21	0
82.50	0
88.03	0
6.38	1
8.57	1
73.98	0
75.40	0
75.56	0
79.53	0
99.88	0
100.52	0
62.83	1
278.68	0
285.91	0
292.48	0
294.22	0
298.47	0
300.18	0
300.79	0
23.60	1
542.43	0
547.18	0
551.91	0
552.18	0
552.31	0
556.58	0
558.22	0
18.89	1
630.43	0
667.90	0
683.88	0
696.44	0
702.52	0
703.24	0
709.41	0
16.54	1
526.62	0
542.33	0
553.55	0
557.92	0
559.38	0
562.30	0
566.21	0
28.57	1
703.34	0
723.19	0
733.17	0
742.23	0
754.43	0
755.28	0
755.54	0
20.36	1
534.03	0
538.23	0
539.55	0
544.15	0
546.05	0
553.89	0
554.99	0
20.36	1
193.69	0
200.10	0
210.56	0
218.60	0
245.71	0
246.63	0
248.88	0
10.26	1
466.96	0
504.25	0
511.26	0
512.18	0
512.58	0
514.96	0
518.07	0
6.90	1
401.45	0
403.12	0
407.06	0
407.19	0
408.71	0
409.45	0
413.57	0
6.99	1
356.28	0
356.80	0
373.99	0
416.19	0
456.92	0
457.58	0
461.37	0
7.60	1
414.55	0
449.76	0
452.01	0
452.15	0
459.68	0
460.84	0
461.75	0
7.86	1
272.17	1
333.44	0
336.08	0
338.59	0
340.85	0
346.00	0
346.23	0
7.48	1
45.34	1
50.33	1
56.87	1
57.89	1
59.01	1
59.69	1
60.82	1
69.44	0
69.54	0
73.67	0
78.73	0
81.11	0
81.32	0
81.58	0
86.88	0
291.82	1
296.58	1
303.39	0
308.63	0
310.69	0
312.40	0
313.23	0
314.23	0
12.44	1
13.21	1
17.99	1
26.83	1
28.02	1
32.79	1
33.37	1
40.41	1
209.97	1
220.42	0
226.14	0
227.82	0
229.64	0
231.85	0
233.05	0
234.19	0
322.61	0
322.75	0
325.69	0
326.35	0
337.01	0
342.51	0
342.83	0
344.20	0
258.82	0
263.02	0
265.51	0
266.17	0
266.32	0
267.15	0
274.21	0
276.28	0
60.33	1
108.93	0
112.89	0
113.44	0
115.34	0
117.17	0
117.52	0
120.13	0
174.79	0
177.44	0
183.04	0
184.64	0
185.39	0
189.59	0
193.57	0
193.71	0
79.50	1
83.85	1
85.65	1
89.87	1
94.40	1
94.71	1
99.78	1
101.04	1
150.30	1
175.90	0
184.59	0
186.21	0
193.36	0
194.03	0
196.38	0
202.36	0
133.09	1
134.51	1
138.32	0
142.07	0
142.43	0
143.20	0
145.80	0
150.40	0
262.89	0
266.23	0
266.57	0
274.12	0
278.18	0
278.85	0
283.11	0
283.85	0
193.23	0
196.26	0
200.23	0
201.53	0
201.68	0
201.74	0
203.56	0
203.62	0
215.21	0
224.33	0
225.97	0
230.09	0
236.77	0
241.38	0
241.59	0
244.06	0
148.01	0
148.30	0
156.98	0
159.98	0
164.16	0
179.04	0
184.31	0
185.50	0
178.19	0
180.91	0
189.43	0
196.92	0
199.89	1
200.19	0
205.35	0
207.40	0
221.73	0
222.46	0
224.60	0
225.34	0
226.68	0
227.43	0
229.19	0
232.65	0
298.90	0
300.10	0
302.19	0
302.92	0
304.31	0
305.62	0
306.63	0
307.03	0
178.43	0
180.14	0
180.29	0
181.70	0
182.75	0
184.16	0
188.22	0
193.18	0
219.03	0
219.48	0
221.87	0
225.64	0
227.69	0
229.64	0
232.03	0
233.36	0
161.90	1
164.45	0
164.49	1
176.89	0
177.13	0
178.40	0
182.44	0
182.58	0
250.56	0
252.41	0
256.54	0
262.46	0
266.32	0
267.05	0
268.10	0
268.36	0
154.44	0
158.92	0
161.74	0
166.28	0
171.25	0
171.32	0
172.99	0
175.24	0
127.84	0
157.90	0
170.96	0
182.52	0
185.38	0
191.34	0
195.75	0
197.17	0
131.12	0
140.53	0
141.93	0
142.48	0
143.02	0
143.58	0
144.72	0
148.14	0
149.17	0
149.80	0
150.31	0
152.35	0
153.37	0
155.77	0
157.09	0
158.53	0
126.57	0
128.92	0
132.42	0
133.89	0
140.28	0
142.12	0
143.77	0
144.01	0
157.56	0
157.65	0
161.70	0
165.36	0
165.62	0
165.96	0
174.02	0
177.52	0
141.31	0
149.92	0
150.43	0
150.66	0
152.60	0
154.44	0
160.15	0
162.45	0
102.52	0
106.17	0
106.51	0
109.26	0
125.41	0
126.28	0
127.22	0
127.33	0
120.84	0
123.31	0
124.31	0
129.71	0
129.80	0
130.10	0
141.81	0
143.15	0
150.25	0
153.26	0
153.83	0
155.76	0
156.46	0
158.53	0
160.33	0
163.60	0
202.00	0
205.82	0
222.85	0
225.11	0
228.77	1
230.55	0
232.79	0
234.68	0
337.90	0
339.51	0
346.55	0
349.31	0
350.86	0
352.42	0
352.53	0
360.92	0
263.03	0
263.06	0
264.22	0
266.14	0
266.21	0
267.61	0
272.30	0
275.68	0
707.43	0
710.27	0
712.49	0
713.25	0
714.48	0
718.63	0
720.33	0
723.10	0
184.42	0
213.20	0
213.41	0
216.90	0
219.58	0
221.39	0
223.54	0
224.52	0
201.59	0
205.60	0
207.15	0
217.20	0
221.37	0
221.88	0
222.96	0
224.87	0
135.02	0
136.62	0
139.86	0
152.60	0
154.21	0
158.58	0
161.84	0
164.69	0
416.98	0
422.51	0
432.06	0
433.99	0
435.56	0
439.26	0
443.43	0
444.37	0
221.55	0
221.72	0
229.51	0
232.29	0
232.59	0
237.82	0
238.14	0
239.73	0
298.34	0
300.42	0
300.75	0
303.21	0
303.77	0
307.07	0
315.57	0
315.61	0
376.27	0
385.86	0
393.46	0
396.63	0
398.63	0
399.13	0
399.53	0
400.71	0
366.88	0
373.72	0
377.95	0
380.73	0
381.29	0
382.64	0
384.77	0
386.06	0
156.03	0
156.53	0
166.93	0
171.23	0
178.17	0
179.03	0
180.63	0
183.98	0
195.88	1
214.92	1
254.61	1
260.12	0
268.31	0
268.66	0
270.91	0
279.21	0
265.12	0
271.73	0
274.04	0
274.44	0
274.63	0
276.73	0
276.83	0
278.99	0
337.09	0
344.05	0
346.95	0
347.89	0
348.48	0
350.06	0
350.75	0
350.87	0
202.80	0
203.75	0
204.29	0
207.36	0
207.37	0
208.83	0
213.72	0
214.33	0
314.62	0
317.44	0
317.45	0
317.45	0
322.07	0
322.75	0
326.65	0
328.84	0
280.97	0
283.54	0
285.64	0
285.97	0
287.56	0
295.29	0
296.82	0
299.85	0
414.20	0
414.62	0
415.27	0
424.90	0
426.66	0
427.68	0
429.18	0
431.80	0
226.57	0
230.67	0
233.35	0
237.61	0
240.09	0
240.92	0
243.14	0
249.17	0
322.59	0
326.83	0
328.04	0
335.23	0
340.38	0
340.57	0
340.86	0
341.50	0
143.93	1
236.55	0
237.20	0
243.58	0
245.29	0
246.75	0
247.11	0
249.77	0
408.75	0
413.59	0
414.20	0
415.06	0
416.00	0
416.28	0
416.62	0
423.93	0
138.03	0
143.89	0
146.12	0
150.27	0
152.14	0
152.97	0
156.46	0
156.84	0
104.45	0
104.48	0
108.12	0
110.47	0
118.38	0
119.09	0
122.73	0
124.03	0
101.32	0
106.07	0
108.72	0
108.80	0
109.72	0
109.91	0
111.24	0
113.83	0
88.55	0
89.68	0
91.04	0
102.62	0
109.37	0
124.61	0
125.25	0
126.37	0
132.56	0
135.94	0
136.59	0
136.99	0
139.08	0
139.15	0
139.43	0
145.18	0
42.88	0
46.36	0
46.93	0
62.23	0
75.50	0
80.80	0
82.78	0
83.66	0
56.12	0
57.65	0
57.88	0
74.28	0
81.52	0
92.18	0
93.39	0
93.43	0
250.64	0
252.68	0
254.40	0
258.60	0
259.59	0
260.69	0
262.51	0
262.88	0
43.17	1
44.73	1
96.16	0
97.36	0
102.64	0
103.92	0
116.59	0
117.85	0
244.68	0
246.12	0
247.00	0
249.73	0
249.98	0
250.02	0
250.44	0
253.38	0
194.18	0
210.11	0
213.98	0
218.57	0
219.77	0
220.76	0
225.32	0
227.37	0
183.23	0
188.56	0
190.06	0
196.20	0
201.38	0
202.18	0
205.72	0
205.78	0
122.65	0
130.39	0
130.43	0
132.32	0
132.47	0
134.62	0
136.12	0
138.31	0
128.57	1
193.65	0
215.04	0
224.40	0
231.23	0
231.51	0
235.51	0
236.94	0
12.16	1
105.20	0
124.21	0
129.09	0
129.59	0
132.26	0
133.18	0
134.47	0
32.68	1
189.74	0
194.58	0
196.84	0
200.15	0
204.45	0
205.42	0
211.75	0
61.37	1
76.00	0
192.39	0
192.42	1
197.12	1
212.56	1
230.57	0
251.46	1
134.07	1
146.89	0
187.16	0
190.19	0
192.09	0
206.83	0
208.25	0
212.37	0
81.52	1
245.57	0
247.94	0
250.67	0
255.86	0
258.23	0
261.34	0
262.80	0
42.22	1
43.96	1
72.86	1
89.46	0
90.54	0
91.05	0
91.13	0
91.36	0
4.87	1
7.59	1
14.10	1
14.14	1
23.07	1
30.06	1
33.22	1
35.58	1
200.10	0
211.53	0
234.94	0
241.10	0
248.34	0
249.98	0
251.28	0
252.23	0
315.68	0
316.40	0
316.97	0
317.10	0
318.32	0
318.94	0
319.06	0
321.67	0
124.13	1
133.52	0
133.83	0
134.31	0
135.77	0
138.12	0
139.53	0
144.37	0
22.34	1
27.21	1
34.69	1
96.60	0
97.22	0
97.34	0
98.93	0
103.73	0
190.69	0
191.67	0
192.37	0
193.78	0
198.34	0
200.33	0
202.35	0
203.14	0
132.95	0
133.33	0
133.51	0
133.97	0
134.27	0
134.95	0
137.53	0
138.16	0
74.10	1
95.45	0
95.47	0
98.36	0
99.15	0
103.79	0
109.97	0
119.89	0
84.45	0
86.05	0
87.27	0
87.62	0
90.59	0
94.11	0
95.81	0
96.30	0
15.48	1
28.38	1
46.22	0
50.87	0
51.41	0
79.65	0
81.73	0
85.57	0
108.64	1
110.48	0
131.50	1
131.58	0
135.14	0
139.43	0
144.56	0
145.03	0
172.10	0
185.85	0
188.12	0
189.33	0
189.86	0
190.01	0
191.61	0
195.22	0
157.53	0
162.62	0
170.83	0
173.25	0
173.52	0
174.17	0
175.59	0
176.47	0
133.25	0
135.36	0
137.56	0
138.03	0
142.99	0
147.66	0
149.13	0
149.90	0
131.89	0
136.13	0
139.44	0
140.44	0
140.66	0
140.66	0
148.21	0
150.13	0
22.45	1
23.97	1
24.13	1
49.99	0
56.87	0
76.29	0
78.09	0
79.30	0
128.24	0
134.66	0
136.33	0
137.82	0
138.67	0
139.47	0
141.16	0
143.66	0
77.89	1
77.96	1
81.27	1
97.43	0
100.08	0
110.36	0
112.46	0
113.75	0
140.39	0
141.06	0
141.20	0
148.31	0
148.91	0
149.03	0
149.72	0
155.56	0
116.61	1
158.70	0
159.26	0
159.46	0
159.51	1
161.93	1
161.95	0
162.46	0
186.06	0
188.00	0
189.09	0
189.53	0
191.00	0
193.06	0
195.63	0
197.90	0
244.58	0
244.93	0
246.37	0
251.82	0
252.23	0
256.12	0
261.67	0
262.14	0
214.02	0
216.66	0
221.36	0
225.39	0
226.91	0
231.11	0
231.46	0
232.82	0
88.46	0
97.58	0
97.96	1
102.44	0
103.71	1
104.74	0
112.44	1
112.94	0
191.06	1
200.39	1
209.02	1
212.09	0
215.85	0
216.10	0
218.43	0
225.07	1
208.04	0
208.89	0
213.13	0
216.90	0
219.98	0
222.27	0
224.36	0
230.48	0
162.30	0
179.82	0
182.34	0
184.01	0
190.10	0
190.40	0
191.89	0
202.02	0
281.05	0
288.09	0
305.60	0
307.99	0
309.58	0
309.83	0
310.48	0
311.31	0
65.18	1
74.19	1
80.84	1
115.99	0
120.74	0
121.89	0
123.51	0
124.78	0
123.70	1
141.65	0
143.39	0
147.82	0
149.15	1
152.84	0
158.21	0
159.02	0
164.34	1
171.53	0
206.90	0
217.09	0
220.18	0
226.43	0
227.63	0
228.46	0
73.21	0
100.17	0
103.52	0
104.17	0
106.48	0
106.87	0
107.34	0
108.22	0
143.23	0
171.36	0
174.11	0
177.09	0
177.38	0
179.25	0
180.01	0
181.32	0
63.74	1
88.12	1
92.91	1
120.78	1
130.88	0
135.29	0
137.34	0
143.55	0
2.54	1
4.31	1
8.59	1
10.97	1
11.12	1
23.85	1
29.55	1
31.36	1
139.85	0
187.09	0
189.06	0
189.90	0
190.12	0
200.93	0
201.18	0
202.82	0
59.77	1
87.39	0
89.56	1
98.68	1
99.38	0
103.72	0
104.09	0
107.18	0
147.75	0
154.36	0
157.72	0
159.75	0
159.88	0
160.34	0
162.90	0
163.40	0
253.91	0
268.01	0
269.60	0
271.13	0
271.44	0
275.26	0
275.79	0
276.24	0
101.02	1
124.64	0
131.70	0
132.93	0
135.86	0
136.80	0
136.96	0
138.20	0
174.51	0
212.30	0
222.73	0
229.13	0
229.57	0
229.61	0
240.47	0
242.22	0
16.03	1
28.20	1
31.10	1
37.94	1
67.21	1
99.84	0
102.61	0
102.63	0
179.90	1
184.82	0
191.50	1
200.58	1
200.83	0
201.12	1
205.16	0
205.46	1
229.85	0
229.89	0
231.12	0
233.92	0
235.17	0
236.29	0
239.10	0
241.80	0
64.93	0
64.98	1
73.19	1
78.20	1
82.61	0
89.40	0
89.82	0
90.68	0
302.63	0
336.48	0
337.72	0
338.74	0
339.95	0
340.64	0
341.31	0
341.44	0
210.61	1
259.58	0
260.51	0
264.27	0
266.84	0
269.83	0
274.21	0
275.30	0
199.64	0
205.81	0
206.23	0
211.36	0
211.62	0
215.02	0
216.03	0
216.81	0
191.37	0
204.07	0
204.25	0
210.74	0
212.65	0
212.89	0
213.21	0
214.41	0
184.05	0
201.00	0
203.08	0
203.36	0
204.06	0
205.61	0
206.88	0
206.95	0
135.59	0
137.84	0
161.55	0
167.48	0
174.82	0
178.76	0
187.14	0
187.28	0
168.63	0
169.03	0
174.19	0
174.82	0
175.29	0
177.38	0
178.49	0
179.18	0
146.64	1
163.14	0
168.88	0
172.63	0
175.11	0
176.72	0
180.48	0
180.76	0
313.71	0
314.31	0
318.13	0
319.11	0
320.10	0
320.75	0
322.21	0
322.66	0
104.33	0
106.37	0
110.12	0
112.76	1
117.58	0
133.52	0
135.98	0
140.54	0
135.20	1
142.76	1
144.46	1
147.43	1
149.96	0
151.99	0
153.26	1
157.73	1
237.85	0
238.08	0
238.86	0
239.33	0
239.33	0
239.36	0
240.51	0
242.38	0
160.84	0
164.30	1
164.47	0
175.44	0
175.74	0
177.90	0
178.02	0
181.83	0
219.57	0
223.37	0
224.09	0
226.96	0
227.06	0
227.91	0
229.92	0
230.01	0
265.76	1
291.94	0
312.58	0
315.12	0
316.68	0
324.08	0
324.38	0
324.65	0
271.04	0
275.49	0
276.57	0
276.83	0
278.83	0
280.34	0
280.52	0
281.53	0
85.39	1
91.99	0
100.10	0
103.72	0
107.50	0
108.47	0
111.22	0
115.55	0
194.15	0
199.07	1
199.65	0
208.03	0
210.32	0
214.90	0
215.19	0
220.51	0
173.59	0
184.10	0
196.22	0
197.58	0
198.07	0
200.90	0
207.86	0
208.82	0
234.62	0
248.11	0
250.57	0
255.39	0
256.12	0
261.44	0
272.50	0
273.52	0
232.45	0
234.24	0
238.32	0
238.44	0
239.89	0
240.18	0
240.70	0
240.82	0
248.75	0
251.94	0
255.64	0
258.44	0
258.62	0
262.84	0
263.06	0
264.15	0
169.34	0
176.40	0
176.70	0
178.73	0
180.92	0
182.57	0
183.38	0
184.09	1
173.77	0
175.48	0
176.50	0
178.95	0
180.27	0
182.86	0
186.68	0
191.78	0
240.04	0
246.05	0
253.12	0
254.27	0
257.12	0
257.15	0
259.27	0
259.79	0
254.42	0
255.19	0
259.14	0
261.25	0
261.93	0
262.42	0
264.24	0
274.39	0
75.99	1
76.85	1
78.03	1
84.38	1
86.76	0
88.80	1
123.47	0
123.53	0
195.66	0
198.02	0
199.44	0
207.07	0
207.37	0
209.08	0
209.85	0
210.30	0
165.13	0
165.54	0
168.34	0
168.95	0
170.79	0
172.18	0
179.33	0
180.08	0
32.06	1
51.75	1
52.47	1
71.91	1
74.57	1
99.82	0
101.86	0
102.86	0
2.18	1
2.92	1
4.58	1
6.02	1
14.81	1
15.57	1
23.22	1
31.64	1
125.95	0
128.20	0
151.27	0
155.87	0
155.93	0
160.64	0
166.03	1
166.73	0
15.45	1
83.47	0
111.14	0
114.68	0
115.67	0
116.05	0
118.23	0
118.73	0
13.94	1
146.20	0
152.53	0
165.49	0
171.05	0
171.13	0
173.22	0
174.38	0
190.31	0
194.47	0
200.64	0
218.18	0
222.30	0
222.45	0
228.11	0
233.33	0
57.66	1
78.35	1
100.43	1
111.34	0
119.20	0
122.98	0
123.84	0
124.20	0
87.37	1
135.16	1
155.66	0
175.75	0
180.47	0
188.14	0
195.72	0
196.42	0
4.94	1
10.59	1
103.50	0
120.77	0
126.39	0
126.64	0
126.91	0
127.54	0
18.54	1
18.86	1
173.22	0
177.78	0
182.17	0
184.70	0
184.74	0
189.73	0
54.82	1
68.67	1
85.49	0
144.30	0
185.83	1
202.22	1
204.59	0
209.20	1
115.90	1
206.73	1
211.88	0
213.76	0
219.48	1
220.99	0
223.99	0
224.30	0
48.30	1
73.59	1
194.44	0
208.66	0
215.21	0
217.17	0
222.53	0
223.75	0
98.92	1
116.71	0
143.65	0
144.68	1
146.26	0
152.99	0
153.87	0
155.24	0
215.68	0
220.14	0
222.64	1
224.33	0
229.77	1
235.64	0
236.22	0
239.52	0
304.00	0
321.64	0
325.22	0
328.62	0
331.51	0
332.32	0
333.28	0
337.03	0
249.23	0
250.75	0
253.44	0
253.62	0
255.85	0
257.03	0
257.14	0
257.44	0
325.74	0
328.86	1
360.39	1
364.28	1
374.46	0
375.37	0
378.63	1
379.92	0
200.40	0
202.39	0
212.85	0
215.61	0
226.00	0
227.15	0
227.49	0
227.53	0
114.24	0
118.89	0
137.15	0
138.27	0
138.83	0
141.35	0
142.77	0
143.35	0
202.52	0
203.44	0
205.69	0
206.29	0
209.58	0
210.18	0
210.29	0
210.31	0
74.02	0
142.18	0
153.19	0
162.17	0
164.06	0
164.14	0
166.06	0
166.64	0
50.98	1
131.86	0
142.36	0
143.67	0
148.78	0
148.90	0
149.81	0
152.72	0
159.30	0
165.43	0
170.28	1
171.81	0
177.21	1
182.23	0
182.85	0
183.90	0
255.03	0
255.61	0
257.97	0
262.75	0
263.47	0
267.87	0
268.11	0
269.49	0
146.39	0
146.52	0
149.38	0
153.00	0
153.07	0
153.43	0
153.61	0
155.69	0
113.96	0
118.97	0
120.41	0
120.84	0
122.23	0
124.28	0
124.60	0
125.21	0
90.94	1
114.15	0
121.80	0
123.76	0
125.28	0
127.94	0
128.84	0
129.27	0
22.36	1
25.70	1
26.29	1
58.43	0
59.34	0
62.71	0
63.09	0
79.33	0
46.05	1
85.07	1
86.74	1
89.11	0
91.17	0
104.54	1
104.55	0
108.03	0
121.91	1
158.77	1
171.54	1
178.99	1
188.51	0
189.07	0
190.43	0
196.52	0
208.88	1
213.82	0
223.31	0
231.95	0
235.12	0
241.46	1
245.52	1
277.22	1
259.74	0
281.16	0
291.45	0
298.86	0
304.94	0
305.76	0
307.39	0
308.61	0
220.95	0
241.63	0
244.74	0
250.02	0
250.16	0
250.16	0
252.80	0
254.48	0
94.51	0
106.78	0
110.18	0
112.10	0
114.46	0
115.98	0
117.15	0
118.17	0
103.10	0
132.95	1
141.58	0
150.08	0
150.85	0
151.93	0
152.10	0
152.49	0
21.06	1
45.16	1
71.03	1
75.77	1
82.31	0
85.64	1
89.29	0
91.98	0
9.84	1
151.65	0
152.78	0
159.79	0
160.91	0
163.04	0
165.08	0
165.12	0
146.56	0
161.29	0
161.38	0
165.76	0
165.88	0
172.51	0
172.60	0
174.36	0
103.48	0
136.61	0
160.39	0
167.27	0
168.46	0
169.72	0
171.51	0
172.25	0
99.15	1
145.14	1
167.18	0
168.32	0
169.30	0
171.24	0
176.70	0
178.87	0
267.46	0
273.00	0
277.57	0
278.96	0
280.04	0
280.96	0
282.00	0
284.09	0
114.96	1
121.12	0
132.45	0
134.15	0
141.95	0
142.46	0
142.96	0
145.27	0
150.05	1
157.17	1
163.49	0
178.95	1
191.45	1
193.92	0
201.39	1
202.50	0
219.62	0
254.82	0
271.78	0
274.51	0
274.71	0
274.79	0
274.83	0
277.13	0
21.12	1
61.76	1
67.91	1
70.48	0
75.27	1
82.40	0
83.86	0
86.00	0
118.79	0
139.74	0
153.09	0
157.87	0
163.63	0
163.72	0
167.71	0
175.73	1
133.35	1
190.17	0
217.31	0
219.32	0
229.27	0
230.40	0
234.58	0
234.72	0
111.08	0
116.76	1
125.33	1
128.01	0
131.72	0
137.46	0
138.81	0
144.64	0
152.31	0
155.45	0
159.92	0
161.11	0
161.95	0
162.47	0
162.63	0
162.83	0
247.45	0
266.24	0
271.24	0
271.95	0
276.21	0
278.18	0
280.14	0
280.22	0
182.28	0
188.13	0
212.08	0
215.58	0
218.89	0
219.64	0
221.13	0
227.58	0
204.73	0
223.04	0
223.18	0
225.91	0
225.97	0
226.04	0
226.24	0
226.33	0
127.48	0
149.42	0
152.07	0
156.63	0
159.54	0
162.77	0
164.42	0
167.51	0
115.26	1
137.26	1
156.54	0
161.00	1
161.80	0
163.31	0
166.88	1
176.40	0
176.16	0
177.53	0
182.51	0
184.13	0
186.64	0
186.87	0
186.94	0
187.10	0
229.46	0
260.18	0
274.54	0
284.75	0
294.57	0
296.01	0
298.22	0
298.56	0
219.87	0
228.49	0
232.37	0
238.57	0
240.66	0
242.63	0
243.29	0
244.01	0
231.65	0
260.19	0
261.98	0
265.10	0
267.10	0
268.49	0
269.71	0
270.22	0
197.85	0
199.23	0
211.62	0
213.85	0
215.42	0
216.53	0
217.78	0
218.03	0
262.15	0
263.34	0
263.82	0
264.26	0
264.88	0
265.02	0
266.77	0
267.08	0
128.98	0
131.55	0
141.13	0
146.60	0
146.61	0
148.34	0
157.00	0
157.35	0
96.12	0
130.91	0
160.21	0
169.68	0
170.48	0
171.40	0
173.42	0
173.64	0
189.52	1
197.88	0
211.94	1
212.35	0
212.48	0
219.81	0
221.54	1
223.87	0
240.02	0
240.89	0
241.40	0
241.49	0
243.78	0
245.14	0
246.11	0
248.68	0
47.89	0
67.72	0
69.25	0
82.42	0
85.22	0
87.93	0
89.43	0
93.73	0
207.41	1
212.54	1
247.10	0
250.73	0
261.71	0
261.75	0
261.84	0
263.98	0
27.87	1
110.85	1
187.85	1
242.06	0
242.14	0
242.21	0
247.09	0
250.29	0
13.94	1
157.65	0
202.78	0
203.69	0
208.41	0
209.46	0
211.45	0
211.83	0
86.46	1
105.60	1
118.86	1
119.43	1
127.55	0
132.54	1
133.69	0
135.43	1
1.43	1
1.69	1
2.58	1
4.20	1
7.24	1
14.00	1
14.06	1
23.78	1
115.08	1
138.81	0
165.22	0
172.35	0
186.03	0
193.19	0
197.07	0
199.27	0
9.64	1
18.33	1
88.30	0
120.70	0
124.54	0
124.97	0
125.86	0
127.62	0
8.99	1
10.87	1
148.17	0
154.95	0
164.20	0
169.19	0
169.47	0
169.56	0
242.89	0
252.23	0
257.55	0
257.70	0
267.88	0
271.38	0
273.07	0
277.32	0
208.33	0
229.33	1
235.61	1
248.95	0
254.74	1
254.99	1
261.35	1
262.39	0
152.92	1
209.02	0
245.16	1
250.38	0
289.82	0
294.19	0
297.33	0
301.06	0
77.00	1
81.78	0
112.37	0
114.33	0
114.49	0
122.55	0
124.94	0
125.57	0
74.67	1
115.05	0
140.50	0
141.27	0
141.81	0
141.88	0
143.32	0
145.83	0
86.49	0
94.27	0
98.20	0
99.46	0
100.44	0
102.39	0
109.87	0
110.02	0
90.95	1
98.49	0
99.69	0
114.92	0
116.27	0
117.70	0
120.53	0
121.29	0
21.81	1
36.60	1
39.69	1
44.25	1
55.26	1
71.09	1
84.27	0
84.35	0
1.47	1
2.82	1
3.15	1
3.58	1
4.26	1
8.11	1
10.97	1
11.96	1
101.92	0
130.96	0
131.48	0
155.47	0
162.74	0
164.33	0
165.33	0
169.75	0
278.58	0
281.73	0
283.94	0
285.70	0
285.80	0
286.93	0
291.45	0
292.52	0
53.24	1
55.79	1
70.43	1
96.14	0
100.51	1
104.93	0
110.96	0
112.18	1
218.14	0
218.42	0
220.46	0
223.84	0
224.66	0
226.28	0
227.77	0
230.18	0
140.93	1
159.69	0
160.04	0
173.66	0
174.59	0
175.31	0
177.52	0
177.83	0
205.38	0
208.81	0
212.49	0
213.04	0
214.00	0
215.26	0
216.62	0
217.27	0
109.16	0
109.28	0
115.46	0
117.36	0
117.49	0
128.44	0
133.45	0
133.71	0
274.51	0
279.50	0
280.33	0
281.24	0
281.99	0
286.65	0
286.95	0
287.18	0
135.63	0
136.52	0
136.62	0
137.37	0
142.15	0
143.32	0
143.53	0
146.07	0
78.50	1
84.99	1
94.11	1
101.90	1
104.33	1
118.64	0
119.27	0
126.24	0
194.94	0
226.62	0
237.96	0
257.55	0
258.76	0
261.56	0
270.59	0
272.09	0
66.24	1
89.95	1
90.22	1
96.24	1
100.39	1
107.47	1
118.76	1
133.91	0
107.27	1
140.64	1
151.87	1
158.25	1
169.45	0
169.74	0
174.53	1
175.66	0
278.63	0
287.49	0
289.76	0
290.95	0
292.53	0
294.36	0
297.66	0
300.92	0
51.29	1
59.30	1
132.65	0
134.50	0
135.60	0
136.99	0
141.97	0
143.57	0
153.72	0
156.52	0
169.85	1
186.16	0
187.36	1
187.38	1
192.57	0
192.77	0
262.72	0
267.88	0
268.22	0
276.02	0
281.08	0
284.61	0
287.10	0
287.35	0
213.07	0
216.43	0
216.61	0
217.55	0
217.90	0
224.18	0
226.56	0
226.62	0
219.68	1
229.88	1
248.26	0
250.43	1
251.35	0
254.80	0
255.56	1
255.80	0
121.55	1
156.05	0
163.36	1
166.70	1
188.03	0
190.08	0
190.78	0
191.20	0
159.31	0
201.04	0
208.53	0
209.57	0
214.66	0
214.74	0
214.97	0
214.97	0
295.70	1
301.89	0
309.82	0
312.53	0
314.72	0
316.19	0
318.00	0
318.22	0
309.29	0
310.90	0
313.77	0
316.21	0
319.76	0
320.07	0
320.10	0
320.59	0
35.20	1
39.23	1
49.15	1
50.53	1
52.56	1
74.57	1
85.40	1
95.75	0
6.26	1
6.36	1
6.79	1
7.37	1
8.02	1
8.27	1
12.04	1
12.87	1
146.66	0
165.38	0
181.17	0
191.16	0
205.24	0
208.57	0
210.92	0
213.75	0
116.51	0
148.45	0
151.76	0
194.58	0
204.73	0
205.70	0
206.32	0
206.92	0
62.37	1
112.27	0
114.96	0
115.94	0
118.88	0
120.10	0
131.30	0
132.57	0
49.99	1
99.75	1
125.55	0
127.22	0
131.58	0
133.79	0
140.22	0
140.86	0
141.88	0
149.12	0
163.20	0
163.46	0
166.13	0
173.98	0
177.66	0
180.78	0
174.70	0
187.06	0
210.42	0
214.36	1
214.53	0
216.09	1
217.10	1
219.33	0
126.65	1
142.48	0
159.29	1
173.09	0
181.57	1
182.34	1
191.43	0
196.29	0
142.93	1
186.04	0
199.27	0
212.43	0
234.84	0
235.42	0
236.66	0
236.90	0
184.87	0
218.08	0
229.33	0
237.82	0
239.12	0
246.24	0
253.43	0
256.64	0
217.16	0
217.36	0
244.17	0
244.22	0
246.85	0
247.13	0
248.39	0
248.44	0
86.63	0
86.90	0
93.22	0
106.08	0
106.33	0
108.58	0
115.30	0
118.35	0
52.56	0
141.84	0
153.15	0
164.08	0
177.08	0
179.93	0
181.77	0
183.38	0
21.83	1
62.83	1
73.28	1
139.66	0
143.54	0
144.62	0
144.97	0
150.81	0
198.69	1
210.54	1
220.27	0
224.28	1
239.38	1
245.12	0
249.26	0
249.53	1
162.02	1
174.86	1
180.94	0
212.57	1
215.50	1
221.01	0
229.01	0
232.17	0
68.39	0
99.30	0
123.13	0
149.86	0
201.82	0
214.60	0
229.10	0
233.64	0
248.66	0
461.33	0
469.52	0
488.48	0
488.95	0
490.99	0
492.40	0
499.28	0
559.26	0
559.48	0
562.41	0
562.95	0
563.03	0
563.53	0
567.41	0
567.92	0
139.65	1
163.54	1
183.30	1
183.45	1
201.03	1
202.47	1
210.87	1
223.16	1
2.17	1
2.18	1
3.40	1
3.48	1
3.55	1
3.83	1
5.21	1
7.15	1
112.90	0
114.64	0
144.56	0
165.31	0
165.45	0
167.57	0
168.58	0
170.17	0
215.84	0
225.24	0
231.71	0
237.41	0
249.36	0
251.12	0
251.48	0
251.76	0
57.77	1
68.47	1
77.08	1
87.12	1
108.60	0
116.36	0
118.74	1
118.95	1
69.75	0
95.65	1
98.38	1
119.27	0
132.67	0
134.54	1
139.73	0
142.56	1
174.54	0
201.11	0
207.80	0
213.40	0
227.64	0
235.26	0
237.37	0
243.12	0
164.19	0
174.96	0
184.53	0
187.16	0
193.10	1
197.08	0
201.66	0
205.88	0
69.44	1
70.14	1
70.71	1
78.98	1
82.99	1
105.91	0
113.35	1
114.66	1
225.34	0
255.20	0
263.80	0
269.11	0
271.73	0
275.04	0
275.05	0
275.43	0
96.17	0
102.15	0
104.90	0
116.17	0
118.87	0
121.47	0
121.64	0
123.15	0
324.65	0
328.65	0
329.03	0
338.12	0
343.71	0
350.12	0
353.00	0
359.24	0
279.17	0
282.63	0
283.96	1
297.91	0
303.51	0
305.60	0
312.70	0
315.47	0
184.02	0
195.38	0
231.67	0
239.41	0
253.58	0
254.83	0
257.35	0
259.88	0
122.73	0
123.02	0
123.17	0
125.59	0
128.29	0
129.01	0
130.76	0
131.01	0
182.49	0
183.62	0
187.69	0
190.96	1
196.72	1
196.98	1
198.46	1
199.59	0
182.18	0
215.65	0
225.94	0
233.62	0
243.10	0
249.17	0
251.23	0
256.01	0
45.67	1
109.92	1
222.09	0
223.74	0
224.12	0
224.22	0
225.59	0
225.63	0
178.68	0
184.70	0
212.49	0
228.32	0
238.36	0
239.75	0
244.73	0
244.78	0
187.89	0
258.34	0
271.20	0
274.42	0
275.36	0
277.94	0
279.49	0
280.89	0
250.68	0
256.47	0
258.51	0
260.78	0
260.81	0
264.28	0
265.30	0
268.19	0
220.68	0
226.99	0
239.31	0
244.53	0
245.76	0
247.93	0
248.14	0
248.35	0
80.32	1
81.89	0
84.69	1
114.90	0
115.53	0
119.28	0
120.99	0
121.15	0
123.21	0
130.77	1
138.54	1
141.55	1
147.55	1
151.40	1
155.03	1
160.42	1
251.36	0
260.68	0
263.36	0
264.30	0
276.41	0
277.05	0
287.92	0
289.21	0
300.26	0
301.40	0
302.29	0
303.73	0
304.23	0
305.44	0
305.58	0
305.77	0
154.80	1
156.60	1
175.08	0
182.78	0
183.56	1
184.09	0
185.10	0
188.05	0
119.42	0
140.40	0
141.51	0
144.24	0
144.50	0
145.62	0
147.90	0
148.80	0
103.49	0
109.52	1
112.96	1
129.18	1
155.60	0
159.51	0
160.41	0
160.75	0
249.39	0
252.89	0
256.56	0
257.22	0
258.87	0
259.29	0
259.52	0
263.00	0
65.81	0
69.24	1
81.41	0
82.95	1
83.18	0
87.00	1
87.70	0
90.80	0
255.57	0
258.18	0
261.49	0
261.59	0
261.81	0
262.37	0
264.28	0
266.68	0
62.25	1
64.02	0
73.16	0
77.06	1
80.23	0
80.29	0
81.60	0
81.62	1
168.27	0
187.19	0
207.19	0
217.20	0
217.77	0
217.95	0
219.36	0
221.35	0
144.04	0
148.27	0
148.91	0
168.95	0
174.36	0
177.42	0
178.47	0
180.13	0
64.34	1
74.99	0
77.46	0
89.06	0
89.40	0
97.25	0
99.43	0
99.82	0
296.93	0
300.32	0
301.45	0
302.51	0
303.67	0
304.14	0
307.25	0
308.00	0
328.42	0
347.35	0
351.92	0
356.36	0
359.77	0
360.08	0
360.99	0
361.03	0
116.59	0
141.62	0
142.11	0
144.36	0
146.65	0
152.09	0
155.14	0
155.21	0
247.50	0
248.51	0
253.97	0
260.47	0
263.26	0
266.32	0
269.19	0
269.20	0
29.69	1
33.66	1
44.55	1
45.07	1
51.45	1
68.91	0
71.65	1
76.80	1
242.36	1
259.81	0
268.19	1
272.98	0
274.49	1
276.53	1
277.96	1
280.02	1
272.36	0
280.05	0
290.18	0
299.79	0
300.03	0
307.09	0
318.83	0
339.78	0
256.92	0
257.38	0
272.36	0
273.11	1
277.05	0
279.60	0
280.55	0
280.87	0
238.83	0
241.59	0
274.07	0
287.33	0
288.59	0
290.15	0
292.09	0
292.49	0
310.39	0
311.46	0
316.28	0
317.63	0
318.29	0
318.92	0
319.07	0
319.75	0
117.29	1
117.85	1
121.54	1
125.35	1
134.65	1
137.60	1
140.46	0
140.91	1
1.58	1
2.25	1
2.68	1
2.69	1
2.70	1
3.49	1
4.23	1
6.24	1
32.90	0
51.09	0
51.92	0
52.48	0
52.70	0
53.12	0
53.14	0
53.70	0
17.87	1
296.65	1
307.37	1
309.36	1
316.79	1
318.71	1
321.06	1
326.24	0
0.31	1
10.78	1
11.51	1
11.51	1
11.72	1
12.38	1
12.75	1
13.87	1
66.73	0
67.69	0
68.17	0
68.17	0
68.65	0
68.92	0
69.21	0
69.54	0
309.81	0
316.48	0
317.98	0
318.55	0
318.66	0
318.93	0
321.26	0
324.25	0
391.98	0
395.51	0
397.88	0
398.55	0
401.33	0
404.95	0
405.20	0
406.40	0
44.87	1
46.77	1
47.39	1
49.46	1
49.53	1
61.69	1
62.50	1
63.43	1
153.72	0
172.25	0
172.92	1
174.62	0
182.49	0
182.78	0
202.26	0
208.71	0
69.49	1
193.20	0
200.50	1
202.29	0
229.24	0
249.73	0
254.08	0
254.64	0
4.54	1
27.20	1
55.34	1
66.52	1
139.06	0
140.51	0
141.86	0
143.05	0
100.86	1
115.44	0
117.42	0
124.73	0
133.92	0
136.28	1
138.83	0
141.01	0
193.87	0
201.79	0
201.81	0
203.42	0
205.97	0
209.15	0
210.70	0
213.31	0
48.96	1
50.28	1
51.36	1
57.20	1
61.48	1
62.82	1
72.16	1
72.38	1
212.19	0
218.26	0
229.09	0
230.43	0
230.55	0
232.27	0
233.08	0
233.66	0
161.43	0
162.80	1
178.62	0
181.37	0
182.95	0
183.23	0
187.87	0
188.21	0
124.25	0
131.61	0
132.28	0
135.87	0
136.14	0
137.81	0
138.29	0
143.56	0
169.93	0
179.95	0
180.69	0
180.74	0
182.38	0
183.16	0
186.16	0
186.53	0
67.09	0
68.64	0
80.22	0
82.07	0
86.84	0
89.78	0
91.90	0
93.36	0
9.61	1
10.14	1
10.73	1
11.36	1
11.97	1
12.33	1
12.45	1
12.58	1
157.13	0
201.30	0
203.44	1
205.93	0
206.67	0
209.07	0
213.05	0
213.25	0
172.54	0
177.28	0
177.63	0
179.51	0
179.59	0
179.73	0
179.78	0
181.03	0
37.61	1
37.78	1
51.87	1
62.51	1
74.96	0
75.30	0
75.90	1
79.98	1
156.38	1
164.68	1
165.24	1
166.34	1
168.61	1
175.84	0
179.91	0
181.23	1
138.36	1
195.43	0
240.28	0
248.19	0
249.03	0
250.76	0
253.66	0
256.15	0
100.95	1
105.00	1
109.98	1
111.50	1
113.21	0
115.04	1
124.98	0
128.30	0
189.93	0
198.77	0
232.26	0
236.71	0
237.85	0
242.40	0
246.53	0
248.78	0
217.84	0
222.26	0
231.42	0
235.86	0
236.57	0
238.53	0
238.83	0
243.16	0
24.61	1
26.74	1
38.46	1
38.59	1
41.97	1
42.39	1
51.94	1
53.79	1
79.44	1
89.96	1
91.43	1
99.00	0
126.54	0
129.54	0
130.64	0
134.31	0
133.65	0
197.63	0
217.59	0
218.50	1
222.09	1
222.47	1
228.31	1
229.03	0
186.61	0
193.82	0
204.26	0
208.74	0
214.98	0
215.77	0
216.72	0
218.29	0
226.29	0
267.52	0
269.30	0
270.65	0
271.19	0
272.37	0
275.56	0
276.98	0
302.92	0
306.50	1
312.82	0
317.17	0
318.10	0
328.06	0
328.67	0
328.93	0
257.27	0
263.42	0
263.48	0
266.52	0
267.03	0
267.81	0
268.92	0
270.95	0
205.08	0
209.78	0
210.26	0
214.90	0
216.48	0
216.87	0
217.10	0
221.54	0
141.75	0
142.14	0
148.67	0
149.13	0
150.17	0
152.58	0
153.57	0
156.55	0
42.98	1
45.19	1
65.49	1
69.75	1
76.67	1
78.05	1
83.84	0
86.03	0
62.78	1
162.73	0
185.78	0
188.34	0
192.23	0
198.87	0
198.94	0
199.25	0
102.27	0
122.01	0
123.11	0
129.39	0
130.36	0
130.60	0
131.77	0
133.36	0
20.08	1
94.18	1
95.79	0
107.07	0
115.93	0
116.64	0
117.56	0
118.78	0
71.67	0
72.52	1
79.89	0
81.60	0
82.07	0
83.71	0
84.70	0
85.87	0
3.72	1
11.86	1
22.45	1
23.18	1
47.76	0
50.92	0
51.79	0
55.78	0
54.20	1
94.54	1
94.56	1
99.85	0
106.00	0
116.12	0
121.58	0
122.85	1
79.21	1
91.68	1
98.21	1
106.36	0
112.17	0
112.41	0
113.89	1
116.27	1
97.21	1
136.49	0
139.64	0
148.01	0
148.56	0
148.75	0
150.35	0
151.77	0
9.47	1
136.77	0
138.02	0
139.26	0
139.41	0
139.77	0
141.67	0
145.50	0
71.53	1
81.18	1
81.34	0
83.33	0
85.32	1
87.21	1
92.73	1
97.59	0
137.57	0
146.58	0
152.74	0
158.92	0
165.33	0
165.45	0
167.32	0
172.06	0
155.02	0
164.35	0
166.92	0
171.26	0
176.28	0
177.28	0
177.78	0
178.18	0
84.26	1
133.70	0
145.87	0
149.39	0
152.56	0
155.25	0
156.96	0
158.17	0
181.66	0
188.20	0
189.17	0
197.40	0
205.41	0
211.62	0
211.82	0
212.38	0
60.44	1
65.51	1
67.73	1
68.00	1
68.84	1
76.32	1
78.45	1
81.34	1
85.23	1
110.53	1
110.67	1
120.65	1
122.94	1
130.20	1
131.79	0
133.91	0
151.09	0
193.54	0
200.89	0
210.52	0
217.06	0
218.95	0
220.50	0
220.57	0
350.35	0
383.04	0
385.28	0
386.68	0
386.73	0
387.86	0
388.62	0
388.73	0
105.14	0
173.48	0
178.93	0
179.66	0
181.10	0
182.18	0
182.61	0
182.65	0
132.43	0
136.69	0
137.08	0
138.21	0
142.25	0
143.02	0
144.79	0
146.52	0
91.67	0
93.22	0
116.03	0
119.19	0
121.69	0
122.08	0
123.72	0
123.90	0
88.55	1
92.89	1
101.97	1
103.40	0
107.37	1
118.86	1
120.78	1
121.06	1
190.35	0
200.63	0
206.03	0
209.30	0
210.02	0
210.97	0
211.39	0
212.07	0
115.60	0
123.05	0
123.33	0
128.01	0
128.34	0
138.20	0
139.82	0
147.56	0
167.49	1
180.80	0
194.88	0
195.02	0
195.47	1
199.83	0
203.86	0
205.09	0
9.96	1
68.49	0
81.04	0
83.15	0
99.54	0
101.25	0
102.82	0
104.15	0
4.85	1
90.83	0
99.24	0
99.46	0
102.96	0
104.95	0
105.33	0
105.78	0
85.76	1
106.27	1
119.48	0
127.35	0
127.41	0
131.54	0
135.12	0
136.27	0
19.17	1
111.14	0
134.58	0
137.12	0
138.24	0
142.80	0
142.83	0
146.18	0
3.28	1
10.73	1
18.54	1
21.05	1
41.26	0
45.24	0
45.24	0
50.31	0
123.31	1
131.79	1
134.73	1
141.22	1
158.87	0
172.27	0
181.18	0
189.43	0
66.03	0
75.46	0
89.49	0
90.63	0
97.38	0
98.01	0
98.33	1
99.94	0
241.21	0
246.10	0
246.65	0
250.79	0
255.89	0
259.76	0
265.73	0
266.93	0
124.57	0
126.60	0
133.68	0
134.63	0
136.84	0
137.47	0
137.51	0
143.01	0
236.25	0
237.64	0
238.94	0
240.61	0
242.03	0
245.56	0
247.99	0
248.80	0
174.50	0
178.95	0
179.90	0
181.03	0
182.20	0
183.26	0
187.01	0
188.76	0
105.66	1
107.37	1
117.18	1
124.31	0
134.92	1
135.69	1
140.09	0
141.67	0
112.76	1
121.53	0
162.96	0
189.15	0
190.26	0
190.54	0
190.74	0
191.06	0
9.03	1
109.58	0
130.79	0
132.52	0
139.29	0
142.44	0
145.80	0
146.93	0
17.93	1
121.29	0
129.12	0
141.53	0
144.28	0
147.39	0
148.07	0
149.89	0
214.48	0
218.75	0
231.81	0
238.31	0
241.05	0
242.32	0
248.32	0
249.08	0
23.00	1
23.57	1
25.39	1
32.59	1
60.78	0
61.62	0
62.89	0
66.54	0
43.22	1
43.92	1
50.48	1
51.64	0
53.03	0
53.56	0
59.25	0
59.36	1
3.25	1
3.62	1
4.38	1
4.46	1
4.54	1
4.70	1
4.76	1
4.93	1
249.89	0
253.83	0
268.82	0
290.24	0
301.64	0
302.87	0
303.77	0
324.59	0
179.82	0
184.41	0
212.49	0
218.68	0
222.65	0
229.75	0
234.35	1
235.62	0
22.78	1
28.36	1
32.58	1
48.22	0
53.11	1
59.10	1
68.19	0
69.15	0
136.18	0
145.97	1
179.26	0
179.81	1
201.10	1
203.23	0
204.73	0
211.87	1
66.66	1
211.74	0
232.09	0
234.11	0
251.03	0
259.06	0
262.43	0
262.85	0
61.29	1
181.61	0
190.47	0
201.84	0
201.84	0
210.18	0
213.88	0
215.07	0
12.95	1
73.21	0
87.76	0
90.29	0
94.00	0
95.84	0
96.32	0
97.31	0
8.19	1
93.30	0
108.46	0
108.63	0
131.87	1
133.04	0
133.05	0
134.83	0
6.29	1
19.50	1
43.40	1
56.53	0
67.49	1
70.03	1
72.49	1
72.61	0
4.64	1
8.76	1
101.07	0
117.11	0
149.40	0
149.65	0
151.26	0
152.76	0
136.42	0
143.45	1
145.15	1
146.83	1
148.48	0
152.60	1
153.38	0
157.02	0
299.80	0
302.24	1
310.04	1
314.04	0
319.32	0
321.27	0
322.61	0
323.57	0
220.07	0
234.00	0
282.71	0
292.20	0
301.74	0
303.08	0
303.70	0
305.41	0
120.68	1
120.82	0
121.32	1
123.92	1
124.88	1
125.63	0
128.34	1
130.16	0
210.36	0
226.43	0
237.61	0
239.57	0
240.83	1
243.32	1
244.37	0
244.51	0
249.53	0
251.38	0
276.74	0
291.03	0
293.27	0
294.34	0
299.13	0
299.37	0
267.90	0
276.70	0
276.84	0
279.86	0
283.34	0
284.17	0
287.24	0
287.76	0
119.34	0
121.12	0
122.91	0
124.93	0
125.01	0
125.30	0
126.81	0
129.22	0
123.85	0
129.35	0
143.02	0
158.30	0
163.37	0
166.96	0
173.72	0
176.13	0
203.36	0
205.16	0
207.66	0
212.03	0
212.83	0
213.57	0
213.82	0
214.50	0
139.18	0
140.05	0
168.36	0
178.79	0
184.53	0
185.22	1
186.59	1
189.29	1
137.60	1
140.93	1
162.28	0
168.83	0
173.15	0
180.01	0
189.22	0
189.77	0
51.20	1
134.85	0
192.47	0
198.68	0
208.21	0
214.40	0
223.01	0
225.03	0
68.77	1
152.09	0
161.12	0
162.96	0
168.60	0
170.91	0
172.34	0
173.45	0
48.86	1
65.61	1
137.74	0
138.03	1
140.80	0
153.90	0
157.21	0
172.62	0
2.21	1
4.37	1
11.93	1
99.85	0
105.42	0
123.24	0
125.88	0
127.27	0
5.76	1
13.48	1
19.71	1
175.10	0
180.89	0
185.29	0
187.16	0
187.54	0
27.32	1
42.09	1
61.03	1
76.74	0
132.51	0
180.59	1
192.74	0
194.38	1
68.71	1
102.89	0
103.33	1
118.33	0
123.62	1
137.61	0
206.65	1
209.13	0
11.35	1
51.78	1
79.28	1
190.43	0
198.47	0
205.94	0
212.10	0
214.57	0
35.16	1
49.41	1
58.38	1
59.58	1
62.88	1
70.16	1
72.84	0
73.00	0
96.65	0
168.18	0
177.16	0
177.82	0
188.06	0
191.50	0
192.02	0
193.98	0
166.97	1
173.93	0
236.70	0
243.10	0
249.58	0
253.13	0
271.68	0
280.74	0
88.68	1
198.66	0
202.42	0
212.30	0
214.98	0
217.11	0
220.74	0
221.29	0
5.10	1
110.67	0
122.81	0
126.44	0
130.77	0
132.21	0
133.29	0
135.82	0
10.84	1
200.44	0
204.30	0
205.65	0
205.96	0
206.27	0
208.06	0
209.03	0
14.73	1
70.95	0
137.63	0
141.27	0
150.06	0
150.27	0
155.52	0
156.70	0
3.64	1
52.59	1
130.80	0
141.76	0
144.65	0
144.70	0
149.78	0
150.10	0
39.98	1
110.00	1
122.23	0
124.77	0
124.85	0
125.39	0
129.58	0
130.05	1
21.24	1
122.16	0
241.66	0
256.58	0
259.62	0
262.55	0
263.81	0
264.78	0
1.73	1
144.77	0
145.77	0
145.81	0
148.32	0
151.03	0
151.85	0
151.93	0
6.13	1
68.89	0
75.37	1
86.63	1
89.06	0
92.62	0
94.27	1
104.81	0
4.66	1
83.41	1
92.35	0
110.92	0
112.19	0
118.01	0
118.05	0
119.42	0
2.94	1
19.13	1
19.92	1
20.71	1
21.67	1
23.34	1
24.69	1
55.98	0
141.38	0
157.31	0
162.97	0
164.10	0
165.18	0
168.44	0
168.93	0
170.48	0
90.79	0
145.78	0
159.23	0
165.18	0
170.91	0
183.04	0
191.33	0
193.14	0
36.02	1
122.05	0
209.96	0
223.92	0
225.00	0
231.60	0
242.53	0
249.05	0
27.71	1
183.82	0
197.95	0
201.36	0
208.98	0
214.93	0
216.30	0
216.94	0
40.02	1
234.24	0
243.70	0
252.02	0
253.95	0
254.12	0
254.61	0
254.67	0
2.88	1
127.30	0
131.31	0
132.38	0
132.84	0
134.58	0
144.83	0
149.83	0
33.75	1
72.73	0
116.58	0
136.36	0
136.52	0
139.92	1
141.00	0
141.36	0
113.25	1
125.39	0
134.91	1
150.69	1
169.41	1
178.79	1
192.72	0
195.62	1
93.89	1
171.68	0
202.23	0
205.18	0
226.02	1
236.39	0
237.51	1
259.12	0
17.10	1
27.13	1
101.52	1
195.02	1
245.12	0
245.58	0
247.69	0
250.52	0
11.84	1
16.36	1
157.43	0
206.39	0
206.85	0
209.79	0
210.32	0
211.73	0
31.06	0
36.45	0
46.16	0
60.09	0
61.83	0
62.26	0
70.28	0
73.31	0
70.82	1
117.30	0
131.14	1
134.82	1
137.48	1
147.10	1
147.40	1
149.47	1
40.08	1
137.57	0
167.14	0
168.23	0
169.45	0
169.95	0
170.08	0
172.02	0
63.23	1
159.96	0
181.01	0
229.16	0
256.37	0
260.02	0
261.13	0
272.71	0
31.11	1
36.86	1
37.81	1
41.42	1
58.79	1
61.10	1
64.07	1
75.07	0
1.07	1
2.14	1
2.20	1
2.43	1
2.63	1
2.73	1
2.96	1
3.03	1
127.08	0
143.54	0
146.25	0
149.69	0
154.18	0
161.50	0
161.75	0
174.95	0
131.59	0
179.69	0
181.79	0
182.11	0
182.12	0
183.15	0
185.31	0
185.56	0
19.61	1
26.06	1
28.06	1
28.59	1
34.02	1
36.99	1
39.89	1
51.00	1
177.29	0
183.16	0
186.09	0
186.20	0
186.51	0
189.40	0
191.29	0
194.54	0
76.88	1
102.76	1
110.84	0
112.23	0
115.45	0
121.66	0
122.06	0
122.17	0
92.28	0
97.33	1
107.82	1
112.73	0
113.60	0
116.30	1
118.59	1
123.64	0
76.52	0
84.10	1
121.47	1
124.54	1
128.21	1
134.75	1
144.81	1
147.56	0
44.77	1
72.98	1
200.15	1
200.67	0
207.43	0
219.04	0
247.52	0
254.11	0
2.43	1
5.23	1
29.94	1
53.37	1
72.38	1
129.64	0
141.20	0
141.88	0
180.50	0
187.24	1
189.16	0
193.06	0
201.93	0
207.42	0
210.97	0
215.22	0
124.55	1
141.01	0
143.89	0
144.43	0
145.29	0
148.06	0
149.59	0
150.35	0
20.15	1
176.70	0
178.31	0
179.56	0
180.71	0
182.83	0
183.73	0
186.30	0
12.14	1
25.66	1
28.55	1
28.66	1
41.61	0
46.00	1
48.36	1
63.54	0
60.02	1
69.16	1
83.79	1
86.77	1
87.12	1
97.06	1
101.19	0
103.28	1
158.33	0
158.42	0
163.30	0
165.55	0
165.62	0
165.75	0
167.09	0
167.79	0
174.84	0
177.78	0
194.44	0
200.83	0
204.73	0
205.18	0
205.27	0
210.24	0
269.58	0
274.78	0
275.48	0
277.59	0
278.27	0
278.37	0
279.24	0
279.47	0
117.66	0
119.60	0
122.45	0
126.98	0
129.24	0
130.28	0
132.28	0
132.86	0
113.85	0
160.62	0
165.20	0
170.24	0
180.03	0
180.11	0
184.35	0
184.78	0
269.19	0
274.06	0
274.95	0
282.84	0
282.85	0
286.90	0
288.12	0
293.31	0
92.15	0
114.92	0
116.64	1
117.41	1
124.95	0
126.73	0
127.32	0
127.36	1
220.69	0
229.18	0
251.31	0
253.14	0
262.99	0
264.03	0
264.49	0
265.89	0
20.98	1
21.95	1
30.00	1
34.27	1
38.63	0
47.30	1
54.50	0
59.91	1
97.18	1
98.11	1
100.17	1
103.01	1
104.42	1
109.09	1
110.01	1
117.81	0
331.27	0
335.50	0
336.33	0
338.87	0
348.90	0
351.83	0
351.97	0
353.88	0
132.74	0
137.51	0
141.22	0
145.61	0
146.49	0
146.72	0
147.89	0
148.14	0
337.31	0
361.22	0
363.34	0
364.96	0
365.23	0
365.35	0
369.36	0
371.10	0
439.65	0
440.83	0
443.84	0
443.85	0
445.01	0
451.59	0
455.67	0
455.74	0
236.59	0
239.63	0
240.51	0
242.26	0
243.30	0
245.27	0
245.58	0
248.30	0
195.16	1
195.84	1
207.90	1
210.34	1
215.15	0
238.00	0
250.17	0
250.66	0
43.99	0
78.17	0
80.22	0
84.05	0
92.88	0
93.91	1
99.08	0
102.58	1
76.38	1
99.35	1
103.23	1
104.54	1
118.76	1
122.44	1
126.09	1
126.88	1
90.98	1
107.08	0
153.03	0
157.15	0
161.42	0
162.39	0
169.89	0
171.64	0
36.55	0
97.80	0
132.70	0
160.07	0
160.13	0
162.53	0
165.05	0
168.90	0
284.60	0
284.94	0
284.95	0
286.00	0
287.21	0
288.39	0
289.79	0
290.56	0
123.93	0
126.90	0
132.53	0
133.22	0
134.21	0
135.88	0
136.70	0
137.82	0
60.16	0
110.60	0
116.44	0
139.36	0
149.86	0
157.47	0
158.36	0
158.40	0
80.10	0
151.07	0
156.13	0
174.95	0
179.14	0
180.71	0
182.62	0
183.12	0
60.65	0
60.72	0
74.93	1
90.41	0
91.05	0
92.08	0
95.04	0
97.84	0
99.33	1
117.61	1
118.80	1
120.21	1
128.34	1
131.71	0
141.20	1
142.58	0
238.93	0
254.10	0
255.70	0
257.20	0
257.67	0
260.32	0
268.29	0
268.45	0
209.59	0
210.22	0
210.97	0
211.65	0
212.25	0
212.83	0
219.61	0
219.91	0
115.47	1
120.65	1
124.54	0
126.79	1
134.52	0
148.33	1
148.58	0
149.09	0
75.08	1
84.26	1
95.75	1
96.93	1
100.65	1
101.64	1
104.08	1
104.60	1
169.52	1
193.07	1
195.57	1
200.21	0
207.31	1
211.76	0
215.81	0
219.38	1
168.79	1
201.04	0
214.51	0
225.98	0
241.35	0
243.14	0
246.21	0
248.27	0
31.46	1
72.67	1
279.56	0
279.61	0
282.90	0
283.17	0
285.38	0
285.71	0
128.11	1
170.96	0
177.23	1
182.40	0
191.99	0
200.94	0
207.25	0
207.69	0
156.13	0
167.43	0
170.44	1
176.13	0
179.82	0
188.81	1
190.33	0
194.28	0
150.56	0
152.11	0
153.20	0
173.31	0
173.87	0
188.33	0
195.68	0
196.58	0
7.99	1
12.95	1
64.49	0
73.65	0
77.89	0
93.74	0
95.26	0
95.49	0
4.74	1
7.59	1
91.47	0
91.73	0
96.92	0
98.38	0
100.48	0
101.49	0
59.96	1
83.96	1
90.38	1
93.74	1
95.48	0
106.11	1
106.78	0
112.26	0
17.71	1
18.04	1
104.51	0
117.16	0
122.76	0
126.38	0
128.38	0
129.73	0
3.17	1
4.40	1
8.78	1
11.22	1
17.50	1
17.99	1
19.46	1
20.47	1
122.04	0
123.37	0
126.87	0
127.86	0
134.38	0
140.77	0
142.97	0
146.31	0
196.73	0
197.95	0
202.27	0
202.44	0
203.34	0
203.73	0
204.29	0
204.34	0
173.65	0
174.88	0
175.99	0
180.91	0
182.93	0
183.50	0
183.58	0
187.18	0
26.28	1
26.35	1
34.17	1
36.40	1
41.91	1
41.94	1
48.61	1
48.88	1
3.61	1
3.77	1
4.05	1
5.17	1
5.48	1
5.51	1
5.96	1
5.97	1
87.05	0
128.21	1
153.31	0
154.61	0
155.78	0
167.00	1
169.64	0
172.43	0
191.94	1
256.95	0
267.92	0
269.03	0
269.60	0
277.95	0
283.81	0
287.85	0
76.02	1
132.63	0
141.57	0
143.13	0
143.31	0
143.93	1
144.93	1
151.32	0
166.65	1
178.12	1
190.18	1
241.79	0
244.04	0
256.14	1
260.05	0
276.18	0
3.50	1
3.73	1
4.70	1
12.34	1
106.00	0
115.47	0
123.48	0
127.29	0
8.92	1
9.86	1
16.09	1
22.66	1
169.76	0
176.47	0
182.01	0
187.90	0
37.87	1
39.72	1
48.21	1
76.29	1
84.54	0
111.74	0
141.41	0
186.56	1
76.40	1
95.76	1
111.98	0
115.13	0
130.64	1
132.66	0
144.93	1
159.61	0
60.57	1
64.96	1
66.13	1
95.23	1
176.69	0
216.36	0
218.06	0
229.37	0
132.20	0
146.34	1
160.73	1
176.71	1
178.32	0
187.11	0
196.15	0
196.94	0
204.96	0
215.29	0
221.67	0
222.62	0
223.93	0
225.87	0
226.15	0
226.47	0
76.91	0
77.28	0
89.09	0
95.22	0
96.13	0
96.95	0
96.98	0
97.03	0
37.64	0
64.09	0
125.31	0
132.16	0
132.58	0
142.68	0
150.58	0
164.27	0
89.52	0
90.82	0
91.14	0
95.79	0
100.31	0
102.40	0
103.39	0
103.48	0
39.20	1
67.60	1
87.85	1
95.32	1
99.08	1
99.54	1
100.42	1
105.79	1
82.32	0
110.48	1
113.49	0
116.19	1
139.71	0
155.66	0
166.31	0
171.22	0
2.84	1
8.86	1
133.28	0
135.63	0
137.64	0
138.09	0
138.38	0
138.39	0
12.40	1
109.57	0
128.83	0
130.29	0
132.47	0
132.79	0
133.88	0
134.21	0
4.92	1
17.58	1
19.90	1
20.30	1
42.48	1
46.59	0
46.61	0
47.41	0
3.43	1
129.46	0
134.61	0
136.84	0
136.95	0
138.89	0
138.91	0
139.38	0
31.50	1
39.30	1
70.34	1
71.20	1
72.91	1
80.40	0
86.81	0
91.65	0
10.79	1
127.76	0
131.13	0
143.94	0
144.00	0
144.78	0
145.37	0
146.19	0
58.41	0
84.46	0
86.19	0
93.46	0
94.00	0
95.23	0
95.26	0
105.81	0
156.23	1
250.66	0
284.49	0
292.03	0
296.61	0
320.46	0
322.19	0
323.93	0
34.53	1
219.72	0
223.95	0
225.26	0
227.29	0
228.00	0
230.41	0
230.74	0
174.20	0
178.73	0
180.46	1
185.53	0
187.31	0
187.90	1
195.16	0
198.20	1
216.29	1
217.37	0
217.84	1
221.49	0
222.07	0
226.58	0
230.83	0
232.95	0
156.08	0
196.48	0
205.49	0
225.37	0
235.00	0
241.33	0
242.93	0
249.08	0
202.29	0
203.82	0
206.43	0
207.55	0
208.31	0
211.16	0
212.48	0
214.39	0
220.95	0
251.52	0
253.55	1
255.23	0
271.65	0
272.23	0
272.54	0
274.61	0
215.41	0
238.75	0
270.68	0
277.66	0
279.59	0
279.64	0
281.30	0
281.48	0
70.30	1
86.17	1
87.90	1
111.28	1
115.41	0
115.93	0
123.23	0
131.73	0
150.85	0
154.96	0
155.30	0
155.73	0
156.96	0
157.67	0
158.00	0
158.47	0
305.61	0
312.08	0
316.83	0
320.73	0
321.73	0
324.03	0
325.08	0
326.26	0
331.21	0
377.05	0
379.74	0
379.85	0
381.58	0
381.85	0
382.64	0
382.95	0
19.85	1
23.07	1
23.57	1
27.97	1
30.47	1
41.65	1
46.44	0
52.21	1
392.65	0
405.01	0
408.16	0
418.25	0
432.83	0
441.74	0
441.90	0
444.77	0
336.81	0
350.94	0
352.49	0
354.37	0
357.38	0
357.83	0
358.29	0
359.47	0
193.10	1
242.82	0
252.38	0
257.60	0
258.22	0
258.58	0
260.07	0
261.09	0
100.04	0
104.62	0
123.66	0
125.95	1
127.48	0
127.62	0
129.98	0
131.99	0
59.24	0
67.62	0
68.27	0
68.53	0
68.71	0
73.84	0
77.08	0
81.18	0
145.46	0
159.05	0
164.35	0
233.65	0
235.43	0
237.34	0
255.83	0
257.31	0
120.66	0
155.59	0
177.50	1
179.69	0
186.41	1
190.35	1
192.21	0
199.51	1
150.52	0
179.33	0
179.45	0
192.67	0
199.99	0
214.45	0
214.57	0
222.77	0
6.70	1
6.83	1
8.43	1
8.66	1
12.56	1
20.40	1
22.10	1
24.33	1
50.70	1
70.55	1
72.92	1
74.57	1
75.46	1
76.57	1
77.33	1
77.51	1
86.21	0
137.15	1
140.29	0
203.60	1
231.67	1
233.68	1
247.96	0
248.95	1
121.90	1
202.06	0
241.62	0
265.67	0
277.36	0
277.82	0
278.67	0
279.05	0
61.17	1
246.57	0
258.84	0
262.55	0
265.46	0
295.40	0
301.19	0
301.39	0
29.74	1
296.05	0
331.42	0
334.53	0
335.42	1
339.67	0
340.09	0
341.06	0
9.07	1
221.29	0
262.87	0
271.86	0
274.10	0
276.53	0
276.70	0
276.72	0
8.24	1
217.84	0
218.04	0
220.07	0
220.38	0
221.72	0
221.86	0
222.28	0
4.68	1
145.71	0
145.74	0
153.52	0
154.28	0
154.43	0
155.34	0
155.58	0
14.00	1
41.19	1
43.68	1
44.77	1
45.42	1
47.14	1
47.29	1
58.48	0
79.03	1
128.63	1
173.34	0
197.32	0
227.78	0
232.44	0
246.74	0
248.37	0
131.36	0
134.91	0
144.76	0
145.51	0
147.62	0
148.65	0
151.15	0
151.32	0
15.47	1
18.47	1
86.09	1
92.70	0
102.97	1
104.51	0
108.66	0
109.71	0
33.11	1
62.82	1
65.59	0
66.94	0
96.02	0
97.06	0
97.89	0
97.89	0
3.69	1
4.07	1
11.68	1
12.51	1
17.35	1
22.07	1
23.29	1
26.98	1
81.15	0
100.41	0
106.73	0
107.97	0
108.04	0
117.90	0
120.39	0
121.18	1
175.09	1
182.35	1
189.57	1
193.08	1
196.32	1
199.74	1
202.77	0
204.65	1
216.86	0
222.25	0
226.47	0
227.24	0
227.94	0
228.34	0
228.40	0
229.71	0
325.02	0
327.18	0
332.82	0
333.53	0
334.15	0
335.50	0
335.54	0
336.71	0
383.24	0
385.05	0
386.40	0
387.31	0
387.54	0
387.96	0
388.15	0
389.02	0
130.03	0
131.55	0
133.86	0
134.53	0
134.92	0
135.35	0
137.52	0
139.29	0
26.65	1
30.76	1
32.21	1
33.30	1
39.77	1
44.21	1
48.88	1
50.80	1
198.02	0
199.55	1
199.84	1
201.02	1
203.60	1
214.46	1
214.50	1
224.87	1
313.70	0
316.85	0
334.85	0
346.03	0
347.00	0
348.44	0
349.69	0
349.71	0
112.09	0
121.66	0
142.09	0
146.10	0
153.05	0
155.72	0
158.19	0
158.57	0
18.89	1
20.78	1
25.37	1
29.69	1
32.22	1
33.58	1
34.27	1
35.14	1
133.00	1
148.86	1
150.63	1
155.89	1
160.83	1
166.13	1
168.89	1
169.61	0
237.60	0
240.08	0
241.02	0
242.25	0
242.48	0
243.29	0
243.44	0
243.53	0
26.12	1
28.49	1
29.72	1
32.66	0
33.38	1
34.65	1
39.27	1
54.81	1
158.10	0
169.01	0
169.91	0
195.89	0
204.77	0
217.76	0
228.99	0
231.84	0
82.33	1
82.90	1
92.12	1
95.54	1
104.91	1
105.45	0
117.46	0
119.96	0
148.10	0
148.78	0
148.80	0
152.55	0
152.86	0
154.33	0
155.77	0
157.97	0
183.03	0
185.21	0
185.42	0
185.54	0
185.70	0
185.80	0
186.85	0
188.10	0
199.77	1
208.18	0
208.37	0
218.50	0
219.23	0
223.32	1
223.47	0
224.03	0
182.68	1
208.59	0
241.40	1
269.82	0
270.05	1
271.17	0
276.73	1
282.85	0
133.95	1
136.61	1
174.74	1
262.34	0
269.19	0
269.52	1
282.47	0
283.26	0
14.39	1
14.75	1
15.12	1
19.09	1
64.42	1
69.72	1
140.13	0
141.72	0
171.14	0
224.84	0
231.26	0
233.25	0
237.83	0
247.91	0
249.31	0
254.65	0
159.56	0
166.32	0
181.51	0
185.16	0
193.81	0
196.82	0
199.46	0
199.80	0
152.25	1
169.23	1
169.74	0
174.43	1
175.20	0
185.85	0
189.23	0
196.73	1
187.78	0
246.29	0
247.03	0
248.50	0
249.08	0
249.55	0
249.59	0
251.18	0
35.70	1
45.61	1
55.55	1
58.68	1
62.47	1
63.09	1
64.10	1
66.45	1
76.41	1
210.71	0
214.05	0
232.21	0
239.32	0
244.13	0
251.44	0
255.20	0
169.90	1
173.43	1
175.78	1
190.90	0
195.04	0
195.33	1
196.66	1
197.74	1
185.61	0
190.43	0
193.61	0
196.59	0
203.22	0
209.00	0
209.23	0
209.56	0
46.31	1
50.81	1
55.76	1
58.14	1
60.12	1
65.08	1
67.13	1
68.81	0
277.58	1
325.17	0
330.15	1
330.74	1
333.79	1
334.74	1
347.39	1
348.87	1
315.05	1
338.06	0
365.77	0
366.11	0
374.90	0
379.38	0
384.46	0
386.39	0
134.26	0
155.66	1
155.75	0
159.58	1
160.35	1
160.77	1
161.27	0
161.68	1
304.99	0
305.44	0
307.57	0
309.88	0
311.73	0
311.94	0
312.58	0
315.83	0
304.83	0
305.09	0
306.15	0
306.64	0
308.44	0
309.97	0
314.10	0
314.77	0
206.53	0
209.30	0
219.89	0
222.17	0
225.36	0
225.76	0
225.96	0
226.88	0
82.44	1
82.81	0
84.15	1
85.08	0
87.55	0
88.60	0
89.47	0
90.09	0
167.17	1
171.22	1
173.56	1
177.63	1
179.71	1
180.97	1
194.13	0
198.12	0
151.03	1
160.29	1
175.59	1
179.74	1
180.50	1
182.67	1
183.81	1
189.70	1
193.51	0
198.00	0
198.91	0
199.24	0
199.29	0
199.79	0
200.08	0
201.51	0
371.76	0
372.21	0
372.52	0
372.86	0
373.96	0
374.67	0
375.68	0
375.78	0
223.31	0
226.23	0
226.97	0
227.05	0
227.19	0
228.89	0
229.81	0
230.79	0
81.68	1
84.82	1
87.77	0
91.26	1
98.71	1
106.37	1
119.42	1
121.33	0
180.55	0
183.98	0
185.22	0
186.31	0
187.11	0
187.16	0
188.23	0
188.25	0
219.61	0
219.83	0
219.96	0
221.27	0
221.64	0
222.02	0
223.78	0
224.45	0
70.26	0
114.34	0
133.36	0
137.64	0
138.82	0
139.44	0
139.61	0
145.71	0
139.24	0
151.09	0
161.95	0
162.02	0
162.68	0
166.57	0
170.06	0
170.11	0
187.84	0
194.72	0
199.17	0
206.83	0
207.25	0
212.24	0
213.36	0
213.68	1
183.64	0
183.80	0
215.48	0
224.18	0
226.28	0
228.13	0
231.41	0
234.60	0
61.20	1
72.77	1
73.22	1
97.04	0
109.34	0
120.58	0
121.37	1
127.92	0
68.95	1
100.42	1
116.77	1
121.05	1
122.48	1
124.11	1
124.39	0
127.81	1
62.95	0
215.69	0
221.14	1
227.60	0
229.92	0
238.53	0
259.23	0
262.63	0
100.84	1
215.00	0
221.22	0
289.83	0
296.32	0
299.61	0
302.64	0
303.11	0
189.27	0
266.27	1
321.09	0
336.66	1
353.85	0
354.24	0
354.75	0
355.41	0
121.62	1
124.16	1
179.18	0
184.69	0
217.55	0
218.13	0
218.52	0
223.70	0
118.66	1
183.03	0
197.67	0
203.56	0
203.90	0
205.65	1
209.26	0
212.56	0
139.83	1
196.52	0
204.98	0
207.81	0
208.30	0
208.54	0
208.57	0
209.97	0
24.83	1
259.49	0
267.47	0
276.21	0
277.28	0
279.51	0
279.83	0
281.44	0
204.53	1
266.11	0
298.54	0
309.28	0
336.74	0
346.54	0
348.97	1
356.63	1
110.76	0
113.07	0
118.92	1
123.10	0
132.60	0
135.60	0
135.74	0
136.41	0
147.51	0
207.26	0
208.16	0
210.30	0
211.17	0
213.09	0
213.62	0
213.85	0
135.80	0
142.17	0
162.83	1
240.35	0
246.13	0
262.53	0
265.88	0
272.27	0
81.68	1
161.74	0
183.41	0
265.13	0
265.96	0
268.16	0
269.08	0
270.55	0
199.88	0
296.78	1
330.40	0
336.36	1
379.24	0
379.41	0
380.63	0
381.27	0
134.09	0
139.15	0
173.86	0
183.04	0
207.76	0
218.32	0
220.25	0
227.44	0
186.29	0
193.94	0
195.89	0
199.56	0
202.30	1
212.50	0
214.23	0
214.68	0
125.71	0
135.59	0
135.85	0
139.88	1
148.26	0
150.06	0
151.13	0
153.94	1
125.07	0
143.69	0
176.63	0
182.94	0
184.66	0
189.35	0
190.35	0
194.24	0
164.89	0
172.19	0
175.82	0
182.22	0
182.27	0
182.31	0
182.37	0
182.99	0
126.64	0
127.51	0
168.03	0
177.28	0
268.25	0
270.28	0
272.09	0
272.39	0
110.66	0
114.06	0
125.38	0
133.36	0
141.05	0
143.95	0
147.66	0
149.54	0
102.24	1
112.83	1
183.92	0
184.16	0
193.16	0
214.24	0
214.93	0
221.44	0
79.94	0
80.24	0
82.49	0
87.89	0
89.05	0
89.99	0
91.69	0
91.69	0
93.40	0
100.55	0
103.42	0
119.02	0
119.82	0
122.11	0
122.71	0
126.32	0
209.84	0
210.31	0
211.76	0
213.82	0
215.15	0
219.42	0
220.18	0
220.90	0
233.36	0
234.08	0
234.59	0
235.07	0
235.45	0
235.51	0
238.58	0
239.91	0
78.37	0
78.54	0
80.05	0
81.80	0
82.60	0
83.49	0
85.48	0
85.60	0
150.40	0
152.32	0
153.34	0
153.46	0
155.24	0
155.37	0
156.01	0
156.23	0
89.22	0
90.31	0
90.63	0
91.20	0
91.45	0
93.60	0
95.14	0
97.65	0
99.98	1
109.32	1
123.72	1
124.22	0
129.14	0
129.85	1
130.42	0
131.13	1
118.24	1
124.12	0
128.30	0
136.84	1
139.37	0
139.65	0
140.63	0
142.03	0
114.14	1
117.76	0
143.25	0
143.61	0
144.72	0
145.13	0
147.14	0
147.27	0
32.03	1
134.15	0
135.63	0
135.94	0
136.39	0
139.17	0
141.47	0
142.11	0
41.23	1
58.96	1
66.90	0
72.08	0
74.91	0
76.35	0
76.98	0
77.61	0
126.45	0
134.36	0
139.70	0
147.75	0
147.90	0
152.25	0
152.35	0
154.83	0
124.76	0
137.29	0
138.39	0
138.46	0
139.40	0
140.41	0
140.62	0
143.43	0
74.95	1
82.20	1
83.05	1
86.06	1
87.95	1
96.63	1
100.18	1
102.50	1
59.11	0
63.72	0
63.92	0
68.25	0
68.42	0
68.69	0
68.87	0
69.62	0
6.24	1
6.62	1
7.34	1
7.78	1
8.05	1
8.41	1
8.57	1
8.70	1
120.38	0
129.83	0
130.17	0
143.01	0
144.89	0
146.59	0
149.54	0
149.89	0
248.02	1
274.59	0
316.32	0
324.47	0
324.55	0
324.60	0
325.70	0
325.85	0
132.46	0
137.80	0
162.38	1
165.03	0
168.14	0
170.89	0
170.93	0
172.79	0
209.38	0
217.34	0
219.20	0
220.54	0
220.71	0
221.04	0
222.31	0
223.28	0
73.65	1
76.13	1
79.67	1
82.62	1
83.22	1
83.72	1
85.67	1
88.19	1
47.37	0
92.47	0
150.20	1
151.93	1
152.16	1
162.60	1
165.49	1
169.78	1
110.85	1
151.90	1
197.73	0
219.63	0
227.48	0
231.15	0
235.37	0
238.41	0
38.22	1
96.70	0
118.34	1
158.59	0
185.76	0
202.68	0
220.48	0
223.83	0
26.22	1
103.83	1
163.01	0
201.24	0
203.35	0
206.14	0
212.27	0
212.70	0
4.46	1
7.11	1
119.81	0
122.16	0
131.85	0
133.07	0
134.11	0
134.97	0
8.60	1
11.74	1
201.16	0
201.28	0
202.38	0
202.76	0
203.88	0
204.45	0
14.74	1
15.71	1
71.38	0
139.40	0
139.59	0
139.75	0
152.24	0
154.20	0
3.85	1
5.24	1
45.47	1
127.18	0
139.22	0
139.64	0
140.07	0
140.23	0
53.10	0
57.89	0
107.35	0
117.90	1
120.72	0
123.39	0
127.28	0
128.99	0
109.10	1
110.52	0
118.64	0
118.94	0
120.85	0
125.25	0
141.50	0
142.15	0
67.61	1
177.85	0
180.99	0
181.25	0
181.99	0
182.90	0
183.36	0
183.45	0
80.62	0
83.71	0
86.07	0
140.46	0
148.16	0
182.73	0
184.35	0
229.41	0
99.62	0
102.21	0
118.96	1
126.85	1
126.96	1
129.84	0
139.59	0
139.98	1
211.23	0
215.14	0
215.50	0
219.95	0
220.95	0
223.03	0
224.38	0
224.92	0
46.33	0
49.05	0
84.43	0
88.32	0
91.20	0
92.34	0
103.95	0
107.62	0
79.24	0
149.80	0
150.47	0
155.36	0
156.83	0
161.80	0
164.20	0
176.68	0
273.30	0
285.92	0
318.71	0
319.76	0
324.31	0
325.06	0
325.60	0
325.97	0
60.00	1
60.97	1
68.87	1
69.02	1
69.46	1
72.75	0
73.43	1
73.45	1
98.18	0
149.51	0
162.43	0
162.95	0
181.77	0
183.16	0
184.92	0
187.00	0
12.96	1
74.51	0
75.63	0
77.62	0
79.02	0
80.36	0
80.57	0
82.94	0
31.90	1
112.63	0
118.62	0
118.67	0
120.92	0
121.41	0
127.18	0
128.63	0
16.09	1
81.85	0
83.42	0
84.13	0
84.34	0
84.74	0
85.81	0
87.32	0
68.79	1
72.93	0
74.90	1
74.97	0
78.10	1
85.67	0
92.94	0
94.57	0
20.36	1
21.19	1
86.95	1
118.49	0
119.34	0
125.29	0
127.25	0
127.57	0
21.19	1
22.95	1
32.03	1
38.14	1
41.26	1
42.25	1
44.41	1
47.55	1
5.18	1
5.82	1
6.29	1
6.38	1
7.04	1
7.09	1
7.29	1
7.41	1
146.56	0
173.55	0
174.57	0
176.63	0
187.00	0
192.98	0
193.10	0
205.59	0
198.51	0
202.85	0
204.50	0
207.43	0
210.10	0
213.09	0
213.99	0
214.43	0
151.83	1
178.79	0
195.18	0
196.67	0
197.64	0
198.23	0
199.94	0
200.42	0
137.52	0
159.06	0
163.56	0
164.12	0
164.40	0
165.75	0
167.52	0
167.58	0
138.97	1
171.06	0
179.12	1
182.93	0
192.10	0
192.35	1
203.01	0
209.73	0
87.35	1
117.55	1
117.69	1
128.73	1
132.52	1
133.20	1
134.36	1
134.66	1
88.77	1
187.06	0
213.55	0
223.59	0
228.32	0
228.54	0
230.95	0
234.68	0
34.10	1
36.25	1
207.83	0
208.44	0
208.47	0
209.99	0
210.30	0
210.86	0
72.07	1
80.83	1
81.23	1
102.88	1
104.78	0
111.04	0
119.35	1
135.23	1
181.81	0
187.79	0
188.96	0
190.30	0
190.64	0
190.68	0
195.62	0
196.05	0
39.62	1
76.97	1
81.34	1
84.44	1
91.38	1
96.90	1
104.90	0
107.79	0
27.79	1
50.64	1
78.11	1
126.37	1
138.08	0
158.50	0
166.08	0
167.84	0
1.94	1
3.03	1
4.65	1
5.27	1
13.38	1
98.42	0
106.72	0
108.00	0
7.19	1
7.57	1
14.04	1
14.60	1
28.77	1
192.26	0
196.56	0
203.87	0
29.13	1
33.30	1
47.73	1
53.79	1
67.70	1
76.15	0
110.23	0
126.87	0
73.65	1
98.15	1
100.55	1
110.56	1
121.45	0
126.69	0
136.79	1
144.72	0
13.62	1
15.53	1
52.12	1
61.88	1
72.97	1
173.40	0
175.94	0
176.88	0
140.22	1
187.08	1
203.05	0
203.15	0
210.16	0
213.06	0
216.38	0
217.13	0
213.93	0
220.17	0
221.09	0
224.51	0
225.01	0
226.22	0
226.89	0
227.02	0
184.32	0
193.84	0
196.01	0
196.23	0
202.30	0
203.08	0
203.38	0
203.80	0
40.29	1
42.09	1
42.21	1
42.71	1
43.04	1
43.63	1
45.23	1
51.72	1
83.71	0
84.97	1
88.88	0
162.70	0
165.48	1
166.63	0
169.38	1
170.50	0
5.49	1
6.06	1
7.15	1
110.86	0
112.22	0
123.85	0
124.35	0
128.00	0
11.82	1
13.18	1
14.20	1
212.42	0
212.61	0
214.30	0
214.40	0
214.42	0
49.81	1
58.74	1
61.61	1
118.78	0
175.85	0
189.65	0
193.53	0
194.98	0
7.40	1
7.53	1
7.90	1
64.74	1
132.24	0
151.04	0
151.25	0
151.75	0
121.24	1
133.70	1
141.00	1
142.47	1
146.09	1
150.38	1
150.58	1
150.65	1
3.11	1
3.63	1
3.98	1
5.25	1
6.11	1
6.29	1
6.30	1
6.45	1
56.55	1
137.10	0
157.17	0
159.49	0
165.29	0
170.92	0
179.99	0
181.74	0
37.08	1
133.02	0
142.40	0
191.06	0
191.90	0
195.90	0
196.08	0
198.56	0
3.23	1
20.10	1
25.91	1
28.26	1
28.66	1
29.24	1
32.70	1
34.91	1
18.92	1
170.14	0
172.85	0
173.27	0
175.19	0
180.37	0
181.30	0
183.67	0
51.16	0
121.98	0
122.32	0
123.28	0
125.90	0
126.52	1
131.79	0
132.30	0
17.78	1
95.81	0
99.33	1
106.21	1
107.74	0
111.19	1
113.32	0
116.03	1
40.01	1
85.26	0
94.25	1
102.79	1
104.59	0
112.35	1
120.03	1
126.20	1
51.51	1
62.01	1
72.99	1
157.87	1
197.71	0
199.69	0
206.73	1
211.30	0
2.20	1
3.06	1
5.16	1
15.85	1
28.52	1
52.99	1
73.55	1
126.58	0
109.11	0
202.68	0
208.01	0
208.03	0
221.89	0
222.38	0
222.48	0
230.95	0
57.30	1
69.67	1
70.44	1
82.53	1
83.13	1
84.07	1
86.56	0
91.33	1
115.30	0
132.38	0
133.19	0
138.80	0
139.03	0
140.94	0
140.99	0
143.38	0
123.58	0
126.70	0
140.72	0
145.62	0
150.26	0
151.20	0
151.99	0
152.42	0
147.28	0
153.18	0
154.29	0
155.01	0
157.03	0
159.39	0
160.28	0
161.37	0
97.43	1
99.05	1
160.71	0
172.10	0
194.73	0
212.52	0
216.59	0
217.29	0
136.88	0
160.16	0
173.71	0
197.63	0
215.42	0
224.85	0
229.57	0
230.42	0
154.10	0
155.16	0
158.20	0
158.60	0
159.14	0
159.15	0
159.33	0
159.35	0
88.79	1
160.09	0
172.18	0
172.66	0
176.12	0
188.75	0
190.79	0
194.72	1
57.49	1
79.01	0
89.16	0
99.10	0
172.54	0
196.95	0
203.59	0
211.67	0
25.24	1
38.88	1
117.15	0
150.28	0
221.69	0
231.09	0
239.19	0
240.98	0
19.31	1
27.92	1
179.62	0
182.99	0
188.37	0
189.11	0
199.95	0
200.15	0
15.46	1
36.43	1
200.19	0
211.25	0
222.30	0
234.18	0
237.31	0
238.27	0
2.23	1
2.59	1
124.81	0
133.57	0
134.38	0
134.55	0
134.64	0
135.84	0
16.54	1
25.60	1
79.07	0
121.60	0
123.84	0
130.02	0
133.64	0
136.45	0
34.47	1
81.96	1
129.70	1
135.33	1
142.17	1
145.79	0
151.96	1
152.67	1
49.83	1
82.47	0
114.30	0
155.13	0
157.83	0
162.24	0
165.91	0
189.13	0
19.98	0
25.19	1
31.50	1
33.02	1
45.45	1
50.70	1
62.49	0
67.78	0
19.45	1
74.67	1
111.89	0
181.38	0
203.10	1
214.66	1
223.51	0
231.91	0
8.31	1
12.39	1
28.35	1
104.16	1
193.25	1
248.34	0
248.87	0
251.09	0
4.55	1
6.34	1
12.02	1
158.27	0
201.13	0
208.03	0
209.18	0
213.49	0
7.50	1
29.21	0
33.92	0
36.78	0
37.44	0
41.41	0
42.21	0
43.78	0
39.23	1
49.45	1
99.73	1
101.67	1
104.93	1
107.88	1
121.03	1
123.35	1
17.55	1
37.96	1
140.76	0
155.76	0
160.25	0
160.30	0
160.82	0
160.94	0
21.07	1
70.27	1
132.13	0
166.06	0
177.36	0
197.50	0
211.13	0
214.90	0
23.50	1
39.10	1
43.23	1
49.26	1
49.36	1
50.60	1
62.70	1
64.42	1
1.01	1
1.34	1
1.38	1
2.29	1
2.34	1
2.38	1
2.84	1
3.35	1
140.27	0
140.92	0
150.59	0
154.97	0
163.56	0
176.50	0
178.25	0
182.34	0
137.74	0
144.98	0
145.08	0
146.04	0
146.90	0
147.59	0
148.19	0
150.33	0
291.53	0
293.26	1
293.81	0
299.75	0
300.36	0
300.92	0
303.31	0
304.79	0
223.03	0
227.82	0
228.19	0
228.52	0
230.19	0
230.34	0
233.72	0
233.92	0
110.64	0
110.97	0
115.19	0
122.47	0
130.41	0
134.53	0
135.61	0
135.72	0
184.01	0
185.85	0
186.27	0
186.60	0
187.12	0
187.24	0
187.93	0
188.53	0
71.36	0
90.28	0
103.86	1
112.62	0
129.62	0
131.43	1
141.25	0
143.82	0
45.28	1
67.13	1
92.73	1
100.80	1
115.83	1
210.77	0
240.73	0
242.00	0
2.19	1
2.51	1
3.38	1
5.09	1
13.02	1
28.79	1
55.84	1
67.79	1
88.83	0
133.43	1
134.38	1
135.28	0
144.48	0
154.43	0
154.97	0
155.39	0
221.68	0
251.57	0
255.94	0
256.10	0
258.33	0
258.89	0
259.02	0
259.19	0
131.28	0
131.39	0
134.53	0
135.70	0
136.31	0
136.51	0
137.30	0
137.35	0
54.26	1
76.67	0
77.17	0
80.44	0
85.30	0
86.99	0
88.02	0
88.84	0
210.83	0
215.15	0
217.48	0
217.58	0
229.81	0
237.90	0
238.26	0
243.86	0
297.65	0
299.66	0
300.45	0
301.17	0
301.27	0
302.58	0
303.37	0
303.49	0
125.79	0
128.02	0
129.14	0
143.76	0
144.74	0
153.40	0
159.56	0
160.80	0
84.09	1
129.47	0
134.85	0
141.96	0
185.19	0
190.28	0
197.37	0
199.15	0
38.05	1
311.89	0
346.77	0
347.24	0
347.40	0
351.51	0
354.21	0
355.03	0
26.25	1
172.66	0
174.13	0
174.15	0
176.09	0
177.80	0
178.37	0
178.82	0
52.98	0
53.45	1
58.33	0
64.68	0
68.78	0
71.26	1
75.00	1
77.12	0
25.05	1
148.73	0
163.31	0
169.33	0
178.10	0
181.44	0
182.79	0
186.12	0
120.57	1
156.41	0
160.74	0
161.80	0
179.03	0
185.09	0
190.39	0
197.09	0
96.42	1
103.63	1
103.80	0
111.88	1
112.21	0
146.89	0
152.17	0
153.07	0
60.59	0
97.35	0
120.76	0
122.21	0
128.13	1
129.53	0
140.97	1
141.43	0
18.22	1
21.66	1
23.04	1
28.14	1
109.23	1
210.46	1
259.34	0
260.39	0
6.94	1
9.97	1
11.03	1
11.46	1
152.80	0
198.32	0
205.27	0
205.69	0
58.08	0
63.59	1
63.60	0
68.12	1
71.96	1
72.47	1
72.70	0
73.24	0
84.19	1
94.45	1
95.79	1
113.45	1
116.19	1
118.99	1
120.80	0
123.65	1
152.25	0
158.65	0
214.60	0
225.68	0
229.01	0
252.79	0
256.80	0
258.61	0
93.47	1
107.62	1
115.32	0
123.15	0
140.48	1
189.85	0
194.11	0
210.34	0
67.99	0
68.24	0
75.04	1
83.03	0
83.59	0
95.64	0
99.08	1
100.53	0
168.65	1
177.76	1
178.44	1
189.42	1
194.92	1
195.90	1
199.05	1
202.98	1
178.33	0
192.36	0
198.47	1
202.25	0
214.22	0
216.15	0
216.47	0
217.39	0
215.37	0
223.36	0
225.29	0
229.98	0
235.37	0
241.39	0
241.60	0
244.37	0
154.27	1
167.96	1
168.99	1
172.59	1
175.53	0
178.43	1
178.74	1
180.65	1
133.24	0
149.11	0
153.63	0
157.06	0
157.86	0
159.08	0
162.41	0
165.59	0
259.16	0
260.72	0
263.75	0
266.92	0
267.15	0
268.04	0
270.31	0
276.60	0
140.05	1
198.87	0
206.50	0
207.01	0
208.31	0
213.80	0
213.84	0
216.49	0
100.20	1
102.38	1
103.90	0
105.12	0
105.20	0
105.27	0
107.01	0
108.26	0
171.77	0
183.08	0
200.07	0
206.07	0
227.42	0
243.60	0
244.66	0
248.46	0
102.00	0
102.76	0
105.51	0
106.25	0
109.67	0
110.37	0
110.75	0
112.32	0
134.95	0
148.40	0
165.61	0
176.58	0
186.81	0
190.52	0
225.37	0
234.19	0
47.89	1
49.95	0
105.92	0
117.89	0
135.35	0
174.42	1
175.92	0
177.37	1
47.30	1
134.51	1
161.96	1
169.43	0
220.21	0
221.83	0
225.21	0
236.42	0
40.28	1
57.64	1
95.67	0
153.77	1
167.62	0
206.42	0
210.85	0
227.51	0
26.83	1
28.83	1
121.40	1
193.50	0
196.49	1
206.15	0
207.39	0
212.74	0
2.65	1
4.59	1
6.70	1
9.10	1
116.76	0
117.45	0
119.46	0
126.39	0
7.72	1
13.00	1
16.12	1
16.16	1
203.76	0
204.34	0
204.63	0
204.94	0
21.76	1
22.57	1
25.88	1
49.46	1
69.40	0
127.74	0
131.42	0
131.97	0
4.55	1
5.52	1
5.53	1
5.62	1
50.07	1
123.39	0
138.11	0
138.21	0
25.27	1
29.98	1
31.03	1
31.91	1
32.08	1
32.52	1
39.60	1
44.24	1
4.05	1
4.17	1
4.58	1
4.68	1
4.96	1
5.07	1
5.48	1
5.74	1
28.87	0
35.16	0
52.09	0
53.36	0
53.53	0
53.61	0
54.49	0
54.70	0
10.01	1
27.63	1
278.80	1
288.99	1
291.83	1
294.17	1
294.75	1
300.31	1
0.27	1
0.45	1
9.60	1
10.52	1
11.15	1
11.18	1
11.30	1
11.31	1
179.76	0
184.56	0
186.39	0
186.81	0
188.66	0
188.89	0
189.36	0
190.16	0
309.67	0
311.30	0
313.25	0
314.61	0
316.65	0
318.87	0
320.82	0
322.11	0
21.21	1
22.67	1
23.41	1
118.60	0
119.98	0
120.14	0
120.61	0
121.71	0
21.33	1
43.37	1
48.28	1
51.53	1
55.86	1
60.85	1
71.56	1
78.95	0
185.86	0
188.50	0
189.61	0
190.94	0
191.02	0
191.34	0
191.80	0
193.45	0
161.99	1
228.97	0
277.89	0
279.38	0
280.59	0
280.78	0
281.13	0
283.04	0
161.61	0
216.05	0
220.70	0
222.82	0
244.56	0
245.56	0
249.31	0
250.67	0
28.16	1
90.18	0
107.32	0
110.32	0
110.44	0
111.09	0
111.25	0
111.41	0
20.21	1
20.99	1
22.00	1
22.01	1
23.58	1
25.09	1
25.38	1
25.90	1
112.38	1
129.56	0
161.24	1
163.86	0
168.38	1
173.37	1
187.20	1
192.49	0
4.86	1
4.86	1
5.67	1
6.48	1
7.16	1
7.20	1
102.52	0
106.42	0
5.23	1
7.49	1
8.46	1
12.81	1
19.34	1
20.00	1
181.07	0
186.57	0
34.03	1
39.72	1
47.35	1
54.71	1
67.33	1
70.71	0
74.17	1
113.46	0
89.73	1
105.99	1
134.91	0
135.27	1
137.29	1
144.64	0
144.89	1
148.96	0
12.58	1
17.46	1
22.56	1
59.82	1
73.72	1
85.90	1
171.72	0
177.07	0
111.88	0
124.87	0
134.62	0
138.34	0
142.80	0
152.52	0
156.73	0
157.21	0
160.24	0
162.59	0
164.46	1
164.75	1
167.54	1
167.85	1
171.57	1
174.29	1
168.91	0
218.10	0
224.65	1
240.05	1
243.50	0
243.75	0
249.95	0
250.21	0
45.77	1
126.43	0
173.35	0
213.22	0
222.27	0
226.91	0
227.31	0
227.59	0
23.33	1
156.44	0
191.96	0
198.75	0
204.06	0
206.03	0
208.73	0
210.45	0
4.13	1
39.62	1
41.59	1
41.72	1
42.21	1
42.62	1
42.83	1
43.99	1
36.65	0
43.28	1
54.26	1
57.60	0
101.62	0
152.69	0
155.61	0
162.06	0
41.71	1
76.52	1
108.50	1
155.95	0
160.82	1
161.14	0
204.99	0
214.96	0
26.40	1
45.79	1
67.42	1
128.77	0
133.28	1
137.18	1
175.79	0
179.28	0
22.29	0
27.11	0
30.36	0
104.94	0
155.42	0
164.50	0
181.47	0
188.37	0
57.84	1
86.47	1
88.43	1
94.87	1
107.16	1
117.04	0
117.25	0
134.32	0
2.36	1
3.79	1
4.79	1
6.17	1
6.47	1
104.42	0
106.28	0
108.25	0
6.07	1
9.76	1
10.63	1
13.80	1
15.06	1
212.46	0
212.98	0
213.39	0
29.41	1
33.76	1
38.49	1
40.47	1
42.75	1
103.31	0
149.88	0
152.96	0
2.94	1
6.51	1
8.06	1
8.16	1
8.43	1
63.76	1
132.44	0
151.19	0
24.57	1
25.79	1
28.55	1
31.37	1
33.12	1
39.48	1
43.53	1
43.98	1
1.63	1
5.71	1
6.30	1
6.66	1
6.74	1
7.29	1
7.51	1
7.72	1
145.06	0
150.36	0
150.81	0
152.37	0
153.53	0
164.34	0
171.77	1
173.05	0
249.26	0
280.67	0
281.13	0
282.47	0
285.30	0
285.71	0
286.18	0
286.19	0
100.31	1
100.80	1
103.24	1
104.22	1
106.72	0
108.29	1
116.34	0
118.45	0
148.72	0
149.41	1
153.66	1
158.60	1
167.46	1
169.93	1
172.00	1
175.29	0
152.91	1
157.64	0
161.68	0
162.90	0
167.76	0
170.75	0
172.25	0
172.60	0
103.65	1
111.31	1
119.25	1
203.45	0
227.30	0
241.81	0
244.74	0
255.27	0
3.52	1
4.47	1
5.16	1
21.80	1
106.84	0
119.08	0
128.03	0
128.65	0
118.43	1
118.88	1
127.22	1
180.12	0
180.52	0
182.34	1
190.44	0
197.82	0
61.83	1
64.73	1
77.64	0
86.42	1
101.27	1
106.34	0
108.22	0
112.31	0
16.44	1
19.93	1
20.65	1
22.79	1
22.88	1
123.84	1
197.93	1
251.78	0
6.88	1
9.22	1
9.42	1
11.51	1
12.48	1
162.60	0
192.03	0
199.10	0
21.41	1
24.32	1
28.83	1
35.67	1
37.58	1
44.29	1
44.52	0
54.73	1
67.18	1
90.86	0
99.10	0
119.73	1
123.73	0
125.60	0
178.98	0
183.89	0
180.42	0
181.27	0
187.34	0
188.80	0
192.29	0
192.44	0
199.84	0
200.17	0
62.37	1
76.28	1
76.87	1
77.01	1
77.12	1
78.83	1
80.22	1
81.80	1
39.07	0
64.01	0
72.05	0
104.72	0
107.10	0
111.91	0
112.61	0
112.89	0
42.75	1
60.56	1
85.45	1
162.00	0
176.28	0
187.06	0
196.69	0
213.55	0
24.33	1
28.82	1
31.66	1
31.89	1
32.16	1
33.32	1
34.50	1
39.94	1
0.71	1
1.18	1
1.56	1
1.72	1
2.42	1
2.49	1
3.21	1
3.45	1
150.35	0
174.27	0
181.06	1
203.68	1
221.42	0
222.19	1
222.58	0
224.58	0
104.62	0
111.49	0
163.40	0
205.84	0
240.03	0
240.94	0
241.83	0
242.52	0
117.26	0
118.74	0
122.81	0
122.88	0
124.84	0
125.22	0
125.35	0
125.54	0
54.70	1
96.75	1
191.95	0
192.39	0
194.51	0
209.88	0
210.39	0
214.12	0
11.29	1
13.86	1
86.02	0
86.57	0
87.82	0
91.69	0
97.84	0
98.05	0
5.03	1
9.00	1
94.94	0
97.16	0
101.68	0
103.74	0
105.54	0
118.00	0
5.31	1
5.32	1
19.59	1
24.14	1
32.44	1
37.30	1
44.20	1
50.08	1
2.69	1
4.63	1
9.65	1
101.31	0
105.75	0
116.73	0
120.90	0
148.42	0
126.46	1
129.53	0
141.11	0
162.36	0
163.58	0
164.30	0
164.63	0
164.74	0
118.10	1
136.37	0
153.47	0
155.84	0
161.72	0
168.25	0
172.04	0
175.63	0
260.98	0
269.94	0
279.98	0
281.17	0
302.17	0
305.18	0
309.55	0
312.68	0
166.47	0
180.15	0
183.56	0
186.43	0
192.08	0
195.36	1
202.32	1
202.72	0
222.32	0
293.64	0
301.18	0
301.42	0
304.50	0
304.87	0
304.93	0
305.91	0
144.34	0
146.59	0
147.16	0
150.82	0
151.30	0
151.38	0
152.13	0
152.15	0
31.72	1
36.51	1
40.43	1
43.09	1
45.26	1
49.38	1
51.09	1
51.60	0
159.95	0
196.27	0
205.80	1
208.17	0
215.61	0
217.19	0
218.09	0
219.45	0
236.32	0
288.59	0
325.16	0
364.03	0
377.43	0
382.89	0
385.23	0
385.47	0
129.89	1
212.60	0
244.03	0
252.02	0
253.39	0
262.18	0
262.39	0
262.48	0
85.90	1
129.07	0
130.71	0
155.04	0
189.44	0
190.42	0
190.46	0
198.83	0
102.45	1
104.67	0
105.36	0
112.64	0
113.93	0
116.08	0
120.27	1
120.75	1
34.02	1
56.48	1
65.44	1
76.59	1
125.32	1
146.49	0
151.72	1
155.03	0
3.37	1
3.44	1
3.50	1
3.87	1
4.60	1
7.84	1
10.79	1
102.36	0
8.29	1
8.59	1
11.03	1
11.34	1
11.62	1
15.29	1
22.54	1
170.32	0
29.73	1
40.14	1
42.33	1
46.62	1
58.30	1
61.35	1
64.27	0
65.39	1
50.64	1
78.97	1
94.23	1
116.50	1
129.90	0
133.44	1
140.89	1
142.04	0
20.26	1
22.20	1
23.25	1
27.36	1
55.96	1
69.02	1
70.69	1
177.75	0
12.30	1
21.39	1
21.50	1
23.16	1
24.49	1
25.42	1
26.92	1
27.22	1
1.38	1
1.50	1
1.52	1
1.63	1
1.74	1
1.78	1
1.87	1
1.95	1
32.49	0
64.74	0
73.09	0
76.03	1
83.47	0
88.39	0
88.82	0
92.86	0
1.32	1
5.83	1
11.38	1
18.04	1
21.95	1
42.44	0
42.56	0
44.17	0
1.60	1
5.97	1
8.91	1
72.39	0
73.65	0
76.61	0
77.47	0
78.80	0
6.00	1
81.97	1
148.63	0
202.91	0
210.61	0
224.47	0
225.00	0
232.82	0
2.38	1
42.98	1
495.42	0
526.27	0
551.90	0
574.74	0
587.81	0
596.02	0
1.87	1
21.53	1
376.79	0
379.76	0
380.96	0
386.63	0
386.70	0
388.93	0
48.00	0
80.65	0
107.85	0
120.56	0
125.27	0
126.68	0
132.99	0
134.81	0
6.74	1
10.08	1
26.35	1
26.89	1
28.20	1
29.32	1
29.87	1
31.96	1
203.75	0
260.29	0
264.07	0
265.02	0
266.79	0
271.13	0
276.86	0
288.46	0
540.90	1
542.38	1
545.00	1
572.23	0
575.72	0
580.74	0
581.33	0
581.60	0
600.96	0
603.90	0
611.10	0
620.34	0
622.74	0
624.11	0
625.90	0
627.04	0
305.61	0
323.91	0
324.27	0
325.95	0
326.16	0
326.62	0
327.43	0
328.46	0
71.98	1
95.68	1
121.01	0
124.07	0
141.93	0
145.57	0
186.12	0
196.51	0
32.45	1
35.90	1
236.94	0
238.07	0
238.52	0
250.80	0
253.00	0
255.20	0
58.96	0
109.84	0
161.12	0
199.09	0
222.23	0
232.45	0
237.72	0
255.53	0
223.90	1
410.08	0
444.86	0
446.23	0
450.01	0
450.21	0
451.23	0
451.86	0
220.07	1
524.15	0
532.67	0
556.39	0
556.90	0
560.98	0
562.19	0
562.63	0
54.15	1
522.66	0
532.16	0
532.89	0
546.09	0
549.84	0
550.94	0
550.98	0
55.49	1
329.58	0
330.89	0
331.16	0
333.77	0
334.80	0
335.92	0
338.08	0
162.39	0
165.49	0
169.42	0
185.96	0
194.23	0
197.86	0
204.02	0
222.01	0
528.18	0
531.20	0
532.04	0
532.46	0
532.46	0
532.66	0
533.85	0
534.11	0
469.79	0
614.82	0
619.91	0
619.91	0
621.57	0
622.15	0
622.84	0
626.53	0
655.96	0
751.62	0
777.38	0
777.44	0
784.43	0
793.59	0
793.72	0
794.42	0
421.07	0
442.75	0
502.63	0
503.18	0
503.89	0
505.11	0
506.85	0
507.22	0
317.27	0
425.98	0
445.21	0
542.85	0
543.30	0
547.93	0
550.18	0
558.07	0
295.42	1
467.09	0
532.13	0
534.29	0
551.49	0
565.04	0
601.36	0
602.88	0
161.75	0
357.83	0
414.97	1
431.79	1
433.79	0
472.06	0
495.23	0
497.39	0
40.64	1
43.08	1
55.48	1
105.75	1
112.94	1
116.02	1
116.79	1
125.50	1
209.75	0
217.98	0
232.36	0
236.20	0
239.40	0
243.11	0
249.39	0
254.54	0
683.00	0
686.72	0
686.83	0
687.08	0
687.70	0
688.04	0
688.89	0
689.70	0
690.47	0
699.39	0
700.53	0
702.71	0
705.21	0
708.92	0
711.41	0
711.63	0
703.31	0
716.74	0
727.81	0
728.39	0
734.80	0
736.23	0
736.51	0
740.56	0
402.42	0
428.55	0
431.21	0
434.99	0
447.46	0
450.05	0
450.83	0
450.87	0
82.16	0
94.50	0
97.92	0
111.06	0
134.03	1
156.18	0
166.45	0
176.65	0
165.85	0
182.90	0
186.06	0
200.27	0
207.00	0
214.32	0
217.10	0
221.68	0
348.25	0
349.39	0
349.52	0
352.24	0
352.78	0
352.98	0
353.27	0
353.35	0
345.44	0
347.37	0
348.51	0
351.15	0
352.79	0
353.08	0
353.18	0
353.24	0
344.83	0
378.94	0
383.03	0
383.85	0
384.39	0
385.07	0
386.39	0
386.86	0
301.21	0
301.34	0
302.20	0
304.59	0
304.87	0
305.91	0
307.06	0
307.50	0
177.77	0
179.26	0
182.47	0
199.88	0
216.60	0
219.43	0
225.87	0
233.44	0
597.30	0
610.47	0
644.82	0
647.45	0
651.87	0
655.40	0
657.57	0
661.56	0
636.45	0
636.51	0
637.37	0
638.54	0
641.66	0
644.15	0
644.60	0
644.87	0
538.25	0
547.50	0
549.66	0
549.68	1
553.24	0
556.65	0
557.16	0
571.77	0
35.66	1
37.48	1
52.49	1
59.15	1
60.68	1
68.67	1
69.15	1
74.13	1
146.67	0
151.29	0
165.70	0
174.54	0
177.04	0
177.55	0
183.19	0
186.17	0
5.59	1
6.20	1
9.23	1
11.38	1
12.40	1
15.74	1
37.34	0
38.09	0
9.64	1
12.68	1
15.38	1
18.17	1
81.34	0
82.23	0
83.66	0
84.99	0
261.36	0
277.35	0
284.21	0
289.70	1
292.65	0
294.91	1
296.45	0
299.98	0
260.99	0
282.06	0
283.84	0
285.97	0
286.38	0
286.85	0
289.64	0
291.45	0
146.28	0
148.09	0
152.26	0
153.08	0
153.86	0
156.51	0
157.81	0
158.28	0
237.30	0
243.16	0
257.83	0
258.82	0
258.87	0
259.13	0
259.51	0
259.72	0
282.10	0
282.15	0
284.94	0
285.49	0
286.14	0
288.08	0
288.11	0
288.96	0
218.38	1
234.38	1
235.42	1
244.02	1
246.12	1
248.20	1
250.56	1
250.93	1
274.66	0
280.72	0
281.69	0
286.35	0
288.53	0
293.41	0
296.18	0
299.37	0
362.83	0
365.70	0
366.28	0
367.44	0
370.01	0
370.04	0
372.55	0
373.38	0
286.76	0
290.89	0
297.52	0
301.03	1
303.01	0
303.12	0
303.15	0
303.67	0
245.13	0
245.62	0
245.80	0
245.92	0
246.94	0
247.58	0
247.85	0
248.40	0
243.32	0
245.42	0
248.23	0
262.04	0
267.13	0
269.24	0
269.41	0
270.36	0
115.81	0
135.57	0
137.60	0
144.20	0
146.25	0
146.27	0
146.95	0
147.71	0
85.74	0
92.23	1
95.06	1
104.10	1
104.16	1
106.08	0
106.12	0
106.92	0
258.66	0
261.66	0
262.19	0
262.40	0
264.91	0
267.22	0
268.87	0
269.56	0
183.58	0
186.55	0
187.64	0
187.78	0
193.33	0
193.64	0
193.74	0
195.13	0
53.82	1
55.38	1
61.34	1
62.62	1
64.10	1
64.45	1
67.82	1
69.32	1
300.38	0
313.10	0
324.36	0
327.62	0
328.31	0
331.30	0
331.56	0
331.80	0
275.55	0
280.03	0
283.10	0
283.29	0
283.42	0
283.42	0
288.73	0
288.98	0
326.19	0
326.50	0
326.70	0
326.84	0
327.81	0
329.08	0
329.87	0
331.12	0
244.46	0
245.59	0
247.22	0
247.58	0
249.45	0
251.83	0
255.20	0
257.70	0
161.98	0
170.60	0
173.72	0
176.24	0
177.53	0
185.04	0
186.46	0
188.14	0
245.63	1
250.60	1
257.31	0
264.19	0
265.44	0
267.09	1
269.86	0
273.61	0
259.69	0
264.27	0
265.66	0
269.03	0
271.85	0
277.43	0
280.19	0
280.50	0
163.15	1
176.37	0
185.70	0
199.42	0
202.27	0
203.49	0
205.22	0
205.95	0
101.10	1
102.42	1
104.45	0
105.94	1
113.56	0
118.44	0
122.98	0
123.20	0
38.39	1
85.46	1
92.75	1
104.44	1
106.99	1
110.39	1
110.45	1
114.84	1
28.36	1
131.95	0
136.56	0
137.75	0
165.83	0
184.48	0
188.42	0
192.33	0
20.89	1
244.18	1
330.06	0
352.19	0
373.46	0
374.31	0
375.06	0
375.59	0
28.18	1
107.81	1
113.71	0
119.34	0
126.74	0
139.61	0
139.99	0
140.36	0
22.78	1
31.19	1
126.47	0
126.50	0
127.56	0
128.25	0
139.05	0
139.11	0
47.01	1
47.04	1
47.60	1
49.24	1
62.90	1
63.06	1
65.61	1
67.73	1
131.24	0
134.94	0
153.93	0
159.45	0
161.08	0
164.29	0
169.12	0
170.71	0
453.39	0
475.72	0
476.05	0
476.59	0
476.78	0
477.36	0
478.76	0
479.08	0
80.58	0
95.26	1
116.83	0
117.50	0
123.69	0
123.70	0
124.53	0
125.40	0
98.17	1
132.37	1
147.27	0
152.52	0
160.29	0
166.31	0
172.42	0
174.62	0
89.56	0
110.56	0
133.64	0
134.04	0
135.76	0
137.34	0
137.65	0
138.46	0
82.67	1
103.79	0
114.86	0
120.55	0
121.60	0
121.95	0
123.25	0
123.98	0
185.66	0
188.25	0
188.33	0
189.07	0
190.81	0
196.15	0
196.22	0
196.53	0
83.95	1
84.43	1
87.07	1
123.50	0
125.43	0
126.30	0
135.37	0
138.02	0
14.88	1
18.39	1
19.65	1
26.94	1
33.71	1
35.33	1
44.47	1
48.96	1
12.29	1
12.48	1
13.05	1
14.72	1
107.38	0
110.51	0
113.18	0
113.99	0
12.74	1
13.65	1
21.24	1
21.57	1
23.10	1
23.70	1
24.10	1
24.25	1
112.79	0
124.27	0
127.68	0
128.64	0
130.25	0
131.04	0
132.58	0
136.03	0
218.53	0
239.36	0
247.19	0
249.76	0
251.71	0
255.88	0
265.55	0
272.73	0
176.91	0
180.99	0
201.52	0
203.29	0
205.10	0
206.95	0
208.89	0
209.03	0
72.02	0
77.28	1
80.63	0
81.05	1
83.91	1
84.06	1
85.65	1
87.77	1
66.40	1
75.88	1
106.43	1
116.01	1
123.38	1
127.38	1
137.88	1
142.22	0
71.46	1
85.62	1
173.36	0
191.39	0
195.36	0
199.68	0
220.18	0
238.66	0
20.40	1
35.36	1
43.02	1
216.27	0
221.66	0
222.37	0
222.73	0
223.30	0
47.25	1
84.22	1
84.94	1
97.37	1
107.81	1
110.63	0
134.17	0
142.85	1
28.58	1
28.85	1
29.32	1
30.95	1
31.31	1
31.66	1
32.03	1
34.47	1
2.85	1
3.12	1
3.17	1
3.26	1
3.26	1
3.32	1
3.38	1
3.46	1
39.64	0
39.85	0
40.36	0
41.10	0
41.85	0
42.62	0
42.79	0
42.79	0
73.35	1
73.95	1
85.10	1
88.43	1
89.77	1
102.32	1
108.35	1
117.39	0
76.27	1
81.70	1
99.50	1
101.17	1
112.55	1
148.11	0
157.21	0
158.08	0
132.83	1
133.66	1
134.67	1
139.54	1
140.60	1
141.89	1
142.27	1
143.57	1
