147.13	0
172.86	0
204.30	0
214.72	0
226.00	0
227.36	0
243.42	0
252.79	0
134.62	0
180.85	0
183.02	0
196.68	0
212.85	0
218.39	0
221.08	0
229.05	0
164.68	0
187.12	0
198.63	0
220.08	0
224.79	0
229.04	0
236.14	0
242.22	0
130.67	0
175.80	0
179.21	0
193.32	0
195.25	0
196.90	0
203.74	0
206.48	0
127.52	0
158.23	0
162.02	0
166.68	0
213.17	0
213.46	0
221.14	0
227.16	0
181.44	0
201.32	0
201.40	0
208.96	0
210.56	0
214.57	0
223.83	0
238.13	0
151.98	0
184.08	0
187.88	0
195.68	0
200.43	0
205.57	0
224.95	0
225.65	0
87.44	0
142.37	0
146.14	0
159.63	0
169.86	0
171.79	0
181.11	0
184.18	0
131.58	0
166.49	0
174.20	0
187.60	0
193.38	0
196.53	0
206.82	0
220.06	0
190.02	0
206.36	0
216.42	0
229.89	0
238.94	0
243.15	0
260.68	0
268.70	0
144.04	0
167.28	0
168.99	0
180.10	0
187.55	0
199.30	0
210.92	0
222.71	0
121.19	0
160.02	0
161.44	0
164.74	0
170.97	0
192.70	0
195.83	0
209.15	0
83.88	0
125.71	0
130.27	0
148.66	0
155.94	0
166.53	0
167.27	0
175.73	0
141.39	0
166.49	0
173.93	0
179.96	0
179.99	0
183.89	0
201.18	0
208.46	0
400.88	0
405.75	0
417.13	0
427.22	0
434.53	0
436.99	0
446.51	0
447.68	0
296.39	0
318.62	0
328.78	0
344.73	0
355.64	0
369.69	0
376.98	0
391.32	0
264.72	0
291.07	0
314.57	0
314.97	0
384.91	0
387.61	0
388.88	0
400.15	0
312.19	0
340.44	0
348.73	0
357.47	0
360.17	0
375.40	0
378.06	0
389.92	0
127.63	0
143.44	0
160.60	0
168.99	0
174.06	0
178.18	0
186.86	0
208.20	0
20.22	1
139.22	0
183.06	0
206.63	0
252.28	0
256.95	0
258.12	0
267.63	0
352.57	0
364.16	0
386.42	0
387.97	0
396.14	0
398.57	0
403.78	0
418.29	0
628.35	0
646.85	0
648.72	0
652.16	0
657.35	0
657.65	0
659.77	0
661.73	0
620.47	0
638.19	0
640.25	0
643.91	0
644.71	0
649.56	0
653.49	0
658.33	0
699.23	0
701.10	0
701.20	0
705.98	0
710.15	0
716.05	0
716.38	0
718.58	0
889.89	0
891.62	0
898.47	0
898.99	0
906.35	0
906.36	0
912.20	0
913.11	0
469.63	0
484.98	0
487.72	0
490.59	0
495.19	0
496.59	0
497.53	0
500.98	0
236.25	0
237.87	0
250.59	0
250.71	0
262.39	0
272.85	0
273.31	0
278.29	0
237.70	0
249.16	0
259.14	0
265.63	0
269.51	0
277.68	0
279.46	0
280.90	0
361.18	0
389.06	0
389.75	0
395.03	0
395.87	0
396.09	0
399.17	0
401.69	0
616.24	0
641.06	0
645.15	0
646.07	0
648.95	0
656.13	0
656.53	0
659.17	0
629.41	0
635.35	0
637.01	0
639.23	0
647.92	0
649.36	0
650.75	0
652.65	0
534.12	0
536.67	0
541.29	0
546.40	0
548.31	0
551.86	0
553.52	0
557.45	0
575.94	0
576.26	0
577.69	0
578.73	0
579.26	0
596.19	0
606.19	0
608.54	0
418.08	0
420.81	0
421.63	0
439.83	0
446.04	0
446.41	0
452.33	0
454.47	0
536.05	0
539.79	0
546.91	0
549.62	0
555.30	0
561.31	0
570.27	0
572.31	0
679.99	0
686.47	0
692.08	0
692.31	0
698.13	0
700.89	0
704.82	0
710.09	0
585.85	0
588.63	0
601.17	0
602.22	0
615.20	0
618.81	0
622.89	0
622.89	0
321.28	0
355.60	0
367.71	0
375.29	0
377.70	0
382.72	0
386.17	0
391.13	0
81.98	0
82.59	0
98.88	0
106.33	0
116.49	0
123.05	0
134.91	0
140.68	0
244.44	0
257.43	0
272.72	0
273.05	0
280.71	0
287.18	0
287.27	0
291.86	0
461.47	0
479.13	0
481.11	0
481.65	0
486.00	0
486.48	0
488.47	0
488.82	0
585.10	0
604.85	0
609.03	0
611.00	0
613.97	0
614.53	0
614.71	0
615.52	0
714.06	0
716.47	0
717.35	0
719.21	0
722.58	0
724.51	0
726.04	0
729.80	0
592.13	0
596.28	0
599.01	0
604.18	0
604.42	0
606.01	0
607.45	0
607.62	0
629.18	0
641.41	0
643.08	0
651.34	0
664.72	0
666.78	0
668.16	0
668.50	0
355.92	0
362.90	0
371.26	0
372.46	0
376.90	0
378.04	0
378.57	0
379.11	0
311.08	0
313.04	0
360.86	0
368.62	0
380.30	0
391.32	0
391.96	0
404.07	0
549.96	0
553.00	0
558.45	0
561.00	0
562.78	0
566.53	0
567.87	0
568.89	0
80.05	0
82.18	0
142.76	0
149.96	0
159.73	0
167.08	0
172.37	0
197.43	0
108.24	0
119.50	0
127.68	0
128.01	0
136.23	0
136.24	0
137.31	0
142.63	0
91.59	0
101.04	0
110.88	0
111.73	0
115.58	0
116.77	0
117.72	0
127.13	0
166.27	0
168.83	0
177.06	0
185.68	0
195.44	0
195.49	0
199.28	0
199.28	0
49.76	0
57.34	0
87.47	0
89.09	0
91.78	0
100.62	0
103.58	0
103.60	0
17.52	1
18.55	1
130.79	0
145.96	0
147.21	0
150.60	0
164.69	0
186.08	0
343.11	0
346.42	0
359.03	0
371.39	0
375.37	0
376.69	0
379.11	0
379.98	0
565.95	0
569.52	0
576.25	0
580.52	0
583.66	0
588.69	0
594.14	0
594.28	0
789.89	0
824.96	0
891.92	0
897.08	0
899.91	0
902.25	0
914.12	0
916.86	0
224.79	0
284.81	0
324.66	0
326.13	0
329.68	0
331.62	0
333.38	0
335.39	0
576.09	0
579.43	0
581.59	0
581.83	0
585.38	0
586.18	0
590.24	0
597.15	0
580.54	0
584.63	0
596.35	0
608.27	0
609.24	0
614.89	0
618.69	0
627.50	0
377.81	0
378.46	0
382.41	0
389.30	0
390.55	0
396.37	0
401.07	0
417.77	0
446.41	0
449.91	0
456.29	0
460.92	0
466.36	0
473.10	0
477.87	0
478.66	0
201.02	0
250.90	0
274.39	0
283.09	0
289.05	0
291.59	0
293.27	0
296.96	0
379.97	0
392.95	0
396.14	0
407.42	0
421.68	0
422.05	0
442.30	0
443.56	0
417.11	0
420.61	0
438.49	0
438.83	0
439.11	0
442.17	0
442.92	0
444.25	0
331.36	0
351.40	0
351.56	0
365.13	0
365.17	0
369.25	0
369.38	0
371.57	0
360.85	0
370.91	0
376.24	0
376.38	0
378.26	0
380.06	0
392.98	0
396.50	0
309.53	0
343.62	0
344.58	0
365.43	0
366.33	0
367.89	0
373.30	0
375.93	0
275.85	0
296.36	0
315.39	0
317.94	0
320.03	1
320.67	0
327.56	0
343.24	0
179.01	0
207.32	0
211.68	0
212.21	0
218.83	0
226.81	0
238.60	0
239.29	0
17.27	1
65.79	0
76.01	0
99.14	0
99.90	0
110.53	0
112.42	0
113.70	0
248.23	0
262.24	0
282.80	0
284.81	0
286.86	0
293.19	0
293.30	0
301.45	0
502.76	0
514.76	0
516.83	0
520.07	0
531.66	0
544.06	0
550.30	0
552.74	0
589.15	0
589.53	0
590.65	0
591.16	0
598.75	0
605.44	0
607.00	0
609.76	0
689.43	0
702.35	0
709.18	0
710.46	0
716.41	0
719.15	0
721.10	0
722.52	0
632.76	0
644.66	0
656.16	0
659.72	0
663.64	0
671.00	0
675.03	0
681.46	0
194.25	1
203.14	1
231.15	0
237.58	0
241.08	0
247.62	0
252.09	0
253.76	0
38.25	1
44.99	1
238.85	0
248.35	0
248.42	0
256.06	0
257.76	0
267.81	0
161.94	0
170.06	0
176.75	0
184.87	0
194.80	0
195.06	0
198.86	0
200.35	0
80.72	0
96.32	0
102.42	0
108.93	0
111.18	0
115.70	0
115.82	0
120.61	0
81.29	0
94.68	0
97.58	0
108.17	0
110.86	0
114.72	0
116.74	0
118.77	0
138.76	0
154.10	0
156.36	0
156.82	0
165.84	0
171.53	0
172.47	0
175.64	0
106.75	0
110.53	0
112.14	0
113.00	0
117.31	0
125.40	0
132.40	0
132.65	0
156.36	0
182.19	0
182.78	0
186.80	0
188.04	0
190.25	0
198.82	0
205.70	0
298.46	0
309.07	0
314.59	0
317.06	0
320.00	0
321.23	0
322.25	0
322.50	0
230.90	0
231.17	0
255.66	0
256.50	0
259.30	0
259.54	0
278.36	0
280.63	0
428.16	0
439.45	0
482.97	0
487.69	0
487.90	0
489.20	0
489.72	0
489.95	0
614.66	0
615.84	0
619.84	0
629.45	0
631.95	0
635.71	0
636.59	0
641.48	0
196.80	0
213.05	0
241.49	0
250.62	0
252.05	0
261.06	0
269.90	1
274.28	1
203.49	0
203.98	0
204.08	0
209.20	0
223.61	0
257.73	0
275.35	0
278.10	0
480.79	0
486.86	0
488.52	0
493.36	0
509.90	0
512.24	0
513.16	0
513.40	0
429.17	0
433.12	0
434.12	0
447.27	0
452.80	0
454.49	0
454.66	0
455.15	0
436.25	0
454.20	0
455.52	0
457.06	0
461.73	0
473.94	0
478.53	0
480.80	0
661.53	0
677.95	0
684.85	0
688.72	0
690.30	0
690.99	0
694.53	0
695.72	0
474.23	0
488.20	0
501.57	0
520.13	0
523.38	0
529.23	0
546.73	0
547.98	0
206.92	0
209.88	0
238.46	0
240.10	0
252.08	0
256.66	0
258.24	0
260.10	0
187.33	0
212.32	0
213.94	0
215.02	0
216.37	0
216.50	0
224.82	0
231.55	0
157.84	0
157.99	0
167.16	0
170.74	0
173.99	0
180.58	0
182.77	0
183.26	0
180.98	0
182.30	0
189.80	0
191.73	0
193.64	0
201.49	0
202.18	0
211.67	0
157.97	0
160.74	0
163.93	0
169.21	0
172.44	0
178.53	0
179.89	0
180.92	0
232.61	0
238.97	0
247.97	0
253.75	0
254.49	0
256.00	0
259.40	0
260.27	0
20.43	1
28.02	1
30.97	1
65.21	0
72.19	0
128.92	0
140.45	0
148.98	0
202.98	0
204.39	0
207.15	0
207.56	0
212.82	0
213.95	0
214.38	0
216.40	0
94.08	0
118.92	0
125.13	0
127.86	0
128.21	0
128.57	0
129.99	0
133.47	0
89.33	0
104.88	0
106.11	0
106.61	0
110.11	0
111.57	0
113.00	0
113.63	0
122.51	0
123.92	0
128.20	0
130.42	0
132.60	0
135.71	0
135.84	0
136.39	0
84.59	0
89.25	0
97.21	0
101.39	0
101.55	0
106.01	0
107.66	0
108.13	0
169.64	0
214.04	0
216.11	0
218.94	0
227.80	0
228.95	0
230.49	0
231.40	0
154.40	0
164.11	0
165.43	0
174.52	0
179.47	0
180.53	0
181.99	0
183.59	0
328.52	0
341.20	0
345.75	0
348.69	0
357.57	0
360.37	0
361.55	0
361.92	0
201.89	0
223.51	0
225.48	0
229.33	0
230.70	0
231.05	0
235.84	0
238.40	0
294.86	0
300.33	0
307.74	0
311.99	0
314.47	0
322.55	0
323.45	0
325.85	0
192.53	0
194.01	0
201.27	0
201.57	0
203.86	0
209.74	0
212.16	0
214.13	0
276.97	0
289.37	0
294.01	0
295.95	0
302.71	0
311.11	0
311.82	0
315.17	0
173.89	0
179.26	0
185.02	0
196.60	0
197.04	0
198.93	0
206.07	0
216.54	0
132.17	1
154.41	0
159.12	0
172.96	0
181.82	0
182.36	0
184.77	0
194.64	0
93.05	0
97.62	0
100.10	0
106.52	0
106.93	0
107.68	0
117.77	0
119.19	0
150.19	0
150.86	0
156.66	0
160.14	0
163.16	0
163.16	0
174.67	0
177.69	0
118.54	1
161.25	0
162.55	0
162.93	0
168.17	0
181.58	0
184.58	0
199.60	0
97.12	0
105.23	0
106.39	0
107.85	0
115.94	0
116.58	0
118.11	0
123.67	0
141.99	0
144.63	0
149.99	0
152.46	0
153.05	0
165.51	0
167.86	0
167.90	0
292.35	0
294.00	0
308.68	0
319.09	0
321.71	0
322.00	0
322.78	0
323.87	0
246.79	0
248.91	0
249.98	0
253.83	0
264.83	0
265.32	0
273.40	0
281.84	0
192.14	0
192.54	0
197.30	0
198.48	0
199.99	0
200.33	0
200.62	0
201.10	0
160.19	0
164.85	0
168.64	0
169.84	0
172.18	0
184.36	0
184.72	0
184.99	0
40.75	1
52.34	1
71.66	0
78.47	0
99.89	0
103.13	0
107.84	0
108.60	0
118.75	0
120.28	0
121.77	0
123.09	0
131.18	0
132.99	0
144.46	0
146.36	0
249.91	0
260.43	0
266.25	0
269.34	0
270.40	0
271.60	0
274.25	0
278.20	0
122.76	0
146.70	0
163.70	0
164.08	0
164.28	0
165.46	0
168.40	0
170.62	0
91.31	0
110.86	0
111.54	0
114.60	0
120.25	0
121.03	0
121.96	0
122.03	0
146.75	0
146.82	0
149.02	0
151.92	0
154.01	0
158.89	0
160.07	0
165.14	0
333.01	0
357.98	0
358.33	0
360.04	0
363.66	0
364.00	0
369.71	0
373.01	0
341.75	0
358.19	0
360.70	0
360.91	0
362.10	0
376.83	0
377.56	0
381.19	0
261.50	0
265.02	0
280.97	0
296.12	0
296.78	0
297.96	0
300.26	0
302.31	0
256.58	0
257.89	0
258.69	0
260.87	0
262.32	0
266.41	0
267.55	0
283.93	0
210.50	0
215.36	0
215.71	0
217.58	0
223.15	0
223.46	0
225.41	0
227.18	0
177.22	0
181.04	0
186.64	0
187.24	0
189.58	0
189.78	0
189.84	0
193.98	0
210.97	0
212.59	0
213.47	0
216.26	0
216.99	0
222.75	0
223.94	0
225.88	0
179.60	0
179.66	0
183.59	0
189.64	0
193.61	0
195.00	0
196.61	0
196.79	0
31.89	1
44.11	1
50.79	1
59.15	1
114.13	0
116.81	0
147.52	0
153.52	0
169.06	0
208.65	0
227.71	0
229.99	0
230.07	0
230.94	0
235.45	0
237.77	0
274.11	0
285.13	0
290.84	0
292.28	0
294.62	0
297.17	0
297.85	0
298.00	0
215.32	0
226.61	0
227.92	0
229.89	0
231.07	0
232.52	0
244.44	0
246.40	0
297.13	0
297.40	0
305.21	0
306.34	0
307.18	0
311.82	0
313.03	0
313.09	0
159.82	0
162.32	0
166.23	0
167.71	0
168.36	0
169.44	0
172.21	0
173.26	0
137.49	0
142.64	0
146.82	0
149.71	0
152.43	0
152.78	0
156.95	0
162.85	0
331.69	0
351.85	0
362.71	0
363.82	0
364.21	0
366.74	0
368.33	0
373.30	0
459.58	0
463.04	0
465.60	0
466.72	0
468.69	0
468.71	0
470.83	0
472.55	0
240.58	0
252.71	0
258.18	0
263.66	0
264.61	0
267.09	0
269.07	0
270.00	0
274.66	0
276.88	0
282.79	0
284.85	0
287.45	0
288.18	0
289.67	0
290.28	0
102.86	0
107.40	0
119.83	0
119.89	0
125.01	0
128.04	0
134.84	0
134.92	0
318.83	0
319.81	0
322.72	0
330.11	0
331.40	0
336.68	0
338.48	0
339.58	0
180.50	0
186.89	0
191.70	0
201.15	0
202.60	0
203.85	0
204.37	0
204.80	0
253.79	0
254.30	0
256.26	0
271.54	0
276.66	0
281.48	0
281.78	0
284.45	0
257.58	0
260.83	0
265.81	0
272.96	0
275.19	0
276.38	0
276.75	0
279.01	0
190.71	0
197.63	0
200.33	0
204.27	0
206.37	0
208.43	0
210.21	0
210.34	0
263.02	0
267.78	0
269.13	0
271.38	0
281.73	0
282.82	0
287.58	0
287.72	0
236.35	0
237.25	0
240.64	0
247.11	0
250.08	0
253.00	0
258.37	0
261.72	0
113.76	0
117.65	0
119.62	0
125.30	0
125.76	0
126.78	0
130.09	0
133.42	0
240.18	0
243.04	0
246.98	0
259.28	0
259.56	0
262.55	0
267.77	0
267.90	0
138.84	0
144.99	0
152.13	0
153.30	0
157.57	0
157.66	0
158.68	0
159.32	0
98.13	0
102.13	0
107.63	0
124.07	0
124.78	0
128.21	0
128.83	0
129.54	0
177.55	0
191.15	0
192.93	0
198.42	0
201.65	0
205.22	0
205.94	0
207.20	0
153.97	0
154.77	0
159.88	0
161.08	0
161.84	0
164.44	0
168.47	0
168.59	0
97.03	0
111.27	0
112.83	0
114.42	0
116.45	0
118.61	0
119.03	0
120.95	0
96.23	0
100.01	0
106.38	0
107.31	0
110.84	0
117.61	0
118.53	0
123.99	0
112.41	0
126.48	0
126.89	0
128.13	0
131.99	0
132.41	0
133.84	0
136.89	0
68.53	1
90.25	1
96.28	0
97.02	0
97.23	0
98.38	0
102.33	0
104.36	0
154.04	0
155.92	0
156.83	0
164.39	0
166.45	0
166.57	0
168.82	0
170.41	0
102.39	0
112.11	0
120.27	0
120.47	0
123.44	0
127.02	0
128.69	0
129.39	0
85.82	0
102.45	0
106.88	0
112.78	0
114.36	0
116.60	0
117.76	0
121.05	0
160.06	0
161.72	0
161.76	0
166.38	0
166.73	0
173.35	0
174.30	0
175.97	0
229.33	0
236.74	0
238.09	0
239.56	0
244.85	0
245.03	0
246.16	0
248.06	0
171.18	0
173.58	0
173.92	0
175.05	0
175.41	0
176.43	0
176.43	0
177.56	0
108.19	0
116.39	0
125.42	0
127.02	0
128.67	0
133.61	0
133.64	0
134.17	0
87.88	0
105.47	0
106.50	0
111.99	0
116.62	0
123.50	0
125.19	0
125.46	0
245.84	0
248.70	0
249.47	0
249.97	0
253.45	0
254.34	0
255.31	0
256.46	0
56.29	1
71.03	1
121.09	0
122.24	0
124.36	0
126.08	0
131.28	0
134.98	0
128.38	0
131.29	0
138.18	0
138.47	0
141.57	0
141.97	0
146.48	0
147.71	0
117.21	0
127.16	0
133.12	0
135.38	0
136.53	0
138.75	0
139.46	0
140.74	0
156.65	0
160.43	0
160.76	0
163.03	0
163.58	0
164.23	0
166.52	0
166.68	0
120.55	0
132.20	0
135.86	0
137.70	0
139.76	0
140.67	0
140.74	0
143.83	0
131.40	0
132.90	1
135.98	0
139.87	0
140.23	0
144.27	0
148.23	0
149.67	0
92.05	0
92.55	0
108.55	0
109.32	0
109.47	0
121.23	0
122.12	0
122.50	0
104.20	0
114.64	0
121.74	0
122.58	0
129.40	0
131.01	0
134.37	0
134.86	0
110.85	0
118.38	0
128.09	0
132.67	0
140.30	0
140.53	0
141.25	0
144.32	0
142.97	0
150.25	0
153.69	0
153.92	0
155.84	0
160.78	0
161.92	0
162.04	0
201.31	0
205.64	0
208.07	0
209.15	0
209.36	0
212.71	0
218.13	0
219.10	0
116.98	1
122.68	0
123.49	0
129.03	0
129.98	0
137.33	0
138.48	0
143.93	0
13.61	1
30.66	1
38.36	1
45.93	1
56.55	1
108.46	0
111.36	0
144.73	0
244.95	0
271.51	0
272.33	0
272.86	0
274.04	0
280.21	0
283.23	0
285.23	0
130.02	0
133.44	0
140.60	0
140.61	0
143.94	0
146.27	0
148.36	0
148.45	0
102.68	0
120.40	0
121.11	0
124.83	0
130.44	0
130.90	0
132.66	0
135.32	0
161.05	1
176.00	1
208.67	0
223.96	0
225.11	0
226.66	0
231.36	0
231.36	0
224.26	0
227.23	0
230.57	0
234.51	0
234.68	0
234.91	0
236.85	0
237.33	0
290.91	0
292.00	0
294.17	0
297.51	0
298.35	0
299.35	0
299.36	0
301.30	0
210.41	0
212.75	0
217.00	0
217.77	0
220.18	0
221.74	0
225.61	0
229.84	0
272.83	0
275.39	0
276.78	0
279.42	0
279.54	0
281.40	0
281.69	0
285.95	0
331.59	0
333.02	0
333.29	0
344.04	0
351.41	0
352.46	0
352.91	0
355.56	0
333.01	0
335.28	0
346.72	0
346.85	0
357.78	0
359.55	0
362.70	0
362.78	0
145.52	0
145.70	0
145.85	0
147.47	0
150.55	0
156.90	0
157.82	0
158.61	0
299.14	0
299.32	0
307.17	0
308.04	0
312.07	0
313.85	0
314.56	0
314.79	0
284.17	0
297.10	0
300.61	0
306.10	0
306.93	0
307.79	0
308.60	0
309.57	0
381.92	0
384.18	0
386.86	0
387.52	0
390.44	0
392.90	0
394.43	0
395.43	0
212.28	0
231.11	0
243.67	0
243.75	0
247.91	0
262.59	0
268.64	0
270.05	0
420.30	0
484.98	0
514.63	0
520.73	0
528.34	0
529.60	0
532.95	0
534.45	0
509.42	0
520.87	0
525.50	0
537.20	0
540.28	0
540.35	0
541.76	0
545.24	0
32.50	1
33.48	1
74.25	0
79.12	0
88.69	0
113.77	0
114.35	0
115.07	0
230.78	0
244.49	0
260.98	0
261.72	0
263.07	0
278.26	0
278.92	0
282.23	0
157.73	1
161.83	0
170.35	0
187.37	0
192.92	0
194.30	0
198.28	0
201.81	0
166.80	0
168.58	0
170.56	0
172.41	0
176.36	0
177.01	0
177.91	0
178.52	0
124.14	0
125.39	0
138.06	0
146.75	0
147.56	0
149.37	0
152.65	0
153.63	0
113.34	0
116.30	0
124.60	0
127.33	0
132.84	0
134.29	0
135.27	0
135.60	0
236.10	0
242.66	0
247.36	0
248.56	0
249.10	0
250.77	0
252.82	0
253.82	0
347.08	0
353.22	0
356.62	0
359.01	0
362.66	0
367.98	0
368.64	0
370.22	0
203.92	0
222.07	0
223.65	0
223.66	0
226.50	0
226.66	0
229.52	0
232.63	0
149.57	0
164.76	0
166.11	0
167.80	0
169.25	0
175.31	0
181.63	0
183.30	0
98.69	1
99.03	0
104.41	1
133.29	0
138.78	0
140.68	1
142.68	0
142.97	0
190.04	0
195.43	0
195.81	0
198.93	0
201.09	0
203.12	0
206.00	0
206.68	0
216.27	0
217.44	0
222.98	0
226.41	0
226.73	0
233.68	0
234.06	0
235.03	0
422.88	0
427.07	0
429.08	0
433.21	0
434.01	0
434.74	0
435.51	0
435.98	0
128.09	0
133.10	0
135.35	0
136.06	0
138.50	0
143.01	0
143.60	0
143.63	0
154.62	0
159.60	0
168.32	0
170.25	0
175.38	0
181.22	0
181.44	0
181.99	0
132.34	0
136.91	0
139.11	0
147.48	0
157.61	0
159.21	0
160.73	0
162.41	0
80.82	1
123.56	0
129.01	0
134.65	0
135.45	0
141.75	0
141.79	0
141.84	0
21.19	1
21.58	1
24.27	1
28.96	1
29.51	1
41.68	1
97.17	0
100.77	0
192.83	0
198.14	0
198.41	0
199.42	0
200.50	0
205.73	0
208.08	0
209.52	0
232.00	0
232.66	0
233.14	0
233.52	0
235.10	0
235.44	0
240.00	0
240.72	0
148.74	0
149.55	0
153.07	0
153.33	0
154.09	0
154.30	0
155.07	0
155.40	0
313.88	0
314.31	0
314.43	0
314.72	0
315.41	0
316.00	0
316.13	0
316.59	0
150.53	0
171.66	0
176.19	0
181.21	0
184.31	0
188.92	0
188.99	0
193.33	0
307.35	0
311.03	0
339.72	0
342.04	0
347.54	0
350.62	0
352.10	0
353.13	0
302.51	0
318.34	0
319.62	0
321.98	0
323.02	0
323.49	0
324.56	0
325.45	0
147.05	0
147.82	0
150.41	0
151.27	0
151.34	0
151.49	0
155.16	0
155.37	0
47.20	0
92.18	0
105.50	0
106.92	0
109.59	0
112.88	0
116.52	0
117.64	0
354.45	0
365.61	0
385.62	0
390.87	0
396.17	0
397.78	0
398.63	0
399.56	0
280.06	0
290.22	0
291.12	0
291.40	0
291.84	0
292.26	0
295.08	0
298.15	0
129.94	0
171.14	0
192.94	0
194.78	0
202.44	0
205.18	0
206.82	0
208.04	0
112.93	1
117.46	0
121.59	1
132.07	1
141.81	0
146.18	0
152.23	0
155.19	1
182.18	0
185.83	0
197.89	0
201.39	0
203.96	0
204.32	0
208.65	0
209.10	0
175.23	0
184.18	0
185.97	0
189.74	0
190.69	0
191.03	0
191.77	0
192.10	0
165.27	0
170.54	0
180.50	0
188.25	0
209.79	0
211.17	0
212.38	0
213.72	0
245.81	0
252.46	0
258.50	0
259.84	0
260.43	0
261.00	0
262.04	0
262.70	0
99.34	0
112.82	0
119.51	0
135.98	0
136.64	0
137.14	0
140.96	0
141.91	0
150.48	0
155.55	0
158.70	0
159.85	0
160.40	0
160.52	0
161.44	0
165.67	0
259.13	0
306.34	0
316.69	0
324.08	0
340.62	0
341.07	0
341.16	0
341.61	0
254.83	0
255.00	0
255.10	0
266.13	0
269.32	0
270.65	0
270.98	0
272.47	0
750.69	0
768.43	0
769.66	0
773.92	0
775.05	0
784.02	0
784.67	0
785.73	0
195.91	0
212.78	0
214.78	0
221.71	0
224.41	0
228.14	0
231.59	0
233.30	0
201.80	0
209.30	0
210.68	0
212.51	0
215.70	0
215.74	0
216.73	0
219.33	0
111.02	0
121.36	0
139.12	0
148.67	0
150.96	0
152.48	0
152.50	0
153.82	0
194.95	0
234.94	1
243.85	0
253.01	0
262.37	0
262.76	0
264.29	0
267.12	0
22.71	1
231.03	0
233.73	0
235.53	0
236.99	0
237.49	0
242.40	0
243.63	0
53.38	1
292.65	0
296.10	0
301.94	0
302.39	0
305.80	0
306.87	0
307.58	0
35.05	1
372.55	0
377.65	0
379.34	0
390.11	0
390.74	0
395.15	0
395.46	0
26.84	1
378.34	0
380.11	0
380.21	0
384.55	0
395.00	0
399.50	0
400.28	0
11.59	1
160.69	0
165.37	0
165.63	0
166.96	0
168.08	0
172.53	0
177.33	0
148.73	1
150.94	1
158.79	0
164.97	1
185.28	0
198.06	1
201.76	0
202.13	0
249.09	0
255.03	0
260.56	0
265.26	0
266.76	0
268.81	0
270.51	0
272.61	0
356.55	0
357.49	0
357.90	0
360.35	0
360.93	0
361.73	0
363.00	0
363.14	0
181.09	0
184.93	0
197.82	0
200.63	0
203.18	0
207.45	0
209.72	0
209.94	0
240.07	1
318.23	0
323.62	0
327.64	0
339.50	0
339.60	0
340.07	0
341.53	0
59.82	1
239.00	0
260.18	0
264.93	0
267.46	0
268.63	0
269.39	0
269.67	0
71.55	0
345.66	0
351.11	0
352.99	0
357.14	0
357.19	0
363.01	0
363.16	0
191.72	0
234.12	0
248.09	0
252.15	0
255.42	0
255.76	0
258.74	0
258.97	1
275.75	0
348.72	0
378.20	1
392.70	0
393.47	0
400.48	0
404.05	0
405.95	0
246.04	0
286.19	0
311.46	0
313.28	0
316.51	0
319.66	0
323.72	0
327.73	0
113.22	0
114.85	0
115.87	0
117.73	0
117.85	0
119.00	0
120.25	0
120.56	0
136.22	0
137.62	0
143.53	0
147.65	0
148.19	0
148.47	0
152.89	0
154.34	0
155.50	0
159.35	0
159.70	0
161.46	0
166.80	0
172.85	0
173.47	0
174.57	0
12.14	1
16.56	1
31.65	1
47.86	0
55.06	0
60.73	0
88.70	0
89.90	0
112.16	0
116.05	1
120.53	0
140.99	0
145.96	0
149.18	1
158.88	0
159.52	0
131.63	1
133.41	1
136.98	1
156.12	0
158.00	0
161.00	0
170.85	0
171.45	0
195.93	0
199.67	0
206.79	0
208.41	0
209.34	0
210.14	0
210.77	0
211.06	0
199.17	0
201.42	0
201.48	0
205.41	0
206.41	0
207.54	0
209.71	0
211.65	0
183.34	0
194.59	0
200.55	0
205.83	0
206.55	0
208.74	0
209.14	0
211.19	0
258.23	0
303.51	0
316.00	0
316.75	0
318.76	0
322.97	0
326.32	0
339.81	0
100.77	0
125.92	0
126.46	0
128.92	0
131.17	0
135.98	0
136.80	0
139.02	0
235.94	0
273.86	1
294.72	1
327.31	0
328.15	0
330.30	0
341.41	0
357.83	0
194.24	0
201.23	0
222.29	0
264.07	0
286.89	0
289.01	0
290.01	0
294.41	0
503.69	0
528.03	0
570.66	0
573.07	0
574.60	0
576.26	0
594.37	0
598.67	0
136.73	0
152.23	0
153.05	0
156.03	0
159.47	0
161.34	0
162.52	0
162.55	0
223.05	0
226.26	0
228.95	0
231.36	0
232.77	0
234.36	0
235.51	0
242.03	0
354.32	1
449.27	0
457.45	0
471.86	0
478.68	0
480.91	0
481.48	0
482.22	0
111.98	1
257.30	0
272.49	0
288.03	0
290.33	0
293.47	0
295.60	0
299.71	0
565.49	0
628.21	0
638.84	0
640.75	0
641.42	0
657.06	0
668.29	0
670.07	0
74.61	0
79.27	0
90.11	0
96.84	0
101.21	0
102.19	0
103.02	0
104.43	0
37.19	1
88.48	0
107.99	0
117.25	0
118.30	0
121.89	0
122.89	0
130.36	0
9.07	1
93.33	0
95.06	0
97.96	0
99.67	0
101.04	0
106.84	0
112.08	0
13.37	1
147.61	0
166.60	0
167.37	0
169.89	0
170.32	0
171.98	0
179.36	0
5.75	1
17.70	1
28.98	1
48.37	0
56.05	0
66.23	0
85.07	0
88.63	0
58.12	1
61.35	1
82.26	0
86.15	0
86.93	0
93.25	0
93.44	0
99.61	0
1.45	1
18.79	1
22.10	1
22.90	1
28.04	1
30.13	1
44.70	1
98.98	0
43.24	1
172.45	0
184.12	0
186.08	0
186.74	0
191.58	0
193.60	0
200.31	0
174.71	0
225.55	0
243.71	0
247.65	0
249.92	0
250.34	0
253.70	0
257.70	0
103.69	0
130.37	0
135.57	0
138.66	0
140.12	0
143.91	0
145.07	0
146.47	0
170.96	1
176.51	1
192.17	1
218.66	0
220.13	0
221.53	0
224.19	0
224.67	0
63.20	1
254.86	0
258.85	0
259.75	0
261.98	0
262.14	0
269.91	0
275.16	0
212.65	0
227.53	0
234.50	0
240.47	0
251.45	0
261.87	1
261.96	0
262.05	0
239.29	0
260.04	0
263.15	0
265.52	0
269.90	0
272.31	0
274.10	0
276.56	0
132.72	1
147.85	0
160.12	0
160.59	0
162.64	0
162.68	0
163.74	0
166.62	0
181.26	0
183.88	0
190.29	0
193.59	0
194.46	0
196.17	0
197.15	0
205.98	0
255.31	0
271.82	0
272.95	0
273.28	0
273.93	0
275.40	0
275.52	0
275.77	0
262.92	0
263.97	0
270.96	0
273.50	0
274.34	0
280.30	0
280.72	0
281.75	0
84.01	0
85.37	1
89.98	0
103.72	0
104.33	0
115.98	0
120.24	0
127.33	0
181.79	0
201.24	0
219.26	0
220.23	0
221.38	0
221.57	0
223.42	0
225.14	0
169.97	0
170.40	0
170.84	0
174.50	0
177.21	0
177.48	0
178.86	0
183.64	0
130.88	0
150.48	0
152.47	0
154.42	0
156.48	0
157.33	0
159.18	0
159.84	0
229.68	1
261.26	1
267.19	0
271.78	1
275.28	0
277.05	0
278.72	0
280.05	0
286.03	0
287.16	0
291.28	0
294.31	0
295.31	0
296.67	0
299.94	0
300.23	0
88.43	0
108.03	0
137.41	0
144.44	0
145.61	0
146.61	0
149.30	0
150.16	0
213.94	1
214.36	1
221.83	0
247.21	0
253.81	0
254.85	1
260.09	0
260.16	0
213.94	0
280.74	0
287.37	0
289.15	0
290.32	0
298.98	0
304.95	0
307.05	0
232.04	0
240.83	0
241.21	0
247.08	0
254.38	0
256.09	0
256.53	0
256.73	0
186.73	0
197.84	0
204.83	0
206.15	0
206.84	0
208.27	0
208.30	0
211.23	0
167.23	0
170.83	0
197.55	0
198.16	0
208.51	0
214.06	0
214.39	0
214.72	0
125.77	1
151.30	0
153.73	0
157.49	0
157.98	0
165.24	0
166.52	0
168.17	0
164.46	0
165.17	0
171.38	0
173.08	0
173.79	0
182.30	0
183.92	0
184.28	0
235.05	0
235.65	0
243.46	0
245.71	0
247.68	0
248.01	0
250.12	0
261.40	0
217.28	0
225.79	0
228.81	0
236.24	0
236.68	0
236.84	0
238.27	0
238.93	0
126.32	0
128.01	0
128.89	0
129.56	0
131.27	0
135.50	0
138.38	0
139.40	0
218.32	0
219.22	0
224.13	0
229.78	0
232.34	0
232.67	0
238.19	0
247.65	0
228.29	0
228.50	0
228.96	0
230.73	0
231.92	0
234.07	0
236.57	0
236.86	0
119.25	0
123.70	0
124.18	0
128.07	0
129.03	0
133.19	0
133.68	0
133.82	0
33.55	1
72.38	1
76.80	1
78.43	0
84.58	0
90.60	0
91.36	0
103.26	0
1.44	1
2.10	1
18.43	1
23.12	1
24.49	1
28.11	1
31.40	1
45.64	1
242.24	0
250.63	0
255.02	0
256.79	0
258.62	0
263.59	0
268.54	0
271.33	0
276.79	0
310.12	0
327.61	0
330.28	0
330.35	0
332.48	0
332.71	0
332.96	0
423.30	0
555.55	1
563.55	1
600.62	0
604.91	0
609.46	0
614.20	0
617.46	0
357.13	0
397.68	1
398.27	1
402.49	0
402.78	0
403.94	0
404.51	0
406.70	0
327.91	0
335.24	0
336.39	0
338.40	0
339.24	0
342.00	0
342.99	0
343.54	0
250.25	0
269.18	0
271.54	0
271.96	0
286.89	0
290.34	0
290.37	0
294.06	0
395.44	0
401.51	0
407.03	0
412.13	0
413.11	0
416.29	0
417.08	0
417.30	0
240.23	0
241.71	1
246.23	0
250.19	0
253.99	0
254.82	0
254.85	0
259.70	0
332.42	0
347.05	0
364.91	0
365.49	0
368.58	0
371.90	0
377.97	0
384.82	0
401.96	0
411.34	0
423.44	0
430.11	0
441.35	0
442.83	0
444.24	0
446.20	0
196.39	0
237.71	0
244.55	0
255.25	0
255.57	0
255.64	0
256.59	0
257.46	0
155.94	1
166.19	0
179.15	0
179.89	0
181.54	0
183.18	0
183.82	0
190.78	0
126.61	0
147.02	0
157.53	0
160.38	0
162.53	0
166.05	0
166.47	0
168.56	0
269.65	0
276.05	0
276.71	0
278.61	0
281.23	0
281.28	0
281.42	0
281.87	0
167.42	1
177.22	0
180.80	1
182.04	0
189.15	0
191.82	0
192.25	1
202.94	0
238.27	0
241.63	0
270.32	0
282.04	0
283.94	0
284.18	0
289.87	0
290.79	0
356.96	0
361.44	0
366.59	0
368.62	0
370.05	0
372.95	0
373.04	0
373.63	0
225.58	0
233.21	0
234.97	0
239.71	0
241.55	0
247.04	0
254.78	0
260.38	0
162.60	0
166.75	0
170.36	0
173.10	0
182.09	0
182.82	0
183.22	0
184.87	0
173.39	0
187.60	0
190.96	0
194.07	0
195.54	0
195.92	0
197.51	0
199.67	0
130.02	0
132.41	0
133.86	0
140.39	0
140.81	0
141.69	0
142.21	0
146.73	0
117.97	1
118.50	0
119.48	0
122.26	0
123.49	0
124.56	0
125.87	0
127.30	0
84.93	0
86.60	0
90.76	0
94.78	0
97.92	0
101.48	0
102.45	0
105.74	0
7.85	1
13.61	1
14.19	1
17.10	1
32.76	1
56.58	0
68.24	0
69.05	0
91.10	0
101.81	1
126.54	0
128.01	0
128.03	0
128.57	0
132.57	0
135.07	0
160.44	0
183.32	0
183.91	0
185.26	0
185.31	0
186.11	0
186.52	0
186.62	0
135.63	0
136.18	0
137.37	0
141.91	0
143.24	0
144.61	0
144.65	0
147.07	0
121.18	0
121.95	0
128.22	0
129.81	0
129.81	0
133.05	0
135.75	0
136.11	0
20.30	1
27.74	1
38.34	1
49.03	0
49.80	0
57.33	0
68.76	0
72.00	0
132.47	0
137.29	0
139.78	0
141.74	0
143.22	0
144.54	0
144.62	0
149.84	0
68.36	1
75.96	1
83.10	1
95.49	0
100.34	0
101.39	0
104.47	0
110.09	0
133.11	0
136.23	0
139.19	0
142.25	0
142.92	0
145.55	0
151.70	0
154.67	0
107.49	1
114.09	0
120.53	1
124.22	0
132.32	0
143.22	0
144.78	0
146.38	0
153.97	1
178.88	0
181.56	0
182.54	0
183.78	0
185.18	0
187.16	0
188.26	0
232.61	0
233.02	0
237.89	0
240.21	0
241.10	0
241.55	0
241.60	0
242.77	0
218.89	0
223.59	0
224.29	0
226.04	0
227.14	0
228.69	0
231.09	0
232.70	0
80.39	1
91.53	0
91.93	1
103.51	0
103.86	0
109.92	0
111.13	0
117.74	0
104.36	0
108.61	1
110.32	0
115.79	1
120.36	0
128.60	0
133.87	0
145.28	0
162.32	1
173.33	0
190.91	0
217.54	0
225.19	0
229.17	0
235.80	0
241.99	0
4.88	1
44.64	1
64.39	0
80.99	0
92.78	0
94.82	0
96.95	0
102.52	0
1.92	1
14.90	1
66.02	0
88.80	0
89.71	0
89.90	0
91.97	0
93.21	0
5.60	1
104.59	0
114.59	0
115.56	0
118.76	0
120.31	0
121.74	0
122.99	0
1.42	1
83.25	0
84.92	0
88.72	0
91.14	0
94.22	0
95.32	0
96.03	0
46.16	1
172.62	1
177.91	0
189.09	0
197.92	0
215.67	0
220.66	0
221.34	0
18.79	1
43.93	1
146.74	0
162.58	0
164.27	0
166.48	0
168.17	0
170.06	0
95.51	1
218.13	0
253.97	0
293.72	0
301.01	0
304.28	0
314.76	0
316.42	0
19.39	1
154.97	1
179.76	0
200.64	0
210.35	0
222.22	0
222.35	0
223.81	0
134.95	1
161.43	1
163.60	0
173.31	1
195.43	1
197.23	0
198.71	1
219.19	0
4.08	1
4.23	1
4.25	1
13.61	1
20.63	1
21.18	1
21.38	1
28.79	1
150.66	1
154.46	0
158.72	0
194.81	0
196.00	0
198.45	0
202.05	0
204.33	0
236.36	0
236.86	0
297.66	0
310.09	0
362.07	0
364.17	0
368.84	0
369.82	0
240.39	0
397.22	0
399.79	0
403.66	0
408.83	0
417.80	0
420.52	0
420.75	0
271.33	0
299.16	0
301.71	0
302.88	0
303.98	0
304.93	0
306.09	0
306.31	0
73.37	1
161.58	0
216.31	0
223.80	0
229.61	0
232.61	0
233.99	0
234.61	0
330.98	0
333.58	0
351.77	0
361.21	0
363.81	0
368.10	0
371.01	0
371.58	0
239.78	0
241.49	0
242.49	0
244.58	0
245.03	0
245.60	0
246.07	0
246.43	0
108.31	0
126.00	0
148.34	0
148.81	0
153.11	1
155.74	0
158.45	1
159.31	0
393.63	0
397.21	0
424.24	0
427.73	0
442.36	0
442.82	0
448.96	0
454.82	0
468.56	0
471.62	0
482.90	0
483.36	0
483.75	0
484.84	0
489.87	0
493.22	0
24.16	1
28.97	1
32.95	1
33.37	1
36.32	1
40.20	1
68.81	0
70.14	0
114.16	1
131.96	0
142.77	0
142.80	0
145.39	0
153.29	0
154.37	0
155.55	0
205.30	0
233.58	0
234.53	0
239.73	0
240.90	0
242.12	0
245.45	0
246.60	0
62.13	1
81.58	1
85.71	0
98.08	0
99.06	0
100.39	0
100.49	0
100.50	0
283.28	1
285.34	0
290.90	0
298.35	0
299.70	0
302.01	0
304.05	0
307.39	0
144.81	1
247.57	0
269.73	0
273.13	0
275.42	0
277.90	0
278.39	0
279.34	0
84.64	0
118.52	0
118.65	0
125.12	0
127.38	0
128.39	0
129.48	0
130.08	0
146.69	0
176.53	1
177.47	0
182.45	0
185.05	1
186.36	0
200.48	0
201.02	0
102.92	1
256.73	0
284.68	0
295.05	0
333.78	0
334.52	0
334.90	0
337.36	0
11.03	1
236.27	0
246.21	0
246.38	0
253.28	0
254.00	0
255.86	0
256.92	0
5.50	1
193.73	0
197.72	0
204.23	0
211.12	0
212.09	0
213.57	0
214.64	0
78.28	0
80.80	0
85.74	0
86.68	1
110.65	0
111.50	1
113.62	0
113.91	0
112.47	0
119.01	1
151.09	0
151.98	1
154.77	1
159.99	0
160.96	0
161.03	0
146.41	1
157.32	1
200.75	0
238.90	0
240.31	0
240.71	0
244.50	0
244.63	0
58.08	1
58.63	1
75.36	1
80.93	1
96.35	0
108.28	0
115.44	0
123.84	0
0.95	1
1.48	1
1.70	1
4.29	1
20.38	1
20.73	1
23.15	1
28.09	1
99.86	1
171.33	1
175.17	0
190.51	0
204.28	0
204.31	0
207.61	0
212.88	0
290.25	0
295.44	0
297.08	0
297.18	0
299.03	0
299.07	0
300.07	0
302.05	0
135.25	0
139.42	0
139.96	0
140.74	0
141.42	0
142.40	0
142.66	0
144.60	0
235.88	0
250.22	0
254.04	0
266.89	0
282.63	0
286.86	0
286.99	0
287.57	0
246.38	0
280.98	0
288.53	1
301.35	0
301.38	0
301.87	1
305.29	1
308.95	0
308.99	0
353.06	0
368.95	0
378.38	0
381.62	0
382.80	0
383.00	0
384.54	0
197.32	0
202.08	0
207.57	0
208.52	0
208.65	0
209.24	0
209.39	0
210.31	0
104.97	0
107.80	0
108.83	0
114.04	0
124.87	0
125.58	1
128.23	1
128.55	1
232.32	0
243.56	0
246.39	0
250.28	0
250.87	0
254.13	0
264.12	0
272.57	0
316.98	0
317.77	0
323.96	0
324.54	0
325.46	0
325.82	0
326.47	0
327.65	0
74.84	0
93.98	1
108.62	1
115.95	0
125.74	0
127.80	1
129.41	0
132.37	0
83.51	0
115.22	0
133.19	0
152.58	0
155.40	0
157.75	0
161.26	0
166.90	0
193.28	0
205.40	0
207.35	0
208.36	0
214.09	0
218.16	0
219.87	0
220.54	0
114.90	1
126.27	0
127.11	0
129.32	0
134.07	0
136.58	0
137.78	0
137.82	0
94.15	0
114.38	0
119.42	0
124.62	0
146.32	0
149.56	0
151.54	0
152.61	0
273.27	0
296.32	0
298.01	0
298.64	0
308.15	0
308.37	0
308.57	0
309.65	0
244.68	0
250.88	0
251.81	0
253.55	0
253.91	0
258.52	0
258.89	0
259.25	0
189.57	0
198.29	0
199.19	0
202.80	0
203.15	0
204.36	0
204.84	0
204.91	0
191.34	0
197.47	0
199.63	0
202.63	0
204.63	0
204.77	0
205.95	0
207.39	0
166.73	0
169.96	0
170.22	0
171.35	0
172.13	0
177.43	0
179.79	0
181.89	0
112.51	0
115.98	0
122.37	0
126.54	0
127.01	0
133.52	0
133.73	0
136.13	0
205.19	0
227.11	0
239.82	0
250.03	0
253.13	0
253.29	0
253.36	0
253.71	0
25.89	1
34.53	1
56.90	1
62.27	1
62.99	1
65.01	0
76.27	0
81.42	0
2.53	1
2.64	1
2.67	1
3.16	1
3.54	1
16.59	1
22.96	1
23.34	1
151.76	0
170.93	0
174.67	0
175.06	0
178.37	0
204.43	0
204.84	0
209.00	0
180.13	0
196.65	1
211.32	1
211.54	0
217.45	0
220.16	0
237.93	0
238.98	0
248.87	0
253.27	0
253.54	0
254.88	0
255.05	0
255.41	0
255.47	0
256.18	0
277.47	0
278.57	0
284.02	0
285.83	0
288.61	0
290.04	0
293.36	0
296.23	0
17.96	1
39.03	1
43.96	1
109.94	0
111.93	0
111.97	0
120.80	0
127.68	0
7.03	1
16.48	1
17.24	1
82.70	0
82.91	0
94.40	0
100.95	0
102.35	0
16.91	1
100.25	0
106.76	0
112.19	0
120.76	0
121.84	0
125.67	0
126.14	0
108.76	0
127.90	0
148.47	0
189.69	0
190.29	0
197.06	0
199.56	0
199.91	0
264.80	0
275.28	0
275.82	0
277.82	0
280.51	0
281.50	0
281.77	0
281.78	0
407.47	0
413.94	0
417.28	0
425.61	0
433.02	0
434.50	0
438.51	0
445.22	0
227.57	0
228.46	0
228.69	0
230.38	0
237.60	0
238.00	0
238.28	0
243.69	0
174.88	1
190.89	1
237.49	0
256.53	0
263.74	0
281.32	0
313.41	0
316.77	0
67.51	1
71.73	1
149.07	1
151.49	1
171.76	0
179.74	0
199.26	0
202.81	0
208.44	0
248.06	0
314.02	0
321.93	0
330.28	0
333.29	0
339.66	0
342.36	0
194.53	0
194.81	0
205.19	0
205.21	0
205.68	0
210.28	0
212.63	0
213.66	0
233.51	0
236.52	0
246.40	0
255.85	0
256.92	0
257.46	0
257.53	0
259.35	0
174.15	0
175.00	0
176.80	0
178.88	0
179.07	0
183.86	0
184.47	0
184.95	0
181.25	0
183.60	0
187.94	0
193.59	0
195.15	0
201.69	0
201.71	0
203.19	0
233.11	0
243.07	0
245.64	0
252.71	0
256.99	0
260.24	0
261.14	0
261.92	0
269.32	0
287.77	0
299.75	0
300.68	0
301.61	0
301.64	0
301.94	0
302.02	0
228.34	0
230.49	0
231.90	0
236.19	0
243.10	0
244.95	0
245.87	0
246.63	0
89.06	1
93.92	0
124.57	1
128.48	1
128.85	0
129.71	0
130.37	0
130.47	1
118.22	0
129.29	0
131.68	0
137.51	0
139.78	0
140.48	0
140.77	0
141.91	0
57.80	1
67.07	1
74.36	1
160.87	0
170.65	0
175.61	0
178.48	0
178.53	0
25.35	1
49.32	1
54.28	1
61.67	1
71.05	0
75.32	0
81.72	0
84.22	1
50.90	1
58.45	1
95.24	1
130.98	0
156.33	0
157.05	0
157.57	0
160.43	0
209.62	0
214.61	0
216.72	0
223.14	0
230.28	0
230.92	0
231.26	0
235.34	0
135.72	0
172.19	0
173.02	0
174.00	0
175.68	0
181.72	0
183.01	0
188.07	0
158.46	0
164.53	0
170.95	0
175.72	0
179.34	0
180.72	0
180.82	0
180.90	0
169.40	0
170.22	0
177.04	0
181.78	0
183.79	0
187.06	0
192.04	0
193.43	0
122.31	0
123.68	0
126.26	0
127.96	0
128.83	0
129.84	0
134.85	0
135.32	0
157.12	0
158.66	0
163.95	0
164.82	0
168.40	0
170.87	0
171.68	0
171.78	0
140.15	0
245.59	0
255.83	0
256.33	0
260.11	0
260.45	0
261.11	0
261.13	0
128.01	0
132.81	0
154.41	0
162.44	0
166.85	0
170.82	0
171.55	0
171.83	0
225.23	0
299.54	0
307.73	0
312.94	0
317.13	0
318.54	0
319.46	0
320.17	0
132.14	1
147.74	0
194.37	0
196.07	0
196.17	0
197.77	0
200.75	0
203.18	0
132.33	1
223.26	0
225.03	0
225.42	0
225.89	0
225.91	0
228.52	0
230.58	0
8.57	1
133.36	0
133.40	0
152.92	0
154.56	0
157.67	0
159.60	0
160.11	0
89.14	0
119.93	0
121.80	0
128.61	0
130.59	0
132.50	0
133.65	0
134.15	0
168.41	0
176.24	0
180.78	0
181.53	0
181.76	0
185.16	0
186.73	0
188.17	0
35.30	1
36.29	1
37.22	1
57.94	1
63.18	1
73.94	0
75.59	1
89.15	0
3.56	1
3.87	1
4.04	1
4.22	1
4.29	1
4.65	1
13.84	1
22.79	1
229.18	0
232.72	0
232.76	0
235.39	0
235.73	0
240.31	0
241.65	0
242.65	0
185.67	0
186.43	0
191.91	0
195.15	0
198.72	0
199.35	0
199.57	0
200.50	0
227.67	0
254.70	0
258.58	0
261.31	0
261.31	0
262.76	0
265.96	0
266.72	0
165.18	0
177.50	0
201.78	0
207.09	0
226.61	0
228.35	0
229.10	0
230.86	0
199.86	0
239.27	0
267.93	0
273.81	0
274.23	0
283.25	0
287.47	0
287.83	0
93.95	0
119.92	0
132.78	0
133.92	0
140.04	0
140.61	0
142.36	0
144.06	0
75.72	0
83.48	0
92.03	0
98.72	0
101.24	0
106.58	0
107.09	0
107.86	0
41.94	1
134.21	0
135.36	0
135.48	0
137.53	0
138.42	0
143.65	0
145.39	0
256.49	0
272.32	0
275.43	0
291.15	0
291.63	0
293.14	0
294.12	0
302.45	0
246.40	0
251.06	0
259.68	0
274.04	0
274.36	0
274.50	0
275.02	0
279.11	0
104.74	0
111.21	0
111.78	0
112.80	0
114.75	0
118.10	0
118.30	0
120.06	0
128.05	1
131.59	0
131.91	0
135.37	0
135.64	0
137.18	0
139.05	0
139.68	0
136.39	0
137.57	0
138.86	0
138.93	0
141.78	0
144.67	0
148.20	0
151.64	0
156.90	0
158.32	0
161.27	0
162.58	0
165.34	0
165.72	0
166.05	0
172.58	0
77.57	0
92.62	0
96.11	0
107.51	0
111.87	0
112.05	0
115.47	0
117.10	0
81.38	1
84.63	0
99.86	1
118.72	0
119.15	1
125.39	0
126.81	0
127.86	0
109.53	0
112.81	0
114.67	0
115.50	0
116.23	0
116.99	0
119.66	0
121.17	0
31.05	1
37.04	1
39.56	1
39.89	1
66.27	1
70.86	1
75.43	0
76.13	0
1.75	1
1.85	1
2.08	1
2.14	1
3.12	1
3.61	1
3.92	1
17.62	1
224.55	0
225.26	0
226.42	0
229.48	0
230.62	0
232.72	0
235.31	0
236.00	0
42.96	1
45.09	1
109.49	0
120.77	0
126.18	0
126.82	0
128.09	0
129.23	0
109.11	0
114.75	0
124.78	0
126.10	0
127.74	0
128.07	0
128.82	0
129.32	0
75.68	1
87.94	0
90.87	0
94.57	0
97.13	1
106.92	0
108.82	0
117.77	0
18.22	1
118.87	0
136.80	0
140.27	0
146.62	0
150.41	0
158.59	0
160.29	0
2.55	1
135.75	0
135.99	0
136.37	0
137.34	0
140.61	0
140.87	0
141.78	0
9.45	1
108.11	0
124.22	0
124.69	0
125.22	0
125.25	0
128.62	0
129.27	0
4.78	1
21.60	1
27.67	1
36.48	1
43.25	1
47.43	1
47.78	0
48.96	0
5.45	1
135.13	0
136.29	0
139.77	0
140.25	0
142.45	0
145.76	0
145.99	0
37.19	1
68.29	1
74.55	0
108.70	1
111.81	1
115.35	0
117.59	1
123.39	1
8.12	1
114.20	0
123.70	0
128.30	0
135.28	0
135.91	0
136.00	0
138.28	0
53.63	0
99.67	0
109.11	1
116.02	0
126.68	0
131.77	0
141.88	0
147.74	0
40.76	1
135.30	0
187.42	0
201.58	0
205.00	0
220.37	0
221.39	0
222.54	0
15.62	1
222.48	0
225.05	0
227.20	0
227.22	0
227.52	0
230.63	0
230.65	0
67.35	1
98.98	0
105.09	0
107.67	0
107.92	0
108.22	0
110.75	0
110.77	0
56.02	0
126.48	0
148.41	0
157.63	0
159.44	0
160.15	0
161.72	0
162.98	0
7.83	1
136.57	0
136.80	0
138.45	0
139.87	0
142.27	0
142.43	0
145.80	0
87.64	0
101.84	0
114.45	0
115.77	0
116.51	0
120.05	0
121.11	0
122.09	0
9.16	1
17.01	1
27.47	1
31.94	1
44.82	0
45.65	0
46.41	1
51.90	0
97.70	0
98.13	0
101.03	0
104.75	0
105.67	0
105.94	0
107.26	0
108.85	0
61.79	1
74.98	1
80.38	1
84.33	1
86.68	1
95.70	1
105.03	0
105.85	0
16.37	1
110.07	0
127.34	0
134.35	0
136.16	0
136.20	0
137.64	0
140.19	0
258.45	0
264.11	0
265.47	0
265.57	0
267.18	0
272.80	0
275.04	0
275.13	0
72.00	1
100.32	1
131.09	0
137.63	0
139.84	0
144.81	0
146.02	0
146.44	0
203.60	0
206.06	0
209.25	0
214.41	0
216.91	0
219.22	0
221.11	0
226.32	0
204.29	0
205.29	0
206.51	0
206.90	0
208.75	0
211.43	0
214.11	0
215.47	0
256.77	0
259.20	0
259.83	0
262.38	0
262.69	0
268.99	0
270.37	0
270.88	0
178.91	0
179.36	0
184.73	0
193.46	0
197.66	0
197.81	0
198.32	0
199.41	0
144.64	0
167.09	0
170.81	0
171.98	0
176.31	0
181.83	0
182.87	0
183.73	0
150.29	0
172.87	0
182.66	0
183.39	0
183.47	0
185.98	0
187.81	0
189.73	0
100.87	1
171.06	0
212.91	0
217.60	0
221.09	0
222.67	0
224.26	0
227.42	0
156.46	1
206.01	0
212.13	0
216.99	0
222.20	0
226.60	0
230.36	0
232.16	0
104.44	1
118.07	0
129.81	1
131.75	1
139.04	0
141.79	0
169.33	1
172.99	0
124.24	0
126.21	0
127.38	0
128.85	0
129.14	0
129.53	0
130.71	0
134.88	0
230.31	0
235.32	0
236.67	0
241.83	0
242.84	0
243.24	0
244.26	0
245.75	0
143.88	0
147.45	0
150.20	0
154.71	0
155.10	0
155.58	0
157.68	0
161.47	0
131.99	0
132.88	0
136.79	0
148.13	0
152.70	0
157.11	0
158.97	0
161.12	1
158.89	0
181.45	1
182.41	0
201.71	0
205.20	1
206.30	1
207.86	0
210.24	1
187.55	0
216.26	0
218.45	0
220.17	0
220.86	0
221.78	0
222.41	0
222.55	0
198.97	0
199.24	0
199.51	0
203.62	0
205.23	0
208.96	0
209.45	0
210.38	0
74.17	1
75.66	0
78.73	1
81.13	1
82.45	1
97.48	0
98.02	0
100.51	0
287.53	0
316.88	0
333.82	0
345.18	0
347.15	0
356.46	0
357.35	0
359.23	0
235.16	0
236.78	0
244.28	0
247.34	0
250.47	0
251.14	0
252.13	0
253.31	0
56.42	1
126.67	0
127.76	0
127.77	0
130.03	0
131.39	0
131.51	0
132.98	0
125.69	0
135.90	0
136.74	0
138.31	0
140.66	0
141.31	0
142.20	0
143.12	0
260.13	0
266.09	0
267.35	0
267.66	0
268.38	0
272.72	0
277.35	0
277.72	0
210.13	1
233.98	0
243.14	0
245.95	0
246.12	0
247.01	1
247.70	0
247.93	0
272.26	0
278.10	0
280.08	0
283.94	0
285.01	0
290.00	0
291.69	0
294.71	0
249.03	0
250.26	0
250.32	0
255.20	0
255.78	0
265.21	0
265.82	0
267.77	0
104.59	0
113.40	0
115.81	0
117.77	0
117.98	0
118.73	0
118.76	0
118.83	0
103.71	1
106.11	0
117.33	0
127.44	0
132.24	0
142.52	0
145.78	0
154.80	0
177.89	0
179.72	0
184.34	0
185.15	0
194.51	0
200.01	0
204.58	0
205.71	0
22.13	1
22.66	1
24.83	1
29.02	1
38.60	1
56.26	1
59.90	1
68.09	1
3.07	1
3.11	1
3.33	1
3.33	1
3.34	1
3.81	1
4.40	1
4.78	1
132.30	0
145.13	0
148.50	0
157.70	0
169.36	0
178.51	0
187.14	0
190.23	0
179.99	0
180.06	0
180.12	0
180.78	0
182.92	0
183.36	0
185.00	0
185.62	0
103.21	1
107.79	0
115.79	1
116.73	0
118.08	0
128.87	1
134.79	0
135.32	1
99.61	1
106.93	0
107.26	1
124.19	1
124.79	0
125.10	1
132.84	0
134.73	1
100.24	1
107.16	1
140.36	0
142.96	0
151.07	0
152.41	0
153.84	0
154.59	0
10.20	1
13.51	1
93.74	0
94.08	0
96.26	0
98.28	0
103.16	0
103.56	0
14.95	1
19.80	1
155.93	0
161.44	0
168.87	0
169.92	0
177.42	0
178.04	0
51.58	1
189.77	0
193.83	0
195.07	0
219.36	0
220.03	0
223.39	0
223.82	0
35.23	1
64.35	1
84.23	1
106.53	0
109.47	0
110.99	0
114.00	0
116.76	0
116.14	0
116.22	1
116.36	0
117.44	1
121.77	1
129.01	1
137.45	0
141.39	1
237.41	0
246.08	0
246.14	0
247.95	0
256.50	0
257.97	0
259.06	0
259.33	0
245.40	0
254.33	0
259.80	0
260.70	0
260.97	0
261.80	0
261.99	0
263.24	0
264.47	0
274.65	0
275.43	0
277.71	0
278.47	0
280.04	0
283.11	0
284.02	0
267.39	0
292.14	0
299.50	0
300.41	0
302.65	0
306.96	0
307.45	0
307.79	0
294.18	0
339.12	0
350.36	0
359.94	0
364.25	0
364.96	0
367.09	0
367.88	0
174.07	0
179.97	0
180.72	0
181.89	0
188.75	0
190.91	0
191.32	0
192.95	0
118.38	0
119.53	0
125.38	0
131.16	0
135.61	0
137.02	0
137.07	0
139.58	0
409.92	0
433.92	0
435.12	0
435.34	0
437.22	0
439.25	0
439.56	0
442.46	0
128.66	1
132.81	1
133.57	0
151.07	0
158.38	0
159.35	0
162.45	0
163.44	0
118.62	0
124.94	1
127.99	1
143.88	0
147.46	1
149.40	0
151.05	0
153.50	1
170.07	0
171.34	0
191.18	0
195.55	0
197.69	0
197.91	0
202.48	0
202.51	0
49.48	1
60.24	1
64.32	1
78.53	0
79.24	0
81.95	0
82.32	0
84.18	0
134.15	1
180.42	1
191.26	0
202.73	0
225.02	0
226.82	0
230.85	0
231.46	0
16.87	1
18.05	1
243.97	0
245.73	0
246.20	0
249.08	0
250.69	0
252.22	0
9.67	1
11.47	1
188.14	0
197.23	0
202.53	0
209.68	0
215.06	0
216.07	0
62.60	0
64.26	1
72.68	1
93.12	1
99.41	0
101.67	0
102.13	0
102.72	1
116.40	0
122.83	0
128.83	0
131.72	0
135.38	0
136.73	0
137.37	0
137.39	0
12.55	1
12.59	1
29.91	1
36.85	1
67.88	0
69.00	0
77.65	0
79.01	0
4.09	1
8.52	1
12.77	1
13.49	1
74.98	0
76.72	0
93.36	0
95.87	0
6.50	1
18.75	1
95.40	0
101.44	0
102.15	0
112.79	0
115.15	0
119.16	0
11.37	0
122.19	1
132.84	1
168.78	0
170.21	0
202.85	0
207.28	0
208.30	0
107.58	1
132.42	1
166.34	0
168.71	0
169.64	0
169.82	0
170.42	0
174.23	0
119.16	0
130.16	0
131.59	0
141.84	0
143.26	0
143.54	0
144.40	0
145.32	0
149.99	0
154.62	0
154.88	0
156.43	0
161.26	0
162.60	0
165.58	0
166.38	0
68.20	0
69.03	1
92.88	0
99.18	0
105.60	0
107.82	0
109.64	1
113.32	1
109.67	0
112.07	0
118.09	0
118.73	0
119.20	0
119.92	0
120.15	0
123.60	0
118.69	1
131.08	0
131.18	0
135.25	0
135.94	0
137.46	0
138.14	0
141.36	0
170.55	0
172.96	1
175.06	0
176.54	1
177.37	0
179.63	0
182.51	0
186.20	0
105.14	1
109.49	0
110.54	0
111.49	0
113.72	1
116.92	0
118.40	1
119.52	1
186.70	0
209.74	0
212.58	0
212.91	0
212.97	0
213.96	0
215.05	0
215.16	0
216.77	0
224.83	0
226.49	0
227.30	0
230.57	0
230.79	0
232.41	0
232.89	0
226.45	0
229.09	0
233.42	0
235.64	0
235.73	0
237.03	0
237.40	0
238.01	0
143.75	0
148.07	0
161.43	0
162.15	0
163.45	0
165.50	0
165.75	0
166.67	0
191.79	0
215.36	0
216.43	0
223.72	0
225.99	0
226.36	0
227.73	0
228.52	0
282.17	0
285.33	0
290.48	0
296.71	0
306.14	0
308.42	0
322.26	0
326.77	0
203.72	0
229.58	0
231.11	0
232.31	0
233.97	0
234.13	0
236.27	0
236.91	0
52.99	0
72.50	0
80.64	0
91.69	0
92.71	0
93.98	0
97.10	0
109.05	0
55.19	1
120.87	0
133.53	0
137.26	0
138.67	0
138.99	0
139.34	0
139.47	0
21.59	1
24.74	1
27.17	1
31.47	1
33.05	1
45.56	1
61.47	1
66.29	0
1.34	1
1.37	1
1.39	1
1.64	1
1.79	1
2.31	1
2.89	1
3.65	1
61.81	1
113.13	1
141.53	1
168.89	0
171.65	0
187.74	0
190.09	0
197.78	0
63.74	1
230.43	0
246.13	0
246.96	0
267.66	0
272.82	0
275.15	0
280.92	0
2.07	1
125.74	0
129.51	0
133.39	0
137.82	0
138.43	0
138.62	0
139.23	0
160.57	0
169.64	0
173.23	0
197.26	0
198.14	0
198.60	0
203.22	0
211.17	0
100.21	1
113.64	1
114.55	0
115.78	0
121.30	0
128.98	1
129.88	0
132.53	0
195.73	0
198.33	0
198.40	0
198.87	0
199.44	0
201.10	0
202.24	0
203.56	0
174.61	0
176.56	0
176.76	0
181.48	0
182.23	0
184.19	0
184.23	0
185.00	0
117.31	1
121.29	0
133.53	0
135.39	0
139.40	0
140.14	0
142.91	0
149.83	0
108.83	0
111.24	0
118.93	0
136.32	0
139.19	0
142.16	0
145.13	0
148.94	0
96.79	0
104.80	0
106.43	0
107.09	0
107.15	0
108.97	0
110.36	0
110.75	0
68.23	1
117.39	1
123.36	0
124.74	0
126.04	0
132.87	0
138.45	0
139.53	0
179.91	0
180.21	0
180.43	0
183.06	0
183.48	0
188.24	0
190.33	0
190.89	0
187.13	0
214.66	0
215.43	0
215.85	0
217.48	0
217.99	0
219.25	0
220.98	0
106.67	1
213.58	0
217.85	0
219.25	0
219.62	0
223.27	0
224.69	0
225.18	0
156.08	0
159.64	0
161.41	0
161.68	0
162.01	0
163.61	0
163.91	0
165.77	0
49.54	1
100.69	0
107.56	0
108.89	0
111.99	0
114.49	0
115.38	0
115.85	0
156.49	0
157.98	0
159.31	0
160.32	0
160.38	0
161.93	0
163.42	0
163.75	0
153.79	0
154.30	0
154.49	0
154.80	0
155.00	0
156.79	0
158.25	0
160.84	0
36.83	1
37.20	1
38.72	1
112.02	0
115.68	0
118.86	0
121.22	0
121.97	0
46.79	1
69.52	0
71.91	0
78.74	0
80.10	0
81.02	0
83.22	0
84.91	0
122.48	0
131.00	0
131.28	0
134.48	0
134.84	0
134.92	0
135.72	0
137.66	0
146.06	0
148.33	0
150.99	0
152.88	0
153.16	0
153.26	0
154.63	0
155.61	0
76.09	1
77.82	1
81.27	1
86.07	1
89.79	1
97.79	1
102.80	1
107.12	0
108.73	1
126.69	1
128.99	1
137.70	1
141.48	1
148.37	0
158.70	1
163.67	1
21.70	0
33.73	0
34.39	0
35.13	0
35.39	0
36.27	0
40.67	0
41.94	0
238.93	1
246.44	0
268.65	0
279.66	0
282.12	0
287.77	1
290.88	0
293.69	0
282.08	0
303.76	0
307.26	0
345.49	0
346.33	0
348.88	0
351.05	0
351.32	0
561.03	0
563.92	0
568.87	0
571.28	0
573.03	0
574.65	0
574.74	0
574.96	0
108.26	0
110.39	0
113.68	0
113.80	0
114.38	0
115.26	0
116.35	0
116.38	0
322.67	0
329.93	0
331.94	0
332.32	0
334.43	0
336.07	0
336.60	0
338.49	0
332.52	0
336.23	0
336.49	0
338.79	0
338.98	0
340.17	0
340.23	0
341.28	0
269.94	0
274.98	1
283.07	0
283.21	1
288.94	1
290.28	0
291.49	0
293.89	0
263.34	1
284.34	1
296.51	1
301.92	0
305.81	0
307.48	0
308.66	1
309.37	0
250.76	0
256.96	0
284.84	0
285.87	0
303.90	0
307.88	0
309.50	0
309.60	0
78.71	1
79.46	0
86.57	1
97.33	1
105.61	0
119.16	0
120.14	1
120.39	0
224.20	0
250.42	0
256.33	0
258.27	0
260.94	0
263.50	0
266.25	0
267.28	0
358.02	0
364.56	1
371.18	0
373.99	0
374.76	0
381.62	0
382.83	0
387.69	0
512.95	1
547.64	0
551.16	0
553.67	0
555.31	0
556.35	0
556.54	0
559.77	0
561.04	1
564.59	0
571.80	0
577.95	0
581.28	0
586.46	0
588.89	0
590.82	0
610.58	0
618.54	1
623.65	0
639.32	0
643.29	0
645.70	0
646.78	0
654.09	0
240.25	0
260.27	0
288.83	0
289.80	0
295.08	0
304.91	1
306.35	0
310.70	0
266.97	0
274.22	0
278.90	0
283.83	0
285.06	0
285.66	0
285.98	0
286.34	0
289.37	0
295.98	0
310.65	0
313.62	0
313.68	0
317.39	0
318.59	1
318.71	0
319.30	1
362.45	0
362.53	0
376.87	0
377.04	0
379.17	0
380.52	0
384.22	0
442.47	1
479.59	0
496.55	0
506.68	0
508.95	0
513.43	0
514.28	0
520.57	0
715.86	1
721.13	0
721.56	0
737.07	0
747.65	0
752.97	0
756.41	0
756.58	0
557.83	1
632.49	0
634.04	0
642.57	0
646.22	0
647.60	0
649.93	0
652.78	0
214.43	0
250.77	0
278.39	0
278.84	0
280.61	0
282.39	0
282.49	0
282.68	0
285.91	0
287.21	0
306.52	0
307.38	0
309.02	0
315.77	0
315.80	0
316.17	0
297.67	0
337.34	0
345.40	0
349.34	0
352.29	0
352.63	0
352.79	0
355.97	0
87.03	0
90.38	0
94.58	0
97.02	0
103.92	0
105.30	0
106.52	0
109.74	0
281.91	0
301.51	0
302.68	0
306.98	0
318.04	0
324.04	0
324.55	0
328.59	0
330.07	1
347.85	0
358.90	0
358.96	0
362.31	0
365.02	0
366.30	0
369.55	0
46.69	1
223.01	0
227.75	0
231.62	0
232.06	0
232.22	0
232.90	0
233.35	0
113.26	0
123.51	0
124.76	0
125.20	0
128.75	0
130.12	0
133.45	0
135.37	0
244.47	0
253.64	0
254.37	0
258.77	0
258.84	0
265.80	0
267.39	0
268.52	0
142.36	0
144.77	0
146.99	0
149.46	0
152.94	0
153.67	0
159.59	0
163.52	0
237.69	0
237.85	0
238.11	0
238.13	0
239.54	0
243.17	0
244.11	0
244.34	0
322.41	0
331.79	0
333.98	0
335.65	0
336.72	0
339.47	0
341.39	0
341.71	0
389.85	0
404.13	0
405.25	0
405.34	0
405.60	0
405.85	0
407.00	0
407.41	0
302.43	0
314.55	0
315.08	0
315.43	0
315.87	0
317.11	0
319.21	0
323.38	0
589.67	0
596.28	0
596.83	0
598.61	0
599.21	0
600.52	0
602.52	0
605.70	0
273.01	0
274.89	0
276.36	0
279.49	0
280.01	0
280.81	0
284.74	0
288.68	0
290.67	1
295.50	0
304.07	0
305.96	0
306.89	0
307.14	0
310.29	0
311.58	0
315.14	0
318.80	0
322.06	0
322.34	0
324.91	0
325.19	0
327.89	0
333.15	0
81.82	0
101.96	0
103.15	0
103.54	0
104.56	0
110.27	0
112.62	0
115.99	0
329.46	0
335.48	0
337.24	0
346.43	0
348.77	0
349.29	0
352.24	0
352.94	0
279.94	0
303.24	0
329.43	0
333.51	0
334.57	0
340.74	0
341.59	0
348.03	0
358.08	0
361.79	0
366.94	0
367.19	0
370.54	0
370.66	0
371.90	0
372.00	0
393.90	0
395.76	0
396.03	0
396.25	0
397.83	0
398.98	0
404.50	0
405.36	0
379.38	0
389.31	0
391.33	0
392.51	0
393.93	0
395.93	0
406.68	0
408.06	0
261.19	0
282.61	1
288.22	1
289.42	1
291.49	1
292.33	1
292.53	1
293.02	1
2.60	1
3.01	1
3.16	1
3.42	1
3.75	1
3.98	1
5.43	1
6.45	1
212.23	0
245.36	0
245.55	0
247.80	1
249.96	0
254.31	0
254.42	0
256.76	0
301.28	0
304.16	0
305.82	0
307.52	0
307.62	0
308.89	0
309.25	0
309.99	0
66.88	1
68.95	1
118.06	0
147.31	0
157.69	0
161.66	0
165.08	0
170.80	0
246.41	0
247.78	0
266.90	0
270.48	0
270.98	0
278.18	0
279.60	0
280.66	0
166.32	0
210.94	0
225.18	0
226.26	0
226.76	0
229.67	0
230.38	0
230.48	0
214.37	0
218.70	0
220.29	1
228.91	0
228.99	1
229.96	0
231.75	0
232.11	0
241.18	0
250.80	0
255.33	1
256.43	0
261.59	0
261.82	0
263.00	0
264.82	0
245.75	0
246.21	0
248.45	0
248.66	0
248.78	0
249.73	0
251.25	0
251.27	0
41.67	1
78.80	1
82.19	0
93.68	1
102.02	1
106.29	1
113.78	0
116.35	1
185.03	0
202.89	0
207.85	0
213.43	0
221.96	0
224.55	0
228.00	0
234.23	0
239.97	0
247.87	0
270.98	0
272.85	0
274.08	0
276.71	0
276.73	0
278.72	0
390.09	0
423.08	1
448.26	0
451.38	0
454.64	0
457.50	0
465.98	0
467.21	0
560.87	0
575.00	1
602.05	0
604.58	0
606.42	0
609.76	0
610.73	0
613.92	0
458.28	0
466.39	1
477.19	0
478.54	0
482.87	0
485.59	0
486.63	0
487.45	0
336.43	1
360.41	0
364.12	0
365.26	0
371.83	0
372.35	0
374.59	0
377.61	0
322.44	0
384.76	0
385.22	1
412.74	0
442.17	0
442.77	0
448.06	0
453.35	0
145.55	0
156.01	1
176.38	0
177.28	0
188.98	0
195.97	0
203.63	0
208.69	0
204.22	0
220.42	0
272.19	0
275.69	0
275.79	0
277.64	0
278.96	0
280.80	0
230.52	0
243.18	0
250.89	0
295.98	0
299.30	0
300.13	0
301.38	0
305.36	0
117.32	0
128.57	1
141.53	0
142.11	0
149.74	0
151.27	0
152.12	0
152.22	0
224.15	0
235.02	0
235.23	0
242.50	0
246.45	0
248.23	0
249.62	0
249.68	0
94.91	1
371.84	0
374.51	0
380.14	0
380.84	0
381.79	0
383.14	0
385.48	0
72.69	1
309.89	0
332.51	0
334.59	0
334.96	0
337.80	0
338.10	0
338.37	0
233.90	0
324.93	0
341.41	0
351.43	0
351.43	0
353.26	0
357.15	0
358.48	0
132.92	0
151.25	0
152.76	0
153.01	0
154.09	0
154.78	0
155.52	0
155.60	0
182.37	0
190.47	0
196.65	0
203.77	0
206.65	0
212.67	0
214.08	0
214.13	0
199.04	0
203.45	0
214.75	0
220.09	0
222.47	0
222.60	0
222.72	1
223.20	0
222.39	0
230.70	0
252.47	0
256.58	0
258.06	0
260.29	0
261.35	0
263.10	0
85.82	1
94.13	1
108.22	0
108.81	0
120.13	1
121.06	0
121.50	0
124.79	0
242.64	0
294.11	0
295.57	0
297.15	0
307.91	0
311.31	0
311.37	0
313.53	0
36.56	1
111.80	0
112.11	0
129.09	0
133.24	0
133.77	0
135.85	0
135.90	0
230.73	0
238.52	0
238.88	0
244.06	0
246.03	0
247.04	0
249.04	0
250.05	0
267.29	0
281.31	0
287.02	0
291.68	0
294.53	1
298.94	1
304.12	0
304.62	0
219.80	0
219.86	0
223.80	0
224.28	0
224.40	0
226.73	0
226.92	0
230.69	0
131.59	1
136.54	0
138.04	1
138.65	1
141.78	0
142.26	1
143.09	0
146.95	1
38.83	0
44.12	0
45.59	0
47.61	0
47.92	0
48.32	0
51.60	0
56.22	0
190.41	1
274.20	0
279.83	0
281.88	0
284.12	0
284.38	0
284.82	0
290.71	0
29.09	0
105.51	0
107.84	0
111.82	0
120.91	0
135.26	0
137.34	0
137.74	0
144.25	0
205.06	0
245.61	0
248.11	0
253.60	0
271.72	0
275.15	0
282.42	0
118.67	0
137.68	0
147.66	0
155.45	0
160.65	0
160.89	1
166.25	0
171.09	0
18.26	0
18.70	0
18.97	0
19.48	0
20.55	0
23.89	0
24.03	0
24.41	0
191.41	0
284.77	0
290.78	0
295.46	0
296.52	0
302.36	0
303.30	0
305.64	0
58.58	1
60.74	1
135.57	0
147.60	0
160.02	0
165.52	0
172.22	0
178.88	0
210.91	0
213.76	0
217.82	0
222.77	0
226.87	0
229.58	0
231.58	0
233.35	0
238.33	0
246.93	0
252.89	0
259.91	0
265.50	0
270.29	0
271.51	0
272.00	0
159.85	0
168.63	0
169.34	0
177.74	1
179.40	0
180.42	0
180.58	1
186.57	0
263.92	0
274.69	0
297.42	0
308.69	0
312.42	0
316.89	0
330.04	0
331.12	0
301.54	1
304.14	1
317.88	1
506.95	0
515.14	0
516.79	0
522.45	0
527.34	0
71.33	1
75.11	1
85.59	1
265.59	0
274.40	0
276.55	0
276.60	0
279.92	0
95.81	0
116.06	0
118.46	1
118.69	1
122.21	0
125.34	0
127.96	0
129.89	0
234.63	1
242.20	0
280.68	0
290.40	0
298.29	0
299.45	0
303.27	1
311.81	0
276.82	0
284.93	0
325.41	0
334.26	0
336.39	0
356.16	0
357.22	0
357.82	0
378.69	0
384.89	0
397.39	0
405.58	0
410.79	0
412.03	0
419.66	0
423.77	0
134.30	0
146.63	1
146.71	0
154.63	0
159.20	0
161.42	0
167.38	0
168.07	0
139.73	0
155.39	0
202.20	0
213.03	0
215.30	0
216.66	0
218.48	0
227.41	0
382.06	1
410.04	1
477.77	1
492.82	1
496.96	1
502.46	0
506.61	0
512.72	0
556.22	1
559.47	1
583.31	1
593.54	0
595.07	0
596.73	0
601.04	1
605.09	0
491.62	1
492.27	1
501.14	1
513.65	0
538.41	0
541.85	0
561.22	0
569.15	0
372.60	0
380.78	1
401.38	1
484.92	1
489.03	0
490.18	0
490.79	0
533.61	0
316.88	1
374.32	1
452.32	0
553.43	1
558.04	0
558.12	0
576.56	0
578.10	0
177.04	0
178.84	1
183.30	0
192.00	0
194.21	0
197.14	0
201.01	0
202.60	0
178.72	0
197.60	0
223.15	0
230.99	0
247.57	0
248.88	0
250.52	0
251.58	0
341.50	0
342.46	0
350.11	0
361.67	0
364.10	0
368.13	0
385.13	0
392.07	0
189.64	0
219.79	0
326.13	1
355.28	0
355.78	0
360.93	0
367.68	0
368.02	0
396.42	1
427.76	0
453.13	0
454.41	0
468.37	0
468.97	0
471.65	0
475.66	0
488.37	1
540.95	0
552.72	0
569.12	0
572.57	0
574.21	0
575.65	0
578.58	0
330.64	1
330.70	0
357.89	0
360.94	0
361.57	0
362.68	0
369.61	0
373.59	0
366.76	1
403.67	0
416.74	0
420.48	0
421.85	0
427.39	0
427.55	0
434.15	0
329.72	0
426.03	0
467.48	0
515.69	1
592.10	0
610.10	0
614.17	0
615.31	0
108.26	0
114.34	0
130.95	0
135.51	0
137.60	0
138.42	0
140.80	1
143.48	0
176.01	0
231.90	0
268.35	0
301.43	0
307.01	0
308.67	0
309.89	0
311.29	0
196.24	1
307.01	1
466.52	0
476.21	0
476.76	0
477.66	0
477.82	0
482.86	0
88.69	0
193.02	0
198.11	0
201.09	0
202.64	0
207.72	0
209.59	0
209.67	0
259.37	0
262.16	0
271.91	0
297.04	0
297.93	0
303.39	0
308.12	0
308.38	0
321.71	0
338.45	0
345.77	0
352.29	0
367.07	0
368.46	0
376.62	0
376.68	0
210.32	0
265.27	0
274.47	0
277.27	0
277.28	0
279.85	0
279.89	0
282.11	0
69.44	0
71.89	0
79.99	0
82.54	0
82.81	0
83.44	0
84.46	0
88.32	0
279.05	0
290.60	0
295.06	0
300.89	0
316.11	0
328.41	0
333.67	0
337.84	0
305.38	0
322.79	0
327.27	0
331.29	0
339.33	0
340.64	0
341.78	0
346.04	0
596.44	0
606.30	0
606.39	0
607.42	0
607.48	0
608.38	0
609.05	0
611.66	0
245.93	0
286.15	0
296.68	0
297.44	0
301.38	0
304.96	0
305.16	0
305.73	0
93.63	1
97.42	0
100.26	1
103.86	1
108.20	0
108.43	1
109.81	1
110.85	1
4.90	0
7.26	0
7.70	0
8.06	0
8.09	0
8.11	0
8.24	0
8.24	0
338.37	0
339.01	0
347.34	0
351.22	0
356.93	0
365.83	0
371.75	0
373.89	0
228.28	0
275.25	0
277.20	0
293.55	0
297.36	0
312.44	0
312.81	0
318.47	0
293.92	0
304.18	0
321.95	0
322.72	0
332.18	0
336.00	0
340.71	0
343.77	0
269.02	0
311.25	0
334.36	0
338.61	0
340.70	0
344.55	0
346.38	0
346.53	0
167.81	0
169.12	0
173.74	0
181.58	0
183.67	0
184.63	0
187.84	0
190.11	0
109.37	0
122.63	0
141.42	0
146.45	0
149.18	0
151.48	0
155.41	0
155.93	0
263.43	0
270.08	0
270.09	0
270.25	0
286.30	1
300.86	0
304.38	0
306.41	0
237.80	0
310.39	0
337.97	0
341.57	0
351.61	0
353.44	0
356.66	0
358.95	0
358.37	0
375.93	0
377.58	0
378.51	0
380.50	0
381.07	0
382.84	0
383.81	0
586.95	0
587.10	0
590.46	0
594.74	0
595.92	0
596.42	0
597.41	0
598.75	0
163.45	1
178.33	1
179.89	1
181.11	0
182.19	1
182.59	1
182.84	1
190.66	1
6.85	0
9.80	0
9.96	0
10.65	0
10.72	0
10.82	0
11.17	0
11.69	0
77.43	1
151.83	0
152.31	0
154.02	0
156.94	0
162.32	0
162.94	0
167.96	0
136.18	0
164.72	0
221.62	1
231.09	0
241.97	0
243.08	0
246.83	1
247.14	0
188.14	0
293.14	0
293.17	0
294.74	1
303.71	1
331.60	0
331.69	0
331.80	0
334.02	1
472.78	0
525.95	1
545.72	1
551.93	1
560.88	0
568.19	0
568.52	0
154.85	1
359.56	0
386.95	0
390.45	0
390.80	0
392.01	0
393.99	0
400.69	0
263.35	0
265.45	0
266.68	0
268.36	0
268.98	0
269.72	0
269.91	0
274.60	0
232.59	0
234.41	0
295.66	0
299.34	0
300.31	1
304.61	0
304.80	0
311.73	0
217.22	0
221.55	0
290.83	0
294.90	0
304.75	0
306.34	0
307.36	1
307.80	0
211.06	0
276.92	0
304.74	0
308.90	0
311.54	0
318.26	0
324.39	0
325.92	0
252.26	0
255.36	0
274.60	0
274.60	0
290.92	0
293.58	0
293.77	0
295.84	1
212.78	1
226.56	0
250.85	0
257.40	0
269.50	0
278.76	0
291.17	0
293.59	0
156.45	1
310.76	0
318.29	0
320.74	0
321.87	0
323.24	0
336.10	0
340.39	0
274.44	1
395.88	0
410.95	0
415.82	0
423.19	0
435.41	0
437.83	0
438.15	0
128.95	0
139.32	0
215.56	0
229.46	0
244.48	0
248.93	0
253.39	0
253.92	0
153.77	1
507.90	0
511.93	0
514.86	0
515.28	0
516.10	0
522.54	0
522.69	0
101.91	1
352.17	0
389.90	0
393.39	0
422.60	0
425.09	0
427.60	0
432.73	0
233.34	0
267.94	0
299.20	0
304.24	0
312.49	0
318.33	0
328.24	0
337.03	0
176.50	0
186.25	0
209.26	0
217.71	0
224.09	0
224.39	0
232.67	0
233.19	0
145.70	0
240.05	0
273.51	0
288.07	0
299.88	0
302.13	0
325.12	0
325.93	0
112.53	0
160.63	0
172.69	0
182.20	0
182.64	0
194.89	0
195.26	0
200.52	0
211.98	0
216.26	0
222.27	0
254.77	0
267.85	0
270.01	0
285.07	0
285.51	1
201.46	0
216.73	0
263.50	0
268.67	1
271.38	0
275.11	0
282.22	0
285.20	0
116.80	1
448.35	0
457.02	0
459.03	0
459.64	0
459.74	0
462.81	0
463.88	0
79.54	1
360.74	0
363.89	0
364.48	0
391.18	0
392.87	0
393.94	0
395.81	0
188.63	1
295.06	0
316.10	0
317.65	0
319.86	0
327.47	0
333.48	0
337.19	0
178.23	0
200.75	0
211.68	0
237.69	0
252.57	0
259.12	0
267.92	0
269.83	0
242.83	0
255.72	0
266.14	0
269.96	0
273.05	0
277.69	0
279.05	0
279.59	0
239.82	0
285.88	0
349.28	0
359.65	0
379.15	0
387.13	0
387.64	0
397.04	0
138.23	0
164.33	0
177.85	0
194.73	0
202.09	0
202.59	0
202.98	0
204.39	0
301.80	0
322.31	0
324.95	0
337.74	0
338.36	0
350.19	0
357.51	0
359.54	0
185.46	0
205.49	0
222.09	1
233.25	0
240.56	1
247.23	1
248.92	0
251.28	1
12.76	0
17.32	0
17.86	0
17.93	0
18.12	0
18.51	0
18.54	0
19.43	0
213.20	0
213.38	0
218.43	0
218.49	0
219.85	0
219.97	0
225.83	0
227.63	0
230.96	0
232.56	0
233.01	0
240.09	0
240.29	0
240.58	0
241.49	0
241.95	0
145.00	0
145.06	0
146.52	0
148.82	0
149.37	0
149.39	0
150.14	0
150.36	0
283.01	0
286.79	0
287.47	0
287.55	0
289.85	0
290.63	0
291.16	0
291.36	0
176.64	0
180.68	0
186.86	0
188.72	0
189.92	0
192.72	0
192.76	0
198.44	0
249.04	1
251.15	0
257.19	0
266.82	0
267.15	0
269.08	0
270.31	0
272.17	1
255.54	0
269.63	0
275.76	0
291.41	0
292.38	0
293.04	0
293.17	0
295.73	0
126.85	0
140.99	0
142.94	0
144.01	0
146.46	0
150.07	0
151.03	0
152.95	0
261.08	0
261.52	0
261.54	0
262.26	0
263.21	0
263.94	0
264.62	0
265.41	0
157.44	0
157.96	0
159.94	0
164.32	0
166.66	0
168.47	0
170.40	0
170.85	0
103.67	0
105.06	0
105.82	0
108.61	0
108.98	0
109.74	0
111.46	0
111.72	0
219.77	0
220.15	0
223.83	0
223.90	0
225.10	0
231.50	0
231.78	0
233.91	0
242.68	1
262.42	0
275.66	0
278.38	0
279.24	0
285.11	0
292.19	0
293.56	0
254.88	0
255.51	0
255.53	1
260.37	0
263.82	0
264.80	0
267.15	0
269.56	0
275.83	0
280.50	0
316.32	0
318.63	0
319.60	1
322.65	0
324.12	0
331.55	0
182.57	0
210.21	0
210.90	0
212.56	0
214.11	0
214.59	0
215.95	0
216.19	0
229.54	0
232.62	0
232.63	0
234.14	0
237.36	0
237.97	0
238.88	0
240.06	0
173.86	0
180.98	0
181.35	0
183.71	0
184.66	0
185.07	0
185.39	0
186.42	0
119.30	0
120.90	0
124.79	0
126.51	0
126.78	0
127.46	0
130.52	0
131.79	0
199.49	0
204.86	0
206.30	0
209.66	1
210.54	0
212.06	0
214.97	0
217.51	1
270.44	0
271.86	0
311.34	0
312.42	0
321.97	0
325.89	0
328.64	0
329.14	0
198.29	0
200.12	0
206.08	0
207.05	0
211.45	0
214.14	0
217.58	0
218.34	0
122.31	1
123.68	1
124.46	1
129.03	1
131.24	1
134.70	1
137.07	1
139.71	0
47.96	1
50.64	1
52.69	1
52.83	1
52.90	1
53.60	1
53.94	1
54.10	1
216.44	0
217.67	0
218.79	0
219.62	1
220.28	0
220.78	0
224.91	0
225.65	0
166.79	0
167.08	0
168.13	0
169.49	0
170.20	0
170.34	0
170.55	0
171.51	0
177.03	0
180.77	0
184.60	0
185.55	0
185.85	0
188.46	0
190.53	0
190.88	0
40.74	1
77.28	0
86.39	0
86.57	0
88.33	0
89.51	0
89.56	0
90.03	0
17.39	1
17.78	1
21.04	1
22.44	1
24.31	1
40.11	1
40.17	1
51.92	0
147.74	0
147.88	0
148.35	0
148.91	0
152.18	0
153.67	0
156.15	0
156.34	0
104.67	0
107.76	0
109.18	0
112.22	0
112.44	0
112.91	0
116.77	0
119.19	0
137.03	0
138.09	0
143.28	0
143.66	0
144.92	0
146.09	0
150.87	0
151.35	0
86.75	0
89.25	0
91.70	0
92.98	0
93.71	0
93.91	0
94.77	0
96.88	0
167.37	0
168.81	0
176.47	0
176.49	0
177.18	0
177.25	0
178.43	0
179.10	0
78.90	1
87.43	0
92.70	0
92.80	0
93.22	0
93.38	0
94.78	0
96.09	0
155.79	0
156.18	0
157.37	0
158.05	0
159.74	0
163.42	0
164.41	0
164.73	0
112.42	0
115.97	0
119.12	0
119.16	0
122.22	0
123.00	0
125.26	0
125.62	0
41.25	1
80.60	0
88.30	0
88.69	0
89.01	0
90.88	0
91.80	0
91.89	0
10.66	1
10.98	1
13.78	1
14.10	1
17.05	1
36.03	1
39.56	1
47.16	0
155.95	0
157.01	0
157.02	0
158.02	0
161.26	0
161.68	0
164.49	0
164.51	0
106.22	0
114.05	0
114.08	0
114.48	0
114.49	0
115.39	0
118.16	0
119.21	0
142.25	0
146.90	0
147.34	0
147.56	0
150.07	0
155.13	0
155.96	0
156.56	0
122.93	0
124.66	0
133.17	0
133.49	0
134.21	0
135.61	0
136.46	0
137.22	0
98.34	1
139.66	0
146.37	0
146.88	0
150.67	0
151.91	0
154.37	0
154.50	0
168.01	0
170.67	0
172.29	0
173.51	0
173.54	0
175.06	0
176.76	0
177.28	0
136.49	0
137.28	0
141.08	0
141.60	0
147.04	0
147.11	0
147.14	0
147.15	0
106.84	0
107.42	0
109.07	0
110.05	0
110.09	0
110.18	0
113.39	0
114.71	0
140.61	0
142.43	0
144.53	0
146.26	0
147.96	0
149.24	0
149.86	0
151.69	0
92.85	0
102.97	0
103.70	0
104.46	0
104.91	0
104.94	0
106.01	0
106.13	0
222.65	0
224.30	0
227.14	0
232.62	0
233.09	0
233.32	0
233.54	0
234.52	0
160.80	0
167.36	0
170.49	0
170.94	0
171.58	0
172.67	0
173.78	0
174.82	0
406.90	0
407.12	0
407.35	0
407.42	0
408.14	0
408.15	0
409.23	0
410.09	0
203.92	0
208.06	0
208.54	0
210.13	0
210.19	0
210.45	0
212.29	0
212.38	0
335.18	0
348.92	0
352.00	0
353.17	0
353.51	0
354.31	0
354.66	0
354.76	0
743.88	0
759.13	0
760.64	0
760.72	0
762.16	0
762.32	0
763.84	0
764.12	0
170.16	0
172.96	0
173.41	0
174.11	0
175.02	0
177.82	0
177.83	0
178.25	0
55.31	0
58.88	0
59.03	0
60.07	0
60.21	0
63.58	0
64.67	0
64.86	0
16.71	1
19.98	1
21.54	1
25.02	1
31.23	1
40.30	1
43.70	0
45.83	0
19.90	1
22.88	1
24.59	1
28.00	1
35.91	1
43.87	1
44.80	0
46.88	0
144.74	0
145.98	0
146.72	0
147.75	0
151.32	0
151.51	0
151.51	0
156.32	0
331.24	0
345.11	0
345.62	0
345.81	0
347.92	0
349.71	0
350.26	0
352.12	0
530.93	1
539.63	0
541.64	1
542.00	0
542.77	1
548.67	1
549.70	0
551.98	0
271.88	0
272.11	0
274.13	0
279.34	0
279.38	0
280.14	0
280.54	0
281.26	0
156.17	0
163.62	0
165.34	0
165.65	0
166.28	0
166.61	0
168.57	0
168.98	0
423.56	0
427.95	0
428.78	0
430.10	0
430.32	0
430.82	0
431.55	0
431.88	0
198.54	0
200.81	0
202.84	0
203.45	0
205.13	0
205.37	0
205.93	0
206.34	0
359.54	0
370.01	0
370.75	0
375.44	0
375.73	0
379.34	0
382.58	0
382.95	0
672.79	0
685.64	0
687.50	0
688.96	0
690.05	0
692.67	0
694.49	0
695.67	0
152.48	0
159.30	0
159.61	0
159.70	0
160.36	0
164.55	0
167.43	0
167.59	0
84.94	1
106.59	0
112.07	0
123.09	0
123.85	0
124.92	0
125.66	0
126.11	0
29.23	1
68.05	1
200.74	0
203.30	0
206.02	0
206.67	0
208.02	0
208.44	0
7.24	1
13.38	1
116.69	0
143.63	0
144.66	0
146.04	0
147.19	0
147.43	0
28.85	1
156.61	0
159.22	0
160.59	0
161.65	0
165.54	0
165.94	0
169.47	0
51.52	1
59.56	1
71.85	0
80.98	1
85.15	0
92.47	0
93.23	0
94.35	0
48.52	1
90.35	0
100.71	0
106.57	0
109.08	0
110.40	0
110.68	0
113.98	0
39.87	0
44.24	1
46.05	1
46.83	0
47.41	0
47.50	1
54.99	0
55.52	0
7.81	1
8.55	1
8.79	1
8.82	1
9.08	1
9.21	1
9.58	1
9.59	1
188.45	0
191.27	0
193.68	0
220.87	0
228.05	0
229.16	0
233.38	0
240.14	0
259.02	0
261.67	0
264.35	0
266.40	0
267.20	0
267.80	0
268.41	0
268.91	0
151.83	0
153.64	0
156.10	1
162.98	0
163.92	0
166.07	0
173.24	0
176.75	0
156.65	1
166.83	0
179.62	0
189.30	0
191.00	0
193.67	0
194.31	0
200.02	1
21.01	1
26.59	1
136.85	0
163.72	0
168.33	0
179.07	0
180.73	0
181.45	0
137.78	0
158.28	0
162.27	0
162.58	0
170.74	0
172.56	0
173.67	0
175.35	0
175.66	0
181.75	0
185.29	0
193.95	1
200.45	1
200.88	0
205.29	0
210.08	0
214.27	0
228.95	0
240.21	0
241.41	0
245.43	0
245.93	0
246.17	0
246.24	0
149.69	0
152.33	0
167.36	0
169.07	0
170.58	0
170.81	1
182.91	0
185.42	0
406.02	0
421.50	0
427.87	0
434.15	0
442.58	0
451.19	0
455.47	0
456.40	0
131.33	1
135.39	1
136.66	1
138.75	1
146.56	1
149.13	1
149.39	0
150.06	0
293.10	0
296.74	0
307.77	0
310.76	0
322.09	0
322.58	0
323.88	0
326.14	0
70.61	1
92.12	1
121.54	1
154.89	1
163.28	0
163.40	0
171.56	0
178.05	0
52.41	0
70.61	0
225.89	0
238.35	1
239.94	0
243.46	0
256.32	0
256.95	0
39.30	1
51.96	1
56.53	1
140.42	0
145.96	0
152.08	0
153.21	0
156.53	0
12.80	1
17.62	1
21.33	1
159.90	0
162.18	0
167.04	0
167.17	0
168.35	0
151.90	0
164.34	0
181.80	0
208.18	0
213.54	0
214.52	0
220.62	0
243.27	0
183.94	0
190.28	0
190.34	0
202.55	0
208.47	1
221.54	0
223.93	0
224.23	1
145.62	1
256.49	0
265.78	0
272.53	0
294.69	0
321.13	0
328.53	0
338.35	0
11.72	1
150.25	0
158.33	0
159.54	0
159.61	0
161.64	0
163.06	0
163.09	0
40.73	0
84.25	1
92.47	1
96.95	1
97.27	1
99.31	1
110.65	1
113.65	0
236.45	0
245.12	1
275.53	0
282.62	0
286.52	1
288.59	0
295.28	1
303.88	0
163.34	1
224.76	0
234.55	0
256.24	0
307.28	0
314.86	0
319.14	0
320.04	0
51.49	1
252.11	0
258.59	0
261.16	1
263.49	0
268.24	0
283.61	0
285.98	0
17.60	1
78.41	1
140.47	0
143.22	0
150.47	0
172.59	0
186.30	0
188.07	0
118.53	0
119.39	0
119.45	0
121.05	0
125.40	1
130.60	0
131.23	0
133.00	0
238.33	1
284.71	0
285.35	0
303.12	0
303.79	0
319.76	1
320.45	0
320.71	0
5.03	1
5.26	1
13.26	1
42.60	1
43.23	1
67.01	0
67.12	0
77.49	0
2.40	1
3.04	1
10.97	1
12.67	1
14.03	1
65.69	0
66.92	0
68.44	0
13.36	1
21.76	1
90.45	0
93.90	0
94.13	0
105.31	0
109.74	0
110.82	0
3.38	1
3.40	1
38.06	1
45.73	1
76.46	0
80.25	0
82.39	0
84.80	0
51.88	1
62.13	1
141.41	1
162.28	0
195.18	0
200.58	0
205.35	0
207.07	0
25.16	1
26.37	1
27.22	1
59.72	1
144.54	0
150.23	0
151.19	0
159.16	0
14.99	1
18.65	1
22.09	1
22.33	1
22.69	1
24.16	1
26.64	1
29.55	1
7.99	1
97.89	0
98.21	0
108.56	0
110.48	0
112.06	0
113.29	0
113.53	0
89.94	0
126.38	0
190.67	0
214.70	0
238.80	0
239.28	0
244.58	0
274.40	0
73.10	1
87.06	1
115.11	1
144.30	1
158.44	1
160.37	1
167.04	1
201.44	0
187.93	0
202.12	0
239.00	0
260.38	0
262.28	0
264.27	0
265.17	0
268.08	0
206.04	0
253.54	0
260.48	0
274.60	0
279.57	0
287.16	0
291.08	0
291.77	0
425.71	0
443.24	0
452.06	0
461.31	0
464.22	0
464.70	0
464.92	0
465.51	0
208.79	0
310.69	0
315.25	0
319.38	0
321.88	0
322.36	0
323.56	0
325.29	0
193.80	0
235.79	0
238.90	0
239.12	0
240.48	0
240.75	0
243.44	0
244.05	0
146.11	0
148.82	0
150.24	0
155.29	0
165.45	0
171.14	1
171.69	0
172.98	0
41.51	1
198.05	0
230.85	0
236.93	0
239.58	0
242.42	0
246.98	0
247.48	0
13.29	1
61.63	1
164.92	0
169.10	0
170.49	0
172.39	0
172.93	0
173.00	0
137.55	0
144.46	0
145.73	1
148.74	0
149.53	0
150.70	1
151.16	0
151.44	0
124.91	1
128.27	1
135.98	1
137.96	0
138.45	1
140.84	0
151.40	1
154.42	0
202.24	0
218.22	0
219.84	0
223.08	0
224.21	0
224.62	0
226.01	0
226.94	0
240.42	0
243.33	0
274.44	0
276.55	0
276.84	0
280.19	0
280.25	0
280.64	0
175.11	0
198.63	0
216.16	0
221.11	0
225.24	0
225.26	0
225.56	0
227.46	0
175.11	0
186.19	0
188.70	1
193.45	1
198.67	0
203.40	0
203.93	0
204.85	0
200.10	0
206.92	0
209.16	0
210.46	0
210.67	0
212.91	0
213.40	0
214.43	0
252.19	0
285.17	0
286.61	0
289.96	0
290.75	0
292.75	0
293.16	0
293.27	0
195.66	1
197.33	0
197.42	1
198.93	1
201.23	1
201.90	1
202.88	1
205.54	0
159.83	1
179.14	0
181.28	0
181.34	0
181.76	0
181.80	0
185.05	0
186.68	0
174.12	0
175.46	0
176.98	0
178.68	0
183.72	0
186.66	0
186.75	0
187.34	0
135.86	0
149.90	0
152.30	0
170.64	0
174.19	0
176.05	0
177.62	0
179.71	0
106.21	1
109.38	0
146.01	1
178.31	0
191.35	0
193.82	0
194.09	0
194.46	0
137.78	0
156.98	0
218.04	0
236.69	0
241.48	0
241.62	0
244.97	0
247.93	0
66.00	1
83.60	0
91.42	1
93.11	1
97.67	1
99.47	0
100.29	1
108.77	0
145.39	0
160.55	0
171.71	0
172.34	0
175.17	0
176.09	0
185.66	0
188.35	0
95.93	1
150.50	0
160.99	0
222.08	0
223.74	0
224.24	0
224.71	0
225.13	0
92.79	1
176.89	0
230.75	0
248.47	0
252.28	0
262.73	0
265.06	0
268.26	0
109.69	1
192.84	0
203.12	0
209.64	0
211.01	0
211.22	0
211.35	0
212.50	0
202.63	0
210.54	0
215.20	0
216.89	0
220.18	0
230.60	0
233.08	0
240.87	0
110.74	1
141.34	0
170.61	1
183.86	0
196.69	0
197.51	0
197.57	0
198.56	0
168.56	0
200.31	0
233.64	0
246.20	0
250.38	0
252.94	0
253.12	0
253.33	0
108.17	1
109.12	1
111.68	1
117.58	0
122.55	1
125.34	1
125.87	1
129.06	0
202.19	1
281.58	0
284.27	0
291.00	0
294.10	0
302.16	0
314.53	0
315.95	0
165.34	0
170.08	0
171.95	0
173.94	0
174.34	0
174.54	0
175.56	0
176.08	0
216.33	0
221.09	0
226.32	0
231.12	0
232.16	0
232.48	0
232.95	0
233.70	0
155.59	0
168.53	1
174.47	1
175.44	0
178.25	0
184.53	1
190.63	1
191.75	1
132.60	1
191.24	0
191.80	0
192.28	0
193.40	0
193.70	0
194.98	0
199.09	0
18.23	1
39.78	1
58.23	1
62.84	0
67.25	0
69.54	1
78.97	0
79.01	0
154.32	1
158.11	1
163.36	1
177.50	0
179.16	0
184.05	0
185.14	0
185.28	0
233.66	0
236.18	0
237.77	0
239.13	0
240.34	0
240.91	0
241.14	0
241.31	0
27.52	1
29.64	0
42.90	1
65.87	1
69.65	1
71.68	0
72.64	1
74.00	0
24.63	0
115.29	0
230.71	0
231.92	0
233.63	0
236.33	0
240.45	0
242.84	0
341.72	1
373.10	0
390.13	0
394.75	0
419.14	0
426.24	0
431.80	0
433.90	0
191.98	1
219.15	1
260.03	0
263.45	0
267.43	1
273.77	0
288.61	0
288.86	0
23.62	1
134.16	0
188.27	0
203.62	0
215.24	0
221.60	0
226.52	0
233.17	0
5.91	1
243.31	0
262.12	0
262.65	0
263.01	0
264.15	0
265.05	0
267.35	0
3.83	1
107.80	1
182.06	0
187.87	0
190.25	0
192.38	0
194.42	0
194.74	0
14.34	1
184.09	0
240.49	0
246.07	0
250.25	0
251.63	0
252.36	0
252.72	0
31.30	0
156.55	1
169.39	0
178.09	0
182.84	0
183.47	0
186.03	0
188.15	0
88.09	1
173.40	0
185.77	0
201.28	0
202.61	0
204.67	0
206.29	0
206.59	0
21.88	1
60.80	1
88.35	0
91.75	0
96.93	0
101.92	0
103.19	0
103.46	0
135.18	0
140.43	1
195.58	0
196.66	0
197.59	0
201.88	0
206.29	0
208.03	0
3.75	1
137.18	0
137.93	0
137.96	0
142.71	0
143.84	0
146.48	0
147.15	0
7.17	1
94.11	0
101.23	0
105.57	0
106.73	0
107.46	0
107.85	0
107.86	0
5.43	1
150.31	0
178.24	0
181.61	0
183.02	0
186.59	0
188.17	0
189.09	0
22.17	1
151.71	0
151.93	0
166.62	0
168.40	0
168.82	0
169.29	0
169.31	0
2.22	1
71.33	0
95.14	0
96.75	0
97.42	0
99.12	0
99.46	0
99.62	0
1.98	1
94.64	0
95.66	0
97.74	0
98.14	0
98.40	0
100.29	0
100.97	0
3.53	1
114.60	0
114.95	0
115.93	0
117.22	0
119.52	0
121.89	0
124.39	0
121.45	0
125.64	1
150.09	0
153.31	1
156.36	1
166.42	0
170.80	0
171.05	0
30.88	1
142.59	0
151.08	0
153.82	0
174.07	0
177.78	0
177.90	0
177.90	0
1.83	1
75.09	0
90.41	0
96.32	0
101.08	0
101.41	0
101.82	0
101.82	0
1.33	1
68.62	0
74.65	0
80.11	0
83.43	0
83.74	0
84.70	0
86.68	0
2.75	1
145.83	0
145.98	0
148.05	0
151.61	0
152.50	0
152.73	0
154.23	0
15.51	1
166.86	0
203.52	0
208.50	0
217.66	0
234.46	0
237.73	0
240.36	0
3.13	1
127.52	0
145.83	0
149.53	0
153.45	0
161.41	0
163.11	0
163.76	0
9.30	1
67.16	1
83.44	0
104.31	0
118.08	0
118.62	0
121.99	0
124.22	0
1.85	1
71.06	0
80.82	0
81.77	0
88.96	0
90.57	0
90.63	0
92.98	0
6.47	1
210.46	0
214.29	0
215.16	0
225.98	0
228.56	0
230.39	0
231.77	0
219.07	0
222.41	1
236.61	0
244.59	0
244.77	0
257.90	1
259.08	0
261.10	0
250.52	0
285.00	0
292.03	0
293.58	0
293.75	0
294.35	0
298.01	0
305.97	0
380.55	0
444.67	0
444.73	0
448.03	0
449.69	0
449.93	0
450.40	0
451.72	0
380.28	0
382.41	0
383.67	0
387.01	0
391.40	0
392.46	0
393.52	0
393.59	0
162.28	0
165.65	0
167.86	0
169.14	0
170.19	0
172.53	0
175.32	0
176.16	0
164.07	0
164.33	0
166.19	0
167.75	0
168.31	0
168.79	0
169.78	0
170.05	0
92.87	1
94.86	1
99.33	0
111.39	0
111.60	1
112.76	1
116.24	0
120.52	0
123.09	1
196.30	0
208.87	0
211.63	0
212.77	0
212.82	0
214.92	0
216.75	0
24.16	1
25.96	1
46.31	1
53.07	1
56.05	1
56.31	1
131.70	0
132.32	0
35.77	1
40.67	1
49.62	1
63.95	1
63.95	1
67.35	1
128.82	0
135.75	0
27.89	1
36.53	1
42.03	1
134.85	0
136.00	0
137.04	0
137.91	0
147.68	0
58.52	1
157.34	0
160.88	1
277.21	0
279.37	1
286.62	0
302.16	0
309.52	0
83.96	1
162.18	1
254.51	1
297.24	1
326.76	0
363.57	1
378.67	0
381.88	0
181.42	0
194.34	1
208.02	0
221.73	1
225.69	1
226.74	0
235.23	0
236.23	1
164.62	0
171.13	0
174.19	0
174.29	0
177.41	0
178.76	0
178.80	0
179.01	0
265.29	1
273.28	1
273.99	0
274.78	1
275.21	1
277.21	1
279.67	0
281.08	1
221.28	0
235.13	0
241.93	1
244.90	0
245.11	0
247.92	0
248.64	0
249.89	0
117.58	0
119.75	0
138.81	0
142.77	0
143.63	0
147.30	0
147.40	1
147.87	0
92.77	1
97.58	1
107.45	1
118.64	0
126.02	1
180.07	0
180.44	0
181.34	0
188.00	0
214.84	0
224.55	0
227.31	0
227.56	0
228.00	0
228.67	0
230.00	0
87.20	1
93.21	0
108.12	1
115.70	0
119.77	0
123.80	0
123.84	0
126.20	0
186.89	0
190.21	0
228.21	1
231.35	1
233.02	0
235.19	0
253.24	1
259.67	0
297.02	0
300.46	0
331.90	0
353.00	0
353.51	0
354.23	0
357.27	0
360.17	0
193.20	0
199.81	0
209.20	0
209.67	0
210.56	0
210.92	0
211.14	0
215.00	0
82.81	1
83.56	1
83.61	1
85.31	1
88.53	1
89.02	1
92.64	1
99.38	1
67.56	0
67.66	0
68.11	0
68.16	0
68.64	0
68.82	0
69.80	0
70.28	0
13.19	1
13.40	1
14.40	1
14.61	1
14.79	1
14.81	1
14.87	1
15.88	1
199.46	0
199.50	0
204.55	0
224.30	0
227.44	0
229.38	0
229.81	0
230.50	0
119.69	0
137.62	0
214.47	0
255.95	0
262.80	0
263.40	0
264.34	0
265.60	0
234.59	0
238.50	0
250.39	0
251.85	0
253.40	0
253.51	0
254.06	0
254.79	0
389.18	0
392.16	0
393.22	0
394.00	0
398.77	0
403.64	0
403.73	0
405.04	0
80.77	1
89.43	0
158.12	1
196.54	0
197.71	0
199.86	0
202.45	0
204.85	0
44.51	1
142.03	0
159.52	0
161.69	0
162.53	0
164.74	0
165.26	0
169.16	0
135.67	0
156.67	0
178.84	0
182.79	1
182.91	0
183.86	0
198.58	0
199.95	0
73.05	1
115.02	1
132.41	0
139.62	0
141.91	0
144.07	0
144.16	0
145.46	0
142.30	0
142.62	0
149.07	0
154.33	0
155.49	0
156.28	0
156.41	0
158.52	0
141.26	0
203.60	0
207.01	0
208.18	0
209.07	0
209.64	0
209.79	0
210.09	0
92.82	0
94.62	0
98.24	0
104.68	0
110.15	0
110.66	0
118.64	0
118.94	0
60.54	1
79.36	1
87.38	1
90.86	1
93.30	0
99.93	0
106.05	0
106.45	0
178.23	0
180.77	0
183.86	1
184.58	1
186.08	0
186.70	1
187.35	1
191.26	0
205.20	0
205.50	0
208.47	0
209.48	0
209.55	0
210.33	0
210.54	0
210.66	0
37.38	1
44.30	0
52.20	1
65.18	1
68.96	0
84.35	0
86.21	1
86.60	1
231.01	0
233.17	0
236.30	0
240.73	0
245.24	0
245.75	0
246.91	0
247.46	0
357.63	0
357.91	0
359.53	1
361.05	0
361.45	0
362.10	0
362.37	0
362.73	0
20.58	1
110.13	0
110.85	0
111.31	0
111.41	0
112.43	0
112.55	0
112.93	0
237.72	0
239.07	0
240.79	0
241.65	0
242.17	0
242.42	0
243.24	0
244.58	0
93.38	0
98.87	0
101.15	0
101.28	0
104.47	0
105.26	1
105.39	0
109.96	0
162.99	0
174.12	0
180.28	0
185.64	0
187.31	0
187.38	0
188.97	0
192.36	0
86.48	1
148.35	1
150.77	0
199.01	1
209.45	0
214.81	0
217.14	0
217.78	0
16.36	1
18.22	1
20.83	1
233.03	0
234.09	0
236.38	0
240.14	0
240.92	0
9.92	1
10.77	1
13.58	1
82.31	1
175.30	0
192.92	0
198.05	0
199.49	0
100.54	1
107.71	0
111.29	0
115.72	0
115.99	0
116.19	0
118.34	0
123.46	1
169.00	1
169.81	1
175.71	1
178.10	0
180.36	1
185.38	1
192.13	0
192.35	0
234.91	0
244.98	0
254.77	0
261.27	0
263.43	0
265.12	0
267.04	0
267.12	0
192.13	0
195.42	0
200.06	0
201.18	0
202.59	0
203.95	0
211.21	0
213.59	0
25.39	1
128.75	1
130.17	0
133.93	0
134.37	0
136.01	0
136.51	0
136.61	0
5.86	1
84.99	0
85.01	0
89.13	0
89.90	0
90.15	0
91.07	0
91.47	0
5.07	1
88.53	0
89.64	0
90.30	0
99.17	0
99.78	0
100.33	0
100.96	0
3.44	1
108.26	0
111.08	0
111.10	0
113.10	0
114.16	0
117.48	0
118.17	0
5.24	1
140.69	0
142.60	0
143.33	0
143.57	0
144.56	0
146.50	0
147.22	0
12.63	1
163.51	0
167.08	0
168.56	0
169.42	0
185.10	0
192.12	0
194.09	0
28.05	1
30.02	1
30.08	1
30.14	1
31.50	1
34.52	1
36.37	1
43.98	1
4.25	1
5.09	1
5.84	1
6.25	1
6.60	1
6.68	1
7.25	1
7.87	1
66.16	1
148.35	0
153.29	0
155.63	0
167.67	0
168.88	0
175.39	0
175.64	0
6.30	1
178.00	0
180.69	0
180.78	0
181.07	0
182.51	0
182.72	0
183.91	0
94.12	1
131.47	1
147.02	1
153.57	1
155.01	0
155.94	0
157.69	1
158.09	0
153.92	1
174.70	0
175.22	1
180.58	0
183.83	0
183.92	0
186.47	0
187.72	1
261.99	0
276.62	0
276.68	0
281.73	0
284.45	0
291.28	0
297.61	0
303.98	0
41.32	0
104.37	0
107.04	0
107.68	0
110.01	0
110.77	0
111.56	0
112.04	0
139.23	0
145.18	0
145.72	0
149.28	1
150.76	0
153.24	0
156.18	0
157.44	0
123.24	1
135.78	1
145.50	1
151.54	0
154.84	0
158.93	1
161.65	1
165.35	0
222.37	0
226.38	0
230.53	0
234.71	0
236.23	0
236.53	0
238.93	0
239.26	0
91.17	1
100.05	0
100.22	1
112.05	0
115.08	0
121.30	0
121.86	0
128.80	0
208.38	0
258.55	0
262.88	0
264.62	0
266.36	0
267.30	0
267.98	0
268.97	0
351.26	0
352.07	0
352.94	0
353.02	0
353.29	0
355.16	0
355.84	0
357.38	0
341.36	0
345.11	0
360.05	0
360.69	0
362.23	0
363.92	0
365.24	0
365.29	0
95.49	0
97.86	0
99.35	0
99.93	0
100.25	0
105.97	0
106.07	0
106.48	0
174.29	1
185.87	1
190.01	1
191.14	1
196.51	1
199.37	0
204.39	0
205.29	1
198.54	0
211.82	0
220.43	0
235.63	0
239.07	0
239.11	0
240.41	0
241.63	0
83.87	1
113.67	0
114.86	0
116.95	0
117.57	0
118.20	0
119.37	0
119.93	0
50.62	1
50.80	1
52.87	1
53.96	1
54.50	1
56.64	1
65.81	1
67.62	1
1.25	1
1.33	1
1.42	1
1.43	1
1.73	1
1.85	1
2.67	1
3.26	1
188.03	1
221.69	1
226.92	0
245.14	0
247.65	1
248.07	0
248.99	0
249.61	0
169.46	1
213.92	1
220.88	0
230.92	0
247.59	0
252.69	0
255.02	0
256.31	0
143.66	1
428.76	1
429.36	1
465.42	0
512.69	1
547.11	1
557.25	1
573.98	0
70.07	1
200.44	1
411.97	0
441.12	1
445.11	1
445.16	0
449.61	1
452.67	0
172.54	0
262.68	0
266.04	0
267.68	0
270.47	0
271.02	0
276.89	0
279.48	0
309.37	0
312.32	0
320.51	0
321.47	0
322.84	0
323.43	0
325.69	0
327.73	0
118.69	1
134.01	0
138.91	0
139.23	0
139.38	0
141.77	0
142.80	0
143.87	0
161.03	1
165.81	0
190.40	1
198.47	0
199.38	0
199.87	0
202.12	0
203.44	0
209.51	0
209.93	0
210.48	0
211.07	0
211.73	0
212.12	0
212.61	0
214.55	0
123.51	0
129.01	0
140.19	0
144.49	0
144.59	0
148.01	0
150.62	0
153.98	0
163.62	0
173.03	0
180.25	0
182.51	0
183.76	0
184.43	0
187.29	0
187.89	0
100.70	0
111.25	0
113.84	0
114.16	0
117.56	0
120.93	0
123.12	0
127.39	0
88.99	0
108.04	0
112.06	0
112.31	0
115.08	0
118.74	0
119.39	0
121.07	0
78.96	1
83.10	0
84.07	1
93.56	1
94.80	0
95.48	0
100.31	0
100.48	1
154.78	1
168.60	1
179.52	0
183.43	1
189.28	1
190.77	0
193.91	1
194.60	1
202.71	0
218.45	0
222.00	0
226.87	0
231.71	0
231.88	0
232.20	0
235.77	0
162.46	0
163.23	0
164.72	0
166.25	0
166.67	0
170.18	0
170.53	0
170.90	0
157.47	0
159.41	0
164.95	0
165.11	0
165.35	0
166.07	0
167.77	0
167.79	0
122.35	0
122.52	0
122.75	0
134.62	0
136.89	0
138.82	0
140.06	0
140.28	0
119.58	0
120.00	0
120.77	0
121.95	0
122.46	0
125.78	0
127.29	0
127.39	0
197.37	0
207.81	0
209.52	0
212.90	0
219.17	0
221.18	0
221.55	0
222.90	0
120.41	0
122.84	0
130.51	0
131.58	0
132.63	0
134.93	0
138.52	0
139.90	0
85.10	0
86.72	0
88.95	0
89.82	0
89.94	0
91.22	0
92.56	0
94.42	0
66.50	0
107.90	0
108.37	0
112.48	0
114.40	0
117.22	0
117.22	0
119.84	0
60.59	1
66.03	1
69.93	1
70.64	1
72.90	1
75.40	1
75.54	1
76.23	1
0.90	1
1.45	1
1.62	1
1.79	1
2.15	1
2.49	1
2.56	1
3.12	1
61.96	0
62.77	0
63.28	0
63.53	0
64.33	0
64.78	0
65.47	0
65.65	0
222.50	0
222.78	0
223.87	0
225.92	0
227.82	0
230.33	0
230.78	0
231.12	0
225.27	0
225.39	0
227.06	0
227.22	0
229.11	0
229.84	0
230.49	0
230.69	0
218.39	0
218.88	0
219.59	0
220.27	0
221.49	0
222.45	0
222.87	0
223.91	0
218.46	0
219.38	0
219.97	0
221.09	0
222.15	0
223.07	0
223.46	0
224.50	0
219.86	0
220.85	0
221.48	0
222.42	0
223.36	0
224.20	0
224.58	0
225.45	0
223.74	0
224.63	0
225.57	0
226.46	0
227.07	0
227.82	0
228.50	0
229.11	0
228.05	0
228.83	0
230.02	0
231.18	0
231.52	0
232.35	0
233.18	0
233.64	0
232.30	0
232.52	0
233.93	0
235.47	0
235.60	0
236.44	0
237.40	0
237.77	0
237.42	0
237.54	0
239.12	0
241.05	0
241.58	0
242.13	0
243.25	0
243.43	0
101.93	1
110.66	1
111.88	1
112.11	1
112.39	1
115.25	1
115.56	1
116.42	1
58.88	1
104.41	0
105.21	0
110.97	0
120.84	0
123.43	0
124.08	0
125.11	0
9.68	1
118.72	0
126.43	0
126.56	0
131.04	0
131.25	0
131.67	0
133.18	0
5.97	1
100.67	0
101.93	0
107.01	0
108.14	0
108.43	0
110.53	0
111.81	0
6.67	1
17.06	1
22.39	1
22.84	1
24.43	1
24.73	1
28.42	1
33.34	1
13.44	1
57.54	0
81.94	0
83.32	0
84.54	0
86.23	0
88.19	0
91.32	0
9.12	1
133.55	0
134.11	0
142.81	0
143.64	0
144.50	0
144.65	0
145.10	0
3.64	1
72.65	0
77.03	0
90.22	0
93.98	0
95.93	0
97.13	0
97.47	0
5.96	1
81.43	0
82.99	0
83.12	0
83.21	0
84.02	0
84.12	0
85.02	0
7.04	1
18.82	1
19.58	1
20.26	1
20.71	1
21.15	1
23.18	1
26.44	1
69.32	1
99.84	0
103.00	0
105.11	0
105.81	0
110.94	0
112.00	0
112.31	0
81.54	0
98.47	0
102.11	0
105.14	0
105.87	0
107.56	0
107.69	0
107.92	0
65.31	0
74.33	0
75.69	0
75.75	0
75.76	0
76.54	0
79.90	0
81.12	0
81.14	1
124.64	0
127.01	0
128.45	0
138.33	0
139.47	0
144.44	0
146.32	0
45.65	1
200.54	0
202.01	0
203.19	0
204.59	0
205.14	0
208.12	0
209.46	0
51.71	1
91.27	0
91.61	0
93.04	0
94.62	0
95.75	0
96.02	0
96.77	0
126.94	1
133.55	0
137.65	0
146.86	1
148.61	0
149.42	1
150.86	0
153.93	0
36.00	0
36.76	0
36.78	0
37.41	0
37.55	0
37.67	0
37.89	0
38.65	0
155.99	1
162.23	1
170.24	1
171.62	1
172.43	1
176.34	1
176.64	1
178.57	1
133.86	0
160.55	0
162.57	0
163.95	0
165.09	0
166.29	0
170.22	0
171.35	0
106.20	1
122.02	1
122.12	1
128.27	1
129.17	1
131.63	1
131.73	1
133.16	1
