159.31	0
160.06	0
161.98	0
172.00	0
187.25	0
190.29	0
220.26	0
228.97	0
427.44	0
442.82	0
447.54	0
463.62	0
470.40	0
479.44	0
481.71	0
490.52	0
131.34	1
176.13	0
178.42	0
187.93	0
192.61	0
213.74	0
233.13	0
235.20	0
85.81	0
115.52	0
125.93	0
180.37	0
205.49	0
220.67	0
235.04	0
249.97	0
593.90	0
600.84	0
609.09	0
627.96	0
628.95	0
646.11	0
653.27	0
659.56	0
413.61	0
413.80	0
419.80	0
443.96	0
444.94	0
454.91	0
455.77	0
475.95	0
119.24	0
124.42	0
136.56	0
150.17	0
154.02	0
169.93	0
210.90	0
243.41	0
251.97	0
252.84	0
256.51	0
272.52	0
279.28	0
282.42	0
283.43	0
304.13	0
352.39	0
359.09	0
362.27	0
370.45	0
376.01	0
391.65	0
399.63	0
407.01	0
266.94	0
276.37	0
277.23	0
278.68	0
282.44	0
287.00	0
288.80	0
306.09	0
251.15	0
261.91	0
267.95	0
268.36	0
270.51	0
281.52	0
294.92	0
305.64	0
97.17	0
98.65	0
121.15	0
122.80	0
159.79	0
177.96	0
216.92	0
235.60	0
203.94	0
213.92	0
219.98	1
224.51	0
256.23	0
261.04	0
276.50	0
282.12	0
80.90	0
87.72	1
98.84	1
131.32	0
158.74	0
193.16	0
221.29	0
250.21	0
294.70	0
301.04	0
306.36	0
309.22	0
317.59	0
318.00	0
318.20	0
328.89	0
526.29	0
564.57	0
564.85	0
569.75	0
572.71	0
585.81	0
585.87	0
588.69	0
631.41	0
716.40	0
748.17	0
767.17	0
770.88	0
778.02	0
782.62	0
783.24	0
494.14	0
618.89	0
630.99	0
632.72	0
649.42	0
653.80	0
665.82	0
675.76	0
555.08	0
667.77	0
701.61	0
714.20	0
721.04	0
724.57	0
732.36	0
736.07	0
365.09	0
479.94	0
489.51	0
500.23	0
501.82	0
515.88	0
522.09	0
526.57	0
268.09	0
275.02	0
281.79	0
284.05	0
299.41	0
299.91	0
315.82	0
316.30	0
367.13	0
369.18	0
384.73	0
384.78	0
387.71	0
400.23	0
403.41	0
404.36	0
658.06	0
683.11	0
714.16	0
714.56	0
715.38	0
728.48	0
738.85	0
742.26	0
438.72	0
481.18	0
491.18	0
494.59	0
513.29	0
530.69	0
534.07	0
551.04	0
351.18	0
453.90	0
464.13	0
464.76	0
481.20	0
485.52	0
487.84	0
489.12	0
359.25	0
367.70	0
373.32	0
373.48	0
375.26	0
394.49	0
400.08	0
403.88	0
371.07	0
375.73	0
396.24	0
400.02	0
408.01	0
411.29	0
418.34	0
420.83	0
386.51	0
390.48	0
405.86	0
413.17	0
421.67	0
422.04	0
423.86	0
424.03	0
626.40	0
627.66	0
638.58	0
640.71	0
644.25	0
650.25	0
657.83	0
663.02	0
490.39	0
495.48	0
501.34	0
502.59	0
506.50	0
512.68	0
514.03	0
533.91	0
604.84	0
616.44	0
625.77	0
636.64	0
638.24	0
638.97	0
647.91	0
650.19	0
591.94	0
606.57	0
610.41	0
611.91	0
616.03	0
620.82	0
630.08	0
644.11	0
457.94	0
463.87	0
474.32	0
478.93	0
491.61	0
504.50	0
506.09	0
510.83	0
334.08	0
345.47	0
348.23	0
352.17	0
354.94	0
362.08	0
370.98	0
372.51	0
379.79	0
406.36	0
413.57	0
415.41	0
422.18	0
422.63	0
432.46	0
434.51	0
341.78	0
345.38	0
360.58	0
367.93	0
370.55	0
384.71	0
393.15	0
395.74	0
347.07	0
354.09	0
372.87	0
382.73	0
395.84	0
399.91	0
403.84	0
408.26	0
434.61	0
488.22	0
493.65	0
505.18	0
506.32	0
512.78	0
513.92	0
514.76	0
523.42	0
575.78	0
591.95	0
595.08	0
598.60	0
601.78	0
606.33	0
617.01	0
511.15	0
511.37	0
511.77	0
512.95	0
532.19	0
533.96	0
537.88	0
539.54	0
278.44	0
282.81	0
290.73	0
299.31	0
309.76	0
311.50	0
316.19	0
325.45	0
669.96	0
673.31	0
682.97	0
688.47	0
694.33	0
695.57	0
696.04	0
698.97	0
446.39	0
481.21	0
488.35	0
490.45	0
500.94	0
508.65	0
517.16	0
519.34	0
450.36	0
505.39	0
507.06	0
526.76	0
529.41	0
534.26	0
538.85	0
541.65	0
390.39	0
401.76	0
405.68	0
421.78	0
423.93	0
429.32	0
436.91	0
445.01	0
251.97	0
262.99	0
263.49	0
289.94	0
292.98	0
299.49	0
304.99	0
305.00	0
314.71	0
317.74	0
333.17	0
359.56	0
361.55	0
363.78	0
373.03	0
378.36	0
183.70	0
195.80	0
195.96	0
212.26	0
231.79	0
238.02	0
246.37	0
249.54	0
173.22	0
182.11	0
189.64	0
204.33	0
216.46	0
225.63	0
226.91	0
229.22	0
186.38	0
224.68	0
228.97	0
229.66	0
246.40	0
269.66	0
271.05	0
278.21	0
190.81	0
204.99	0
206.33	0
225.25	0
228.49	0
233.80	0
234.36	0
254.46	0
191.97	1
192.73	0
208.42	1
235.15	0
241.60	1
247.71	0
253.05	0
282.71	0
189.92	0
204.96	0
210.24	0
217.83	0
222.28	0
224.27	0
232.54	0
242.71	0
571.03	0
574.60	0
582.41	0
586.95	0
588.95	0
604.33	0
605.77	0
608.20	0
567.78	0
574.71	0
585.34	0
586.05	0
591.64	0
598.28	0
627.74	0
635.13	0
483.70	0
493.54	0
504.95	0
510.27	0
517.67	0
523.79	0
528.37	0
539.82	0
671.59	0
673.91	0
687.81	0
692.89	0
700.73	0
711.64	0
723.42	0
724.65	0
313.16	0
325.99	0
326.98	0
327.79	0
398.74	0
415.49	0
416.14	0
419.98	0
240.66	0
246.88	0
250.50	0
263.87	0
278.73	0
279.93	0
287.16	0
293.28	0
107.93	0
114.16	0
132.90	0
141.04	0
141.96	0
148.10	0
153.44	0
169.70	0
133.76	0
134.96	0
135.28	0
160.55	0
181.41	0
214.90	0
217.22	0
232.95	0
108.10	0
115.93	0
128.37	0
134.90	0
175.33	0
199.63	0
202.17	0
218.20	0
90.06	0
92.82	0
109.64	0
122.81	0
129.11	0
136.70	0
143.36	0
154.24	0
88.02	0
91.82	0
103.60	0
108.95	0
117.65	0
133.93	0
140.62	0
143.67	0
141.83	0
145.61	0
145.96	0
170.26	0
173.85	0
191.63	0
193.22	0
200.24	0
185.18	0
186.98	0
187.54	0
205.96	0
260.43	0
261.67	0
267.78	0
275.62	0
132.57	0
160.15	0
169.35	0
176.19	0
196.89	0
203.00	0
207.86	0
217.28	0
25.52	0
25.68	1
33.13	1
80.49	0
86.87	1
99.74	0
119.69	0
129.06	0
179.32	0
190.64	0
198.62	0
203.01	0
210.18	0
212.05	0
222.11	0
226.81	0
158.66	0
178.91	0
181.77	0
185.68	0
193.18	0
193.73	0
203.14	0
205.63	0
101.93	0
125.16	0
129.30	0
133.24	0
140.65	0
152.05	0
156.76	0
161.55	0
134.57	0
136.23	0
151.50	0
161.55	0
165.38	0
170.14	0
179.52	0
179.54	0
172.62	0
175.67	0
192.11	0
196.39	0
207.32	0
226.01	0
227.48	0
231.90	1
174.48	0
178.43	0
182.27	0
186.75	0
191.60	0
204.04	0
209.53	0
210.08	0
98.13	0
98.40	0
103.74	0
111.61	0
120.15	0
130.09	0
139.98	0
140.81	0
136.84	0
145.97	0
149.64	0
157.58	0
167.98	0
168.28	0
171.89	0
177.78	0
109.37	0
109.40	0
131.96	0
134.45	0
142.38	0
144.44	0
149.73	0
157.97	0
188.18	0
197.12	0
216.02	0
216.13	0
220.12	0
223.38	0
223.66	0
240.48	0
235.04	0
261.17	0
266.31	0
286.61	0
294.09	0
295.98	0
297.63	0
313.66	0
253.00	0
257.28	0
270.53	0
272.32	0
286.01	0
287.94	0
289.86	0
294.21	0
149.28	0
164.18	0
169.77	0
174.18	0
177.63	0
184.08	0
192.69	0
193.51	0
188.00	0
197.73	0
208.06	0
211.56	0
217.73	0
220.11	0
222.12	0
233.27	0
289.29	0
300.91	0
305.31	0
315.45	0
318.08	0
323.10	0
329.99	0
331.27	0
131.92	0
158.07	0
162.71	0
186.25	0
191.42	0
204.56	0
212.47	0
225.90	0
337.25	1
445.00	0
453.30	0
453.65	0
465.15	0
471.65	0
471.70	0
472.09	0
145.43	0
284.00	0
290.84	0
299.26	0
301.39	0
302.35	0
312.04	0
315.56	0
468.33	0
475.06	0
499.13	0
499.31	0
505.11	0
507.43	0
512.96	0
519.97	0
145.16	0
158.37	0
168.13	0
168.53	0
171.62	0
173.82	0
176.24	0
179.22	0
185.26	0
214.44	0
219.31	0
235.11	0
254.16	0
254.75	0
258.79	0
264.00	0
314.61	0
318.35	0
328.48	0
330.39	0
332.04	0
334.59	0
338.02	0
343.25	0
536.89	0
539.79	0
540.73	0
546.56	0
558.81	0
559.29	0
562.52	0
565.91	0
54.60	1
108.03	0
110.05	0
140.50	0
150.34	0
150.49	0
159.79	0
162.17	0
164.89	0
165.35	0
174.25	0
176.36	0
181.23	0
186.56	0
200.03	0
207.24	0
166.58	0
169.98	0
174.31	0
191.98	0
193.58	0
200.79	0
208.19	0
216.38	0
8.20	1
66.38	0
73.24	0
96.52	0
96.74	0
98.39	0
118.23	0
122.21	0
148.02	0
168.41	0
178.46	0
212.74	0
213.52	0
224.50	0
228.98	0
230.99	0
198.25	0
209.49	0
209.62	0
224.53	0
239.12	0
239.69	0
243.82	0
251.62	0
266.95	0
280.30	0
284.02	0
309.24	0
319.31	0
327.40	0
340.84	0
342.28	0
107.35	0
111.64	0
122.54	0
137.85	0
144.38	0
148.56	0
152.35	0
153.96	0
315.78	0
318.29	0
324.06	0
337.49	0
342.66	0
343.08	0
344.21	0
354.93	0
180.50	0
187.92	0
197.58	0
198.84	0
214.18	0
221.14	0
221.26	0
223.39	0
293.48	0
293.98	0
305.06	0
312.31	0
314.73	0
332.48	0
333.63	0
338.83	0
104.24	0
116.16	0
118.93	0
151.58	0
154.70	0
161.63	0
162.44	0
167.74	0
354.46	0
359.62	0
374.19	0
377.67	0
383.96	0
384.44	0
386.27	0
386.82	0
430.56	0
434.08	0
443.64	0
453.32	0
456.71	0
465.00	0
467.83	0
470.59	0
315.24	0
318.10	0
340.94	0
343.62	0
348.93	0
355.44	0
366.13	0
375.93	0
203.54	0
222.55	0
224.35	0
229.56	0
233.03	0
237.13	0
240.08	0
242.16	0
166.24	0
192.16	0
205.69	0
238.38	0
243.58	0
253.93	0
259.51	0
268.16	0
277.83	0
292.97	0
294.41	0
301.09	0
302.23	0
307.81	0
308.48	0
314.32	0
118.38	0
123.55	0
142.34	0
149.56	0
153.61	0
154.36	0
158.13	0
158.24	0
126.14	0
144.38	0
152.07	0
159.43	0
160.43	0
163.49	0
163.73	0
169.08	0
222.99	0
249.81	0
252.60	0
294.49	0
301.22	0
306.09	0
311.02	0
314.09	0
307.23	0
319.69	0
327.11	0
332.02	0
355.66	0
360.64	0
370.16	0
372.07	0
270.67	0
283.74	0
292.32	0
294.88	0
294.92	0
310.32	0
313.74	0
316.43	0
230.71	0
245.62	0
247.56	0
251.89	0
264.07	0
265.98	0
269.41	0
282.45	0
84.72	0
90.44	0
98.00	0
118.84	0
127.17	0
138.26	0
143.36	0
156.35	0
236.77	0
250.56	0
251.53	0
251.70	0
261.04	0
266.41	0
275.20	0
278.28	0
205.03	0
218.16	0
234.50	0
242.31	0
242.37	0
243.29	0
244.35	0
245.54	0
199.16	1
273.81	0
295.06	0
302.76	0
305.25	0
306.42	0
310.80	0
314.78	0
277.62	0
292.59	0
300.64	0
310.23	0
313.97	0
326.79	0
331.37	0
331.86	0
150.39	0
169.16	0
171.06	0
173.37	0
174.36	0
178.63	0
180.44	0
182.88	0
143.15	0
152.73	0
166.23	0
169.49	0
173.13	0
179.88	0
183.20	0
184.69	0
170.28	0
180.25	0
190.79	0
198.82	0
204.07	0
205.10	0
210.37	0
213.76	0
78.95	0
86.78	0
89.26	0
94.40	0
99.56	0
106.06	0
134.48	0
134.98	0
18.72	1
36.41	1
40.45	0
41.98	1
107.78	1
115.04	0
116.25	0
118.42	0
141.53	0
141.69	0
142.00	0
144.40	0
146.13	0
157.59	0
175.60	0
178.97	0
147.46	0
148.17	0
155.88	0
158.26	0
164.99	0
166.06	0
168.14	0
172.42	0
163.11	1
192.65	0
198.81	0
201.71	0
202.02	0
203.03	0
205.82	0
206.66	0
11.10	1
110.28	0
112.93	0
118.54	0
125.36	0
131.71	0
135.98	0
137.14	0
13.76	1
110.98	0
124.14	0
124.45	0
127.19	0
140.20	0
144.11	0
144.45	0
69.16	0
80.81	0
85.01	0
89.46	0
90.78	0
98.06	0
99.41	0
99.97	0
10.70	1
17.85	1
27.79	1
29.35	0
34.31	1
98.33	0
99.57	1
100.77	0
115.21	1
175.81	0
177.90	0
179.30	0
179.69	0
183.84	1
189.17	0
191.34	0
9.57	1
10.30	1
115.26	0
117.06	0
118.31	0
122.25	0
123.50	0
133.96	0
9.47	1
9.61	1
105.13	0
115.18	0
122.76	0
125.72	0
127.34	0
138.55	0
139.17	0
139.27	1
155.00	0
156.36	0
160.67	0
161.89	0
165.14	0
173.01	0
128.29	1
169.03	0
172.42	0
172.78	0
173.08	0
175.34	0
175.43	0
182.56	0
344.47	0
345.90	0
351.30	0
355.06	0
357.60	0
357.97	0
363.99	0
364.48	0
221.71	1
224.07	0
230.41	0
230.47	0
232.67	0
245.76	1
248.56	0
250.98	0
255.64	0
268.40	0
271.06	0
274.83	0
275.64	0
278.21	0
278.29	0
279.42	0
309.44	0
310.60	0
327.15	0
329.20	0
329.75	0
329.99	0
330.01	0
330.10	0
194.24	0
199.58	0
200.54	0
208.19	1
209.95	0
224.73	0
228.45	0
235.69	0
192.42	0
199.73	0
201.24	0
203.11	0
205.15	0
205.49	0
218.32	0
221.03	0
169.11	0
177.31	0
180.09	0
181.07	0
182.91	0
189.53	0
190.81	0
196.44	0
177.48	0
177.59	0
184.59	0
188.15	0
192.83	0
203.04	0
204.69	0
204.96	0
72.99	0
74.26	0
75.22	0
75.45	0
87.34	0
98.51	0
101.46	0
110.47	0
173.88	0
179.49	0
187.26	0
188.37	0
188.65	0
194.60	0
195.00	0
195.09	0
105.45	1
122.71	0
129.98	0
135.74	0
143.02	0
146.19	0
149.71	0
157.55	0
223.62	0
226.82	0
236.28	0
239.47	0
241.17	0
241.76	0
250.44	1
252.18	0
268.48	0
269.16	0
269.53	0
275.48	0
276.22	0
283.02	0
287.03	0
290.36	0
242.98	0
249.94	0
251.79	0
254.22	0
265.08	0
268.73	0
274.75	0
279.21	0
195.52	1
216.68	0
220.52	0
249.80	0
249.96	0
249.97	0
257.73	0
259.21	0
22.22	1
173.54	0
175.76	0
176.73	0
177.69	0
179.84	0
187.75	0
190.85	0
6.62	1
106.62	0
112.06	0
118.51	0
119.57	0
120.13	0
124.18	0
127.16	0
28.66	1
69.63	0
75.14	0
78.59	0
80.31	0
80.57	0
87.25	0
89.04	0
6.01	1
13.54	1
24.85	1
35.79	1
43.66	0
44.86	1
106.50	1
117.27	0
94.16	1
163.91	0
164.55	0
176.26	0
176.54	0
178.01	0
185.65	0
191.23	0
91.88	0
189.32	0
194.28	0
195.49	0
201.44	0
203.02	0
207.19	0
208.90	0
101.31	1
190.27	1
207.26	1
252.45	0
256.81	0
261.56	0
262.11	0
269.70	0
2.94	1
7.93	1
9.55	1
109.01	0
110.77	0
114.70	0
115.39	0
115.70	0
4.16	1
5.97	1
9.23	1
110.27	0
113.60	0
115.39	0
123.09	0
123.81	0
175.31	0
201.95	0
209.44	0
218.76	0
219.29	0
219.46	0
224.76	0
230.96	0
88.93	1
101.89	0
107.52	0
108.90	0
118.53	0
119.23	0
120.50	0
124.08	0
235.16	0
239.14	0
243.89	0
246.67	0
250.58	0
255.72	0
258.63	0
259.23	0
176.27	0
187.74	0
191.69	0
194.10	0
194.30	0
195.91	0
198.02	0
200.84	0
98.28	1
107.81	0
125.48	0
129.67	0
130.95	0
135.64	0
138.64	1
139.67	0
41.86	1
71.81	0
78.74	0
85.68	0
90.87	0
91.36	0
92.19	0
101.90	0
1.83	1
9.81	1
14.03	1
16.05	1
29.47	0
30.09	1
35.14	1
101.10	0
37.56	1
147.26	1
171.54	0
182.41	1
187.39	0
187.88	0
190.84	0
196.44	0
6.54	1
11.64	1
12.24	1
14.89	1
116.73	0
117.08	0
119.00	0
120.57	0
7.41	1
9.42	1
9.96	1
16.12	1
120.42	0
123.85	0
128.85	0
129.08	0
112.08	0
148.28	0
153.38	0
164.23	0
165.31	0
166.76	0
167.36	0
169.13	0
169.43	1
235.47	0
239.23	0
245.00	0
248.36	0
249.28	0
257.05	0
264.58	0
50.69	1
71.21	1
75.48	0
102.93	0
105.35	0
106.37	0
112.19	0
113.32	0
170.23	1
227.83	0
237.57	0
238.07	0
239.75	0
243.85	0
250.10	0
257.36	0
147.50	1
190.22	0
195.08	0
211.19	0
221.48	0
225.19	0
233.01	0
236.73	0
99.44	0
105.60	0
118.23	1
129.61	1
151.67	0
151.77	0
153.06	0
158.04	0
204.56	0
245.79	0
247.43	0
253.07	0
257.63	0
260.48	0
268.78	0
274.10	0
61.94	1
152.12	0
196.04	0
229.90	0
233.10	0
234.44	0
234.86	0
234.90	0
31.18	1
213.45	0
256.22	0
258.79	0
259.29	0
263.39	0
268.16	0
277.97	0
23.53	1
167.02	1
169.84	1
248.33	0
251.61	0
256.60	0
266.25	0
271.64	0
49.18	1
216.45	0
231.49	0
233.18	0
233.96	0
245.53	0
248.58	0
248.64	0
5.66	1
145.41	0
146.03	0
146.96	0
149.46	0
150.04	0
150.72	0
151.90	0
5.75	1
125.28	0
131.08	0
131.39	0
131.99	0
136.53	0
140.37	0
140.82	0
10.36	1
168.59	0
178.06	0
183.12	0
184.05	0
187.78	0
188.63	0
198.74	0
95.95	0
96.06	0
104.28	0
108.15	0
122.55	0
128.85	0
129.35	0
133.53	0
229.08	0
278.04	0
282.02	0
296.73	0
299.28	0
304.56	0
304.76	0
306.80	0
281.57	0
284.91	0
285.42	0
292.23	0
292.99	0
294.54	0
295.41	0
300.71	0
283.17	0
283.40	0
286.79	0
290.20	0
290.26	0
291.01	0
292.98	0
293.19	0
127.30	0
129.16	0
129.32	0
131.30	0
132.60	0
135.21	0
135.92	0
136.17	0
67.22	1
116.77	0
118.16	0
129.47	0
129.50	0
134.49	0
140.60	1
140.68	0
187.13	1
192.30	0
192.60	0
196.32	0
200.32	0
201.94	0
202.72	0
202.80	0
211.30	0
218.48	0
219.88	0
222.06	0
234.75	0
236.03	0
238.12	0
239.38	0
294.75	0
300.56	0
304.90	0
307.82	0
309.81	0
310.40	0
311.08	0
313.96	0
337.06	0
350.50	0
352.89	0
355.15	0
367.09	0
367.40	0
369.02	0
369.25	0
178.38	0
178.91	0
183.11	0
199.51	0
211.31	0
212.20	0
214.29	0
215.29	0
190.36	0
210.70	0
241.21	0
248.31	0
259.36	0
259.88	0
260.74	0
263.35	0
162.05	0
186.11	0
195.88	0
201.23	0
203.62	0
206.37	0
207.46	0
208.32	0
156.56	0
191.62	0
192.48	0
205.66	0
207.50	0
208.88	0
210.78	0
212.84	0
137.45	0
143.46	0
151.65	0
154.51	0
157.17	0
158.57	0
159.83	0
164.08	0
180.78	0
180.90	0
184.74	0
189.57	0
191.27	0
193.36	0
196.44	0
196.68	0
88.68	1
178.71	0
197.04	0
197.79	0
201.67	0
206.76	0
208.78	0
223.23	0
54.48	1
98.52	0
111.82	0
112.71	0
114.77	0
120.23	0
123.02	0
129.39	0
53.59	1
57.64	1
93.66	1
137.07	0
138.81	0
144.57	0
152.34	0
160.42	0
150.64	0
151.76	0
152.57	0
157.98	0
160.65	0
161.74	0
161.89	0
162.20	0
104.49	0
108.36	0
110.39	0
112.93	0
114.22	0
116.11	0
117.41	0
121.84	0
261.44	0
267.23	0
283.32	0
291.09	0
291.60	0
292.49	0
293.20	0
304.73	0
124.86	0
126.83	0
127.82	0
144.11	0
150.50	0
153.19	0
154.74	0
157.03	0
405.72	0
412.82	0
418.41	0
440.69	0
445.68	0
445.83	0
450.41	0
459.87	0
519.70	1
527.58	1
590.23	0
629.25	0
632.27	0
645.56	0
648.48	0
652.46	0
45.64	1
56.46	1
73.93	0
79.23	0
86.21	0
89.47	0
90.64	0
94.60	0
144.13	0
145.69	0
148.68	0
149.67	0
154.82	0
155.08	0
156.20	0
158.67	0
187.42	0
188.24	0
191.47	0
193.73	0
194.63	0
204.22	0
205.44	0
211.93	0
69.89	0
83.85	0
105.34	0
114.55	0
124.84	0
128.24	0
130.73	0
143.42	0
112.48	0
149.51	0
169.97	0
174.54	0
176.30	0
181.21	0
185.15	0
185.33	0
216.64	0
217.33	0
219.64	0
220.16	0
225.31	0
227.34	0
227.53	0
241.99	0
220.82	0
222.36	0
238.22	0
241.54	0
242.73	0
243.45	0
244.96	0
245.06	0
236.58	0
242.12	0
255.32	0
257.22	0
257.23	0
259.15	0
259.26	0
261.60	0
223.20	0
226.83	0
235.29	0
247.43	0
247.56	0
256.82	0
264.25	0
265.79	0
212.51	0
217.24	0
219.19	0
221.87	0
222.92	0
223.46	0
235.75	0
236.94	0
121.72	0
122.98	0
123.76	0
128.24	0
132.70	0
132.86	0
133.91	0
136.20	0
299.90	1
300.66	0
313.49	0
322.35	1
325.19	0
325.48	0
330.88	0
331.88	0
319.85	0
320.19	0
320.80	0
334.36	0
344.43	0
350.08	0
350.83	0
351.13	0
164.94	0
166.20	0
183.44	0
184.68	0
185.55	0
187.68	0
197.25	0
199.46	0
209.23	0
215.58	0
226.48	0
226.99	0
234.26	0
234.42	0
235.13	0
237.40	0
313.38	0
319.34	0
320.79	0
333.57	0
341.39	0
345.36	0
348.63	0
354.76	0
275.85	0
276.27	0
278.56	0
295.32	0
305.20	0
306.21	0
306.94	0
311.26	0
245.66	0
250.89	0
254.40	0
256.81	0
264.36	0
272.02	0
273.04	0
276.97	0
262.08	0
268.84	0
276.34	0
279.15	0
281.87	0
285.07	0
286.89	0
289.26	0
235.64	0
238.75	0
243.20	0
251.67	0
254.63	0
255.08	0
255.49	0
256.45	0
218.74	0
224.52	0
226.22	0
240.85	0
243.32	0
246.21	0
247.07	0
251.91	0
71.14	1
78.35	1
111.94	0
118.29	0
120.56	0
122.65	0
126.93	0
133.38	0
153.19	0
174.96	0
175.29	0
175.76	0
177.21	0
182.12	0
185.86	0
186.09	0
177.75	0
184.47	0
185.65	0
189.64	0
198.31	0
202.17	0
203.73	0
204.40	0
247.51	0
248.72	1
255.39	0
257.29	0
257.74	1
258.28	0
263.54	0
264.25	0
375.61	0
384.19	0
386.23	0
386.40	0
390.65	0
394.29	0
398.37	0
399.79	0
29.18	1
84.32	0
89.21	0
98.76	0
99.73	0
101.70	0
108.90	0
108.90	0
190.71	0
229.00	0
241.14	0
244.50	0
245.78	0
246.25	0
246.83	0
251.92	0
273.87	0
279.94	0
288.22	0
289.51	0
292.40	0
292.71	0
293.86	0
294.04	0
211.78	0
212.59	0
213.74	0
223.54	0
229.33	0
232.96	0
236.62	0
240.79	0
115.54	0
137.90	0
138.53	0
145.52	0
148.16	0
153.46	0
154.23	0
155.15	0
241.42	0
248.75	0
250.00	0
253.40	0
254.69	0
255.56	0
260.90	0
261.34	0
298.41	0
304.43	0
307.31	0
309.54	0
309.60	0
314.44	0
315.44	0
315.64	0
284.14	0
292.53	0
294.57	0
295.10	0
295.88	0
295.96	0
296.27	0
305.36	0
170.31	0
217.46	1
217.73	0
220.64	0
222.81	1
224.88	0
226.03	0
226.82	0
287.18	0
289.72	0
301.13	0
301.77	0
302.14	0
303.86	0
304.61	0
306.66	0
238.95	0
242.31	0
260.23	0
263.35	0
266.51	0
269.62	0
269.63	0
270.44	0
203.32	0
207.30	0
223.07	0
223.43	0
234.97	0
236.85	0
239.15	0
242.49	0
235.88	0
236.77	0
239.01	0
248.79	0
248.88	0
255.09	0
259.08	0
259.16	0
243.19	0
243.63	0
245.37	0
247.72	0
252.04	0
252.18	0
254.55	0
255.09	0
109.49	0
123.27	0
123.86	0
124.73	0
130.23	0
131.67	0
133.88	0
136.53	0
222.07	1
227.52	0
245.66	0
245.91	0
256.59	0
267.29	1
270.91	0
277.39	0
168.31	0
248.50	0
274.94	0
276.92	0
288.19	0
290.69	0
291.96	0
292.85	0
108.66	1
109.00	1
150.16	0
157.54	0
158.91	0
159.15	0
161.10	0
161.11	0
4.34	1
6.21	1
13.88	1
14.51	1
24.03	1
43.45	1
49.62	0
51.04	1
62.66	1
75.08	1
166.68	1
220.30	0
221.88	1
230.76	0
236.19	0
238.53	0
20.97	1
21.93	1
27.74	1
28.86	1
31.09	1
133.45	0
135.38	0
136.64	0
13.05	1
13.09	1
13.68	1
14.18	1
17.54	1
123.61	0
128.20	0
129.91	0
58.51	1
131.20	0
182.09	0
189.93	0
193.70	0
195.27	0
197.24	0
198.99	0
61.61	1
168.47	1
170.77	0
172.83	0
204.10	0
216.99	0
218.07	0
226.56	0
19.15	1
51.04	1
53.70	1
76.41	1
81.62	0
89.04	0
89.49	0
94.04	0
205.62	0
219.57	0
239.08	0
256.29	0
261.09	0
264.15	0
264.63	0
272.97	0
231.94	0
235.86	0
273.76	0
278.91	0
282.03	0
283.02	0
283.02	0
285.64	0
214.41	1
223.79	0
228.13	1
239.89	0
239.98	0
245.75	0
246.26	0
247.04	0
205.07	0
207.95	0
214.14	0
215.61	0
219.06	0
219.79	0
223.58	0
224.57	0
200.09	1
220.12	0
229.63	0
239.33	0
246.94	0
252.78	0
257.05	0
258.34	0
238.54	0
241.91	0
242.31	0
243.93	0
243.96	0
249.36	0
250.71	0
255.70	0
193.35	0
197.73	0
210.79	0
211.04	0
215.46	0
217.28	0
217.51	0
218.19	0
31.67	1
38.43	1
70.00	1
79.22	0
83.43	0
86.36	0
91.66	0
94.87	0
196.86	0
227.94	0
246.63	0
249.84	0
271.58	0
287.86	0
289.39	0
291.14	0
304.70	0
320.07	0
327.62	0
328.73	0
336.70	0
346.21	0
348.10	0
351.02	0
484.33	0
491.16	0
498.91	0
514.51	0
515.65	0
518.31	0
520.66	0
522.91	0
79.72	0
94.15	0
95.85	0
98.48	0
103.32	0
103.38	0
107.11	0
109.29	0
55.04	1
68.81	1
75.09	0
81.57	1
96.28	0
98.85	0
100.87	0
105.99	0
221.84	0
232.09	0
242.34	0
246.59	0
252.65	0
259.82	0
263.35	0
264.96	0
223.03	0
224.84	0
226.64	0
232.16	0
232.91	0
233.37	0
236.04	0
239.72	0
39.91	1
41.30	1
64.96	1
87.06	0
87.93	0
91.76	0
97.74	0
102.05	0
43.75	1
125.75	1
143.85	0
152.74	0
155.31	0
163.95	0
177.12	0
194.51	0
13.04	1
129.10	0
266.18	0
271.97	0
283.64	0
283.76	0
287.28	0
287.63	0
27.12	1
127.43	1
171.94	0
174.07	0
182.16	0
198.08	0
202.57	0
204.90	0
20.24	1
22.95	1
56.52	1
58.39	0
66.61	0
71.42	0
72.18	0
74.58	0
46.19	1
57.54	1
90.55	0
91.35	0
100.61	0
103.41	0
107.69	0
111.53	0
2.97	1
5.28	1
5.30	1
8.22	1
9.31	1
17.68	1
34.86	1
38.95	0
175.42	0
186.75	0
211.39	0
232.18	0
238.09	0
240.32	0
251.56	0
255.57	0
201.18	0
208.01	0
220.54	0
224.69	1
225.55	0
230.75	0
233.51	0
234.43	0
224.13	0
312.95	0
313.31	0
313.57	0
319.83	0
320.24	0
321.11	0
338.09	0
41.26	1
43.25	1
45.98	1
56.39	1
81.11	1
97.42	0
101.62	0
110.71	0
124.07	1
147.22	0
161.92	0
184.46	0
202.44	0
209.01	0
248.49	0
251.44	0
98.13	1
207.61	0
217.49	0
234.97	0
235.44	0
236.81	0
242.54	0
246.75	0
44.49	1
51.99	1
78.64	1
129.95	0
141.17	0
164.04	0
168.99	0
173.75	0
9.65	1
25.90	1
102.58	1
208.51	0
210.20	0
245.22	0
251.85	0
253.42	0
7.87	1
19.48	1
73.74	1
173.32	1
174.96	1
251.08	0
255.74	0
260.60	0
54.56	1
71.74	1
215.34	0
252.60	0
254.26	0
255.43	0
276.12	0
278.49	0
2.01	1
4.99	1
99.56	0
138.46	0
141.96	0
142.07	0
142.89	0
143.31	0
1.79	1
5.50	1
105.78	0
114.25	0
123.08	0
128.08	0
128.65	0
129.55	0
4.64	1
7.63	1
168.76	0
174.30	0
174.47	0
176.35	0
178.24	0
182.45	0
183.31	0
192.24	1
195.41	0
199.13	0
200.97	0
203.18	0
203.53	0
204.34	0
273.81	0
274.03	0
277.95	0
278.05	0
280.47	0
280.73	0
280.91	0
281.15	0
120.65	1
131.79	1
132.81	1
136.78	0
141.17	0
146.65	0
152.23	0
153.56	0
180.00	0
187.80	0
196.14	1
198.09	0
199.58	0
202.10	0
204.50	0
208.21	0
148.07	1
157.38	1
168.34	1
191.45	0
202.94	0
214.15	0
214.30	0
216.07	0
141.87	1
153.32	1
154.99	0
155.27	0
155.51	0
156.18	0
156.62	0
157.13	0
218.07	0
220.52	0
223.12	0
229.36	0
229.83	0
230.08	0
233.11	0
233.45	0
111.83	0
111.95	1
120.81	0
125.81	0
128.20	1
134.76	0
138.12	0
143.12	0
221.94	0
229.46	0
230.61	1
233.87	0
237.72	0
238.60	0
241.74	0
241.78	0
232.74	1
240.10	1
245.38	1
245.74	0
253.39	0
258.08	0
262.20	1
267.11	1
7.62	1
7.73	1
8.27	1
8.71	1
11.79	1
33.67	1
104.18	0
106.39	0
5.06	1
7.83	1
7.89	1
8.42	1
13.24	1
20.45	1
113.20	0
118.35	0
139.76	1
188.97	0
196.36	0
197.86	1
204.39	0
205.11	0
209.00	0
212.18	0
246.82	0
247.91	0
248.53	0
250.10	0
253.17	0
253.27	0
262.72	0
264.23	0
119.86	0
121.52	0
123.56	0
133.27	0
133.72	0
139.92	0
141.43	0
141.99	0
166.41	0
171.20	0
196.82	0
198.72	1
199.31	0
200.50	0
204.10	0
204.33	0
380.05	0
385.83	0
397.16	0
402.62	0
402.78	0
405.14	0
406.17	0
408.06	0
382.10	1
393.99	1
428.69	0
436.43	0
437.81	0
439.72	0
440.32	0
440.70	0
256.33	0
266.45	1
280.05	0
283.48	0
284.05	0
284.46	0
287.61	0
289.05	0
370.95	1
380.86	0
403.21	0
405.96	0
414.60	0
418.06	0
418.90	0
418.92	0
137.14	1
150.95	1
158.80	0
159.26	1
162.12	0
163.74	0
166.10	0
168.21	0
483.98	0
488.08	0
501.58	0
533.64	0
538.29	0
539.12	0
546.72	0
547.98	1
558.39	1
598.41	0
614.13	0
642.87	0
663.22	0
673.34	0
675.69	0
676.13	0
305.89	0
328.80	1
330.32	0
346.23	0
369.23	0
373.35	0
374.87	0
376.08	0
126.52	0
185.06	0
191.53	0
198.09	0
202.21	0
222.13	0
244.86	0
245.03	0
381.36	0
394.46	0
419.86	0
441.66	0
444.18	0
450.71	0
460.95	0
463.94	0
274.33	0
275.22	0
304.57	0
328.22	0
330.65	0
332.97	0
333.78	0
338.45	0
51.16	1
68.28	1
72.78	1
87.02	1
104.00	0
104.57	0
104.70	0
105.74	0
128.48	0
129.54	0
136.92	0
140.70	0
143.67	0
146.92	0
147.55	0
148.37	0
125.96	0
159.76	0
175.62	0
177.00	0
177.77	0
180.68	0
185.05	0
185.91	0
85.85	0
111.61	0
114.54	0
118.85	0
123.58	0
130.18	0
131.71	0
133.00	0
113.88	0
114.58	0
126.09	0
126.90	0
129.79	0
133.18	0
133.54	0
133.77	0
33.57	1
37.84	1
63.98	1
65.85	0
76.14	0
77.38	0
79.41	0
80.96	0
2.81	1
3.22	1
6.77	1
6.93	1
7.77	1
8.50	1
17.41	1
33.80	1
50.14	0
78.76	0
127.39	0
132.64	0
134.11	0
143.25	0
143.66	0
144.39	0
106.73	0
146.15	1
219.33	0
226.82	0
227.13	0
228.30	0
228.90	0
231.64	0
57.76	1
71.02	1
155.98	1
171.85	1
190.45	1
192.78	1
206.49	0
218.44	0
1.84	1
2.77	1
10.24	1
10.42	1
11.86	1
13.82	1
28.21	1
110.10	0
3.81	1
5.64	1
13.07	1
13.78	1
15.37	1
16.39	1
17.48	1
116.95	0
149.82	1
197.16	0
197.43	0
203.75	0
205.27	0
227.30	1
232.34	0
232.46	0
42.04	1
45.74	1
63.19	1
72.74	1
99.88	0
103.87	0
104.01	0
112.40	0
215.12	0
271.37	0
274.93	0
276.45	0
276.50	0
279.99	0
283.63	0
285.04	0
38.30	1
51.24	1
85.20	0
87.20	0
90.48	0
97.28	0
97.49	0
98.33	0
1.07	1
2.32	1
6.07	1
7.93	1
9.27	1
13.69	1
14.66	1
15.49	1
95.82	0
116.09	0
140.43	0
165.09	0
169.19	0
173.34	0
175.84	0
195.43	0
103.10	0
106.50	0
108.39	0
109.51	0
111.83	0
112.65	0
114.10	0
115.48	0
20.80	1
32.06	1
166.23	0
167.00	0
167.40	0
169.55	0
174.69	0
174.72	0
4.67	1
9.41	1
51.59	1
104.55	0
118.18	0
119.24	0
119.71	0
123.96	0
65.65	1
73.28	1
80.95	0
90.29	0
109.64	0
110.31	0
120.36	0
121.35	0
157.16	0
172.27	1
179.29	0
181.07	1
185.74	0
194.80	0
196.08	0
200.51	0
70.36	1
159.17	0
203.13	0
218.99	0
237.27	0
242.78	0
243.68	0
248.44	0
29.67	1
183.79	0
240.60	0
251.87	0
251.89	0
253.85	0
255.99	0
256.12	0
143.53	0
146.48	0
148.84	0
148.97	0
154.21	0
154.91	0
155.05	0
156.06	0
80.28	1
114.57	1
115.64	1
122.81	1
141.00	1
148.49	1
175.57	1
200.00	0
8.54	1
8.84	1
9.21	1
9.25	1
11.23	1
11.33	1
15.23	1
31.62	1
5.87	1
6.83	1
7.01	1
8.36	1
9.20	1
10.39	1
14.24	1
16.06	1
69.53	1
73.17	1
78.09	0
81.48	0
89.37	0
94.95	0
96.49	0
100.20	0
77.66	1
82.93	1
98.30	1
115.34	0
123.03	0
124.10	0
124.20	0
125.92	0
81.63	1
95.12	1
123.94	0
150.32	0
151.58	0
155.72	0
156.09	0
156.48	0
179.07	0
180.15	0
185.59	0
186.49	0
188.11	0
193.60	0
194.17	0
195.10	0
236.28	0
240.45	0
241.63	0
242.29	0
247.57	0
248.80	0
251.52	0
253.14	0
173.34	0
173.90	0
182.57	0
196.16	0
198.35	0
198.55	0
199.68	0
200.41	0
294.94	0
300.79	0
303.44	0
304.40	0
305.43	0
307.29	0
307.38	0
307.49	0
279.61	0
283.01	0
285.92	0
286.46	0
286.98	0
287.36	0
288.01	0
291.67	0
330.03	0
350.18	0
350.56	0
353.19	0
368.73	0
373.14	0
374.77	0
377.96	0
182.87	0
183.53	0
183.94	0
184.93	0
185.20	0
185.47	0
186.31	0
188.01	0
232.38	0
236.36	0
236.37	0
239.80	0
241.33	0
241.66	0
246.69	0
247.10	0
180.29	0
219.76	0
240.93	0
244.38	0
249.14	0
252.33	0
254.55	0
261.88	0
30.56	1
35.08	1
52.81	1
56.86	1
61.00	0
63.26	0
63.91	0
68.17	0
135.06	1
157.96	0
175.81	1
199.27	0
203.76	0
205.78	0
207.85	0
208.08	0
134.38	0
154.61	0
216.86	0
218.98	0
227.39	0
230.48	0
230.83	0
234.35	0
174.68	0
180.33	0
187.02	1
188.89	0
190.16	0
190.90	0
195.98	0
195.98	0
224.22	0
249.04	0
250.07	0
251.24	0
253.44	0
254.78	0
257.46	0
262.38	0
237.48	0
284.70	0
285.98	0
288.13	0
289.40	0
290.69	0
291.42	0
292.02	0
175.40	0
178.20	0
194.54	0
195.64	0
204.76	0
205.11	0
205.99	0
206.38	0
288.78	0
289.09	0
289.76	0
292.80	0
296.84	0
297.11	0
299.87	0
300.42	0
534.81	0
540.36	0
542.60	0
544.01	0
547.13	0
552.79	0
553.88	0
554.03	0
231.27	0
234.98	0
239.73	0
242.89	0
246.62	0
246.91	0
248.39	0
248.69	0
123.17	0
165.78	0
169.85	0
177.70	0
177.99	0
181.93	0
183.89	0
183.94	0
107.19	1
146.97	1
149.03	0
150.28	0
152.42	0
152.65	0
153.16	0
156.91	0
134.78	1
144.62	0
144.67	0
173.41	0
180.35	0
180.54	0
180.84	0
182.73	0
133.11	1
140.11	0
149.52	0
151.66	0
152.57	0
169.73	0
175.68	0
177.99	0
13.63	1
22.35	1
27.50	1
51.47	1
63.64	1
64.82	0
66.59	0
66.61	0
22.30	1
26.02	1
27.34	1
38.32	1
58.76	0
68.98	0
71.58	0
75.08	0
2.41	1
2.90	1
2.97	1
3.07	1
4.36	1
8.92	1
9.07	1
9.67	1
174.41	0
175.90	0
177.84	0
185.63	0
187.85	0
188.43	0
189.03	0
190.21	0
151.50	1
167.16	1
181.65	0
182.52	0
183.67	0
191.36	0
200.26	0
200.81	0
68.64	1
81.83	1
156.68	0
157.41	0
171.76	0
176.07	0
181.66	0
182.27	0
68.39	1
135.67	0
147.37	0
156.29	0
161.26	0
161.44	0
161.59	0
161.92	0
18.08	1
171.60	0
175.42	0
177.58	0
179.54	0
185.59	0
186.41	0
188.76	0
150.90	1
188.49	0
204.99	0
206.06	0
207.12	0
211.40	0
211.75	0
212.26	0
211.70	0
212.64	0
216.63	0
216.87	0
217.83	0
218.86	0
221.10	0
227.34	0
235.57	0
235.94	0
237.30	0
237.49	0
237.80	0
239.83	0
239.92	0
240.59	0
119.25	1
123.39	0
124.25	0
138.52	0
138.98	0
141.73	0
147.50	0
148.26	0
125.70	0
133.03	0
142.50	0
142.58	0
146.58	0
148.07	0
148.98	0
151.23	0
170.65	0
172.12	0
176.61	0
177.41	0
185.68	0
186.22	0
186.35	0
188.49	0
168.23	0
184.46	0
187.94	0
191.37	1
193.02	0
194.28	0
195.54	0
199.79	0
248.72	0
266.88	0
275.33	0
276.60	0
279.07	0
281.41	0
282.53	0
284.09	0
204.91	0
223.36	0
227.32	0
236.01	0
236.99	0
237.07	0
238.35	0
246.13	0
88.57	0
102.70	0
120.58	0
120.80	0
122.60	0
123.98	0
126.29	0
127.46	0
176.05	0
179.80	0
195.49	0
196.78	0
198.51	0
199.29	0
199.38	0
200.50	0
434.13	0
435.80	0
450.68	0
451.45	0
452.25	0
453.28	0
454.69	0
455.28	0
343.27	0
347.25	0
351.43	0
358.19	0
358.70	0
359.83	0
359.90	0
360.08	0
296.40	0
300.57	0
304.21	0
307.53	0
310.79	0
311.71	0
312.09	0
312.52	0
426.28	0
435.52	0
436.34	0
437.52	0
438.82	0
440.97	0
442.76	0
443.79	0
183.74	0
184.67	0
191.51	0
192.13	0
194.49	0
194.92	0
200.35	0
200.67	0
27.93	1
40.40	1
46.44	1
63.11	1
67.95	1
68.09	0
72.79	0
74.75	0
146.15	0
146.45	0
151.76	0
152.05	0
153.67	0
154.96	0
155.25	0
155.26	0
218.89	0
225.09	0
229.37	0
232.43	0
236.50	0
241.18	0
241.52	0
242.52	0
56.39	1
58.70	1
66.77	1
105.28	0
106.82	0
107.77	0
108.68	0
110.10	0
146.49	0
146.91	0
148.29	0
148.97	0
151.25	0
151.40	0
158.01	0
163.27	0
95.22	0
96.43	0
99.37	0
105.54	0
105.54	0
117.18	0
121.76	0
126.07	0
173.43	0
176.41	0
190.89	0
191.09	0
191.54	0
191.81	0
192.15	0
194.10	0
529.16	0
535.49	0
536.08	0
538.95	0
542.96	0
545.10	0
546.09	0
550.06	0
165.39	0
167.25	0
169.06	0
169.48	0
169.83	0
173.16	0
183.35	0
187.34	0
158.62	0
169.37	0
170.65	0
175.43	0
179.35	0
183.34	0
183.87	0
186.87	0
10.19	1
12.76	1
13.01	1
17.80	1
55.41	0
58.93	0
63.22	1
63.40	0
14.83	1
24.52	1
31.43	1
32.30	1
37.30	1
59.37	0
59.54	0
69.88	0
2.51	1
3.89	1
4.21	1
4.63	1
5.04	1
5.62	1
11.25	1
11.40	1
133.92	0
184.74	0
189.02	0
192.56	0
195.40	0
195.56	0
201.57	0
202.70	0
110.98	1
181.42	0
182.14	0
183.40	0
185.12	0
185.22	0
185.92	0
185.99	0
19.42	1
233.86	0
234.00	0
234.52	0
236.52	0
236.73	0
237.63	0
237.67	0
171.60	0
174.85	0
175.39	0
178.96	0
179.88	0
180.88	0
183.96	0
184.21	0
180.15	0
184.00	0
184.29	0
186.50	0
193.92	0
195.09	0
197.16	0
197.66	0
27.68	1
41.65	1
57.12	1
62.92	1
76.55	1
101.19	0
102.05	0
104.45	0
170.72	0
173.62	0
184.86	1
188.95	0
201.62	0
205.15	0
205.53	0
206.08	0
204.43	0
216.06	0
220.53	0
227.72	0
230.34	0
235.43	0
238.17	0
241.68	0
63.71	1
79.77	1
100.01	0
101.32	1
101.85	1
103.28	1
111.67	0
114.74	0
113.91	0
117.60	0
137.01	0
157.69	1
177.31	0
191.00	1
196.51	1
197.66	1
160.01	0
177.49	0
215.74	0
217.51	0
221.55	0
223.36	0
225.76	0
227.47	0
13.40	1
23.24	1
30.62	1
38.46	1
40.62	1
56.96	1
72.74	0
89.05	0
36.61	1
38.02	1
49.95	1
73.47	1
134.03	0
139.68	0
153.18	0
165.08	0
8.79	1
13.08	1
19.82	1
87.40	1
195.30	0
195.52	0
196.02	0
226.11	0
6.52	1
8.33	1
18.21	1
73.92	1
170.55	1
171.40	1
172.41	1
251.27	0
27.46	0
43.66	0
70.28	0
178.36	0
211.27	0
215.76	0
220.53	0
222.75	0
214.98	1
215.23	1
226.04	0
400.05	0
402.57	0
405.25	0
430.54	0
432.25	0
192.99	1
202.49	1
271.73	0
299.37	0
323.59	1
325.58	0
331.69	0
343.31	0
31.83	1
32.25	1
36.56	1
38.93	1
48.73	1
49.19	1
70.77	0
72.63	0
1.86	1
3.62	1
4.13	1
4.21	1
4.68	1
5.21	1
6.25	1
7.65	1
44.98	1
131.73	0
133.08	0
150.66	0
153.04	0
162.27	0
164.25	0
167.75	0
2.50	1
111.94	0
113.29	0
113.55	0
116.66	0
116.92	0
117.45	0
118.05	0
3.33	1
21.61	1
32.78	1
140.27	0
160.65	0
162.36	0
166.43	0
168.10	0
1.64	1
4.71	1
8.57	1
46.51	1
98.13	0
100.91	0
114.79	0
119.14	0
50.65	1
60.30	1
67.51	0
70.40	0
99.76	0
107.11	0
110.45	0
112.05	1
58.91	1
72.23	1
76.12	1
106.60	0
118.52	0
130.08	0
138.23	1
140.29	0
183.56	0
191.13	0
192.40	0
192.86	0
195.02	0
195.11	0
196.26	0
198.17	0
252.07	0
254.71	0
259.99	0
270.05	0
270.86	0
274.21	0
276.66	0
278.88	0
32.62	1
33.82	1
34.06	1
40.18	1
45.64	1
48.76	1
63.56	1
68.87	0
48.58	1
156.39	0
179.85	0
184.14	0
187.26	0
188.46	0
195.51	0
197.36	0
32.05	1
427.71	0
428.62	0
430.70	0
436.00	0
445.34	0
446.74	0
446.95	0
33.79	1
148.60	0
370.88	0
373.13	0
375.05	0
376.76	0
380.61	0
380.82	0
21.34	1
115.76	0
280.83	0
284.40	0
285.27	0
286.84	0
289.63	0
291.46	0
23.50	1
395.81	0
399.98	0
403.83	0
405.75	0
407.92	0
408.15	0
410.56	0
22.10	1
166.73	0
166.80	0
182.57	0
184.82	0
185.75	0
186.80	0
186.83	0
140.80	0
153.75	0
164.77	0
164.92	0
167.78	1
168.14	0
173.61	0
175.40	1
106.39	0
130.95	0
141.54	0
149.78	0
150.21	0
151.86	0
152.35	0
152.36	0
152.96	0
154.57	0
159.85	0
163.26	0
163.71	0
169.00	0
169.76	0
170.16	0
163.72	0
189.16	0
198.78	0
198.99	0
200.89	0
201.05	0
201.29	0
203.11	0
101.88	1
107.27	1
107.98	1
116.48	1
121.34	1
140.88	0
145.24	1
145.35	0
67.47	1
100.13	0
139.74	0
176.21	0
181.36	0
195.62	0
198.62	0
198.74	0
155.36	0
158.39	0
158.56	0
164.60	0
173.95	0
180.54	0
194.03	0
201.08	0
274.55	0
287.33	0
289.47	0
294.00	0
298.59	0
300.11	0
300.85	0
307.22	0
193.13	0
200.93	0
201.93	0
203.50	0
208.27	0
208.29	0
211.90	0
213.22	0
244.66	0
248.15	0
269.41	0
276.59	0
287.21	0
288.96	0
289.53	0
295.40	0
39.12	1
41.12	1
42.23	1
48.48	1
56.76	1
62.89	1
66.15	1
85.95	0
118.50	0
120.44	0
154.98	0
159.59	0
166.82	0
167.10	0
173.19	0
175.87	0
27.88	1
103.35	1
162.46	0
163.45	0
163.50	0
164.39	0
170.76	0
171.93	0
12.62	1
19.34	1
194.84	0
226.44	0
227.87	0
230.59	0
234.39	0
235.29	0
41.87	1
43.93	1
50.03	1
50.17	1
56.13	1
60.78	1
63.84	1
76.75	0
4.90	1
6.98	1
7.26	1
8.75	1
9.83	1
10.19	1
14.10	1
14.55	1
155.16	0
162.94	0
178.23	0
193.19	0
195.87	0
202.98	0
208.47	0
212.66	0
156.80	1
186.42	1
206.24	1
207.61	1
210.79	1
227.05	1
251.79	1
254.75	0
9.15	1
9.76	1
9.84	1
10.89	1
11.55	1
12.81	1
12.98	1
14.57	1
5.90	1
6.59	1
8.77	1
8.94	1
8.99	1
9.28	1
10.14	1
10.54	1
97.02	1
108.02	0
108.91	1
122.67	1
126.12	0
127.89	0
134.15	1
149.47	0
159.48	0
173.59	0
176.45	0
182.44	1
188.88	0
196.18	0
196.71	0
199.65	0
208.69	0
308.42	0
315.19	0
318.94	0
323.21	0
324.47	0
325.44	0
326.11	0
93.71	1
116.63	1
120.93	1
133.22	1
134.64	1
142.39	1
147.54	0
151.50	0
88.91	0
152.03	0
186.89	0
196.38	0
207.76	0
208.96	1
216.02	0
218.70	0
127.42	0
147.29	1
165.39	0
175.67	0
190.28	0
191.44	0
205.53	0
206.15	0
39.64	1
45.76	1
49.15	1
49.67	1
51.15	1
53.24	1
54.40	1
58.91	1
31.22	1
127.20	0
132.86	0
141.35	0
142.37	0
145.70	0
159.76	0
161.76	0
17.21	1
28.43	1
94.89	1
103.37	0
166.95	0
169.78	0
172.53	0
176.28	0
9.07	1
15.86	1
19.05	1
183.57	0
195.86	0
231.10	0
231.82	0
232.23	0
170.30	1
205.38	0
210.80	1
216.44	0
219.13	0
229.24	0
229.66	0
230.90	0
65.02	0
91.06	1
101.32	1
112.89	0
125.93	0
146.32	0
165.08	0
169.27	0
46.99	1
135.63	0
151.02	0
160.97	0
169.76	0
171.74	0
176.75	0
179.71	0
229.27	0
245.79	0
255.95	0
278.32	1
282.76	0
283.29	0
284.18	0
284.79	0
216.36	0
251.24	0
253.58	0
264.72	0
269.49	0
271.88	0
273.59	0
273.61	0
370.94	0
377.51	0
384.99	0
390.11	0
397.60	0
403.17	0
403.97	0
407.28	0
74.51	0
104.11	0
112.37	1
113.76	0
115.87	0
118.82	0
121.78	0
124.13	0
174.53	0
183.55	0
185.05	0
187.24	0
187.72	0
190.98	0
192.11	0
192.54	0
140.72	0
169.08	0
171.17	1
185.88	0
191.12	0
195.85	0
201.08	0
203.27	0
111.13	1
149.81	0
169.46	1
171.07	0
178.86	0
180.48	0
194.92	1
203.38	1
14.81	1
29.58	1
29.87	1
45.74	1
54.64	1
61.68	1
64.02	1
84.91	1
85.04	0
87.18	0
130.89	0
147.97	0
160.57	0
178.52	0
194.62	0
197.47	0
105.76	0
108.00	1
115.86	1
185.13	0
194.18	0
200.68	0
210.33	0
210.37	0
106.06	1
124.52	1
130.22	0
137.74	0
153.89	1
154.69	0
162.48	0
168.61	0
105.00	0
194.99	0
198.36	0
201.10	0
201.53	0
205.20	0
207.49	0
208.05	0
161.51	0
162.50	1
163.67	0
169.48	1
175.11	0
175.31	0
179.58	0
180.06	0
247.04	0
280.86	1
291.43	0
295.46	0
298.79	0
299.41	0
301.28	0
301.55	0
159.40	0
208.39	0
227.44	0
233.79	0
239.12	0
240.52	0
240.67	0
241.23	0
158.28	0
174.87	0
186.45	0
198.26	0
202.20	0
202.46	0
203.49	0
203.87	0
232.44	0
260.23	0
268.49	0
270.50	0
279.56	0
280.14	0
282.20	0
282.30	0
48.00	1
52.12	1
54.12	1
55.37	1
57.96	1
63.22	1
64.59	1
73.39	1
222.72	0
249.59	0
254.37	0
291.60	0
306.93	0
308.03	0
312.21	0
315.57	0
163.72	0
206.19	0
222.03	0
230.11	0
260.62	1
266.30	0
270.30	0
272.80	0
263.11	1
285.47	0
338.99	0
348.32	0
349.31	0
351.91	0
362.97	0
365.19	0
258.74	1
331.51	0
355.31	0
360.29	0
360.33	0
361.15	0
362.13	0
362.66	0
214.77	0
529.75	0
545.20	0
547.18	0
551.61	0
551.79	0
554.41	0
555.35	0
81.35	0
145.86	0
146.45	0
147.02	0
154.45	0
154.80	0
157.94	1
163.48	1
57.36	0
58.27	0
58.76	0
59.52	0
63.91	0
63.92	0
64.58	0
65.49	0
5.49	1
5.63	1
6.15	1
6.46	1
6.46	1
7.51	1
7.53	1
8.24	1
88.29	1
107.83	0
112.12	1
157.18	0
161.90	0
162.50	0
163.23	0
163.91	0
271.37	0
274.45	0
281.54	0
286.96	0
292.02	0
294.42	0
295.40	0
296.24	0
184.09	0
184.77	0
187.96	0
190.30	0
190.53	0
194.76	0
198.38	0
199.29	0
189.91	0
196.86	0
200.11	0
200.88	0
203.51	0
207.77	0
211.32	0
211.54	0
119.64	0
131.79	1
149.77	0
165.42	1
174.43	0
174.75	1
181.46	0
181.75	0
165.27	0
166.52	0
173.77	0
174.51	0
176.84	0
181.26	0
181.70	0
183.55	0
271.50	0
275.31	0
276.63	0
277.08	0
277.94	0
278.81	0
279.39	0
280.05	0
91.30	1
92.66	1
95.92	1
102.03	1
102.63	0
107.53	1
107.76	1
108.14	1
137.43	0
144.31	0
202.10	0
206.82	0
213.94	0
214.38	0
214.61	0
216.06	0
108.04	0
119.50	1
136.76	0
152.16	0
152.89	0
157.27	0
158.36	0
160.29	0
164.15	1
203.60	0
206.36	0
209.33	0
215.71	0
217.65	0
218.06	0
218.66	0
84.45	0
89.71	0
90.18	0
95.71	0
105.75	0
105.99	0
108.98	0
111.04	0
118.39	0
132.95	1
193.88	0
195.72	1
197.24	0
198.13	0
198.23	1
201.43	0
72.85	1
147.63	0
147.75	0
151.91	0
154.32	0
154.93	0
155.24	0
157.07	0
18.94	1
161.81	0
168.14	0
168.78	0
169.69	0
179.42	0
182.51	0
187.50	0
40.66	1
44.76	1
55.05	1
69.21	0
70.02	0
74.52	0
75.08	0
75.21	0
2.21	1
2.93	1
2.94	1
6.75	1
7.01	1
7.16	1
7.62	1
7.76	1
121.51	0
138.70	0
160.03	0
164.16	0
198.38	0
201.92	0
206.12	0
212.16	0
211.83	0
212.92	0
218.92	0
219.34	0
221.63	0
225.67	0
226.97	0
227.52	0
69.94	1
72.76	1
73.08	1
73.96	1
76.85	1
77.00	1
78.84	1
82.79	1
55.07	1
98.57	1
103.60	1
128.28	1
128.97	1
143.38	1
154.92	1
159.29	1
4.65	1
5.30	1
6.16	1
6.62	1
7.13	1
7.36	1
7.75	1
8.02	1
3.42	1
4.52	1
4.61	1
4.74	1
6.47	1
7.23	1
7.31	1
9.58	1
124.48	0
143.12	0
145.56	0
155.31	0
157.74	0
158.77	0
158.96	0
159.18	0
195.29	0
197.34	0
197.85	0
198.50	0
201.98	0
204.78	0
205.02	0
207.70	0
194.88	0
199.82	0
201.76	0
202.38	0
203.60	0
204.01	0
206.92	0
208.42	0
118.75	0
122.79	0
124.46	0
125.11	0
125.49	0
125.53	0
129.05	0
130.10	0
226.74	0
234.10	0
239.47	0
240.96	0
242.10	0
248.28	0
249.31	0
250.26	0
164.44	0
164.46	0
164.91	0
166.25	0
169.02	0
172.84	0
173.07	0
173.50	0
186.82	0
188.55	0
190.25	0
195.35	0
195.66	0
197.27	0
199.55	0
199.71	0
108.29	0
108.74	0
112.60	0
118.51	0
118.96	0
119.96	0
121.58	0
124.78	0
244.57	0
250.06	0
256.45	0
260.22	0
261.73	0
266.37	0
270.46	0
271.15	0
213.84	0
214.29	0
218.98	0
232.60	0
233.28	0
249.96	0
250.28	0
251.31	0
110.07	0
116.48	0
117.87	0
121.09	0
121.62	0
122.37	0
122.38	0
123.74	0
153.17	0
169.12	0
178.10	0
178.89	0
185.88	0
189.25	0
189.79	0
189.96	0
18.55	1
19.75	1
21.58	1
31.57	1
31.65	1
35.42	1
50.75	1
53.74	1
2.51	1
2.65	1
3.15	1
3.21	1
3.47	1
4.11	1
4.43	1
4.86	1
93.64	0
106.41	0
142.39	0
144.58	0
163.43	0
193.62	0
193.82	0
202.81	0
102.59	1
148.43	0
148.46	0
152.79	0
156.78	0
157.01	0
159.39	0
161.29	0
184.57	0
187.35	0
187.48	0
188.27	0
190.38	0
191.17	0
191.66	0
193.57	0
235.82	0
236.39	0
237.26	0
239.84	0
240.06	0
241.19	0
242.49	0
243.44	0
191.99	0
236.12	0
236.23	0
237.54	0
240.64	0
240.71	0
242.23	0
246.33	0
197.75	0
201.10	0
219.28	0
219.53	0
223.39	0
227.14	0
227.64	0
228.39	0
180.15	0
191.25	1
192.57	1
195.61	1
201.41	0
208.04	1
218.26	0
221.33	0
176.77	0
177.36	0
189.69	0
192.63	0
196.57	0
197.82	0
198.87	0
199.58	0
76.12	1
79.94	1
82.27	1
88.80	1
90.85	1
91.10	1
99.85	1
104.34	1
117.36	0
119.78	0
120.86	0
123.17	0
123.55	0
123.85	0
125.69	0
129.64	0
107.59	0
112.24	0
118.45	0
122.05	0
125.04	0
130.28	0
131.25	0
131.74	0
82.54	1
152.54	1
156.85	1
176.77	0
205.96	0
213.61	0
214.44	0
219.60	0
78.72	1
110.42	1
143.83	1
165.29	0
187.21	0
192.13	0
194.77	0
197.91	0
28.12	1
77.12	1
142.84	0
152.37	0
152.59	0
157.20	0
158.91	0
159.75	0
7.83	1
21.73	1
171.79	0
172.61	0
174.13	0
176.94	0
178.07	0
179.52	0
177.31	0
181.63	0
193.83	0
196.82	0
197.96	0
200.21	0
201.36	0
204.16	0
237.66	1
250.02	0
254.12	0
255.40	1
257.89	0
258.97	0
259.61	0
259.63	0
204.98	0
205.18	0
210.05	0
212.33	0
212.46	0
212.73	0
212.84	0
213.78	0
121.28	1
148.48	1
151.15	1
166.15	1
177.59	1
183.66	1
185.82	1
188.15	1
6.07	1
7.38	1
9.49	1
10.33	1
10.57	1
10.92	1
12.97	1
13.73	1
4.44	1
4.98	1
5.24	1
6.45	1
6.62	1
7.67	1
8.51	1
10.76	1
109.38	0
111.88	1
117.60	1
138.32	0
145.06	0
159.57	0
160.71	0
168.31	1
145.38	0
148.45	0
159.70	0
175.52	0
183.35	0
193.76	0
195.29	0
201.75	0
51.63	0
67.23	0
70.09	0
83.80	0
85.43	0
86.70	0
90.00	0
100.74	0
143.06	1
145.21	1
146.00	1
157.32	1
170.76	0
184.82	0
185.54	0
186.62	0
177.52	0
182.93	0
183.08	0
184.57	0
185.16	0
185.52	0
186.48	0
187.02	0
98.51	0
98.97	0
100.96	0
102.21	0
102.44	0
103.50	0
103.90	0
104.51	0
136.19	0
136.25	0
137.00	0
139.47	0
143.51	0
144.04	0
144.86	0
146.04	0
83.14	0
83.95	0
84.93	0
86.01	0
97.93	0
104.58	0
111.51	0
113.35	0
89.02	1
98.38	1
105.42	0
111.44	1
112.68	0
121.60	0
122.32	0
122.91	0
210.46	1
218.15	0
219.61	1
221.75	1
223.21	1
231.37	1
245.37	0
254.88	0
276.39	0
283.25	0
289.29	0
292.88	0
296.93	0
299.66	0
306.20	0
307.78	0
534.84	0
554.63	0
559.81	0
560.77	0
561.21	0
562.60	0
563.27	0
565.17	0
198.31	0
212.35	0
219.73	0
219.92	0
220.14	0
224.65	0
225.70	0
237.06	0
20.99	1
22.12	1
24.52	1
28.00	1
31.04	1
58.32	1
67.89	0
70.20	0
10.82	1
17.11	1
18.35	1
25.73	1
28.45	1
30.76	1
42.21	1
42.52	1
1.20	1
1.50	1
3.37	1
3.56	1
3.67	1
4.11	1
4.67	1
5.08	1
200.60	1
208.89	0
222.46	0
225.22	0
233.12	0
233.21	0
233.89	0
236.09	0
130.87	1
153.52	0
180.47	0
204.85	0
207.55	0
213.39	0
215.33	0
217.17	0
205.30	0
218.69	0
234.02	0
234.81	0
239.68	0
246.65	0
251.99	0
253.20	0
164.04	0
173.15	0
174.81	0
201.87	0
203.19	0
206.42	0
207.12	0
208.32	0
143.63	0
143.79	0
144.17	0
148.91	0
148.99	0
149.02	0
150.29	0
151.61	0
132.04	1
142.32	1
166.85	1
170.84	0
178.39	1
179.54	0
180.42	0
182.30	0
176.91	0
203.53	0
207.77	0
208.57	0
217.81	0
221.85	0
221.94	0
222.01	0
88.60	1
130.96	0
174.73	0
175.88	0
177.73	0
230.53	0
237.52	0
239.34	0
55.14	1
174.32	0
204.83	0
219.79	0
228.40	1
256.78	0
276.92	0
285.61	0
35.55	1
211.41	0
451.36	0
455.95	0
459.29	0
462.77	0
464.49	0
464.82	0
17.27	1
88.87	0
89.79	0
91.88	0
92.92	0
94.54	0
96.44	0
98.26	0
83.82	0
96.22	1
101.45	0
109.81	0
110.34	0
110.38	1
110.68	0
111.49	0
167.13	0
174.67	0
174.74	0
178.07	0
178.29	1
184.44	0
184.79	0
185.99	1
203.03	0
222.65	0
232.82	0
233.79	0
234.34	0
236.34	0
237.82	0
237.94	0
265.81	0
271.74	0
273.68	0
275.26	0
277.50	0
278.12	0
279.01	0
279.66	0
275.23	1
286.10	0
287.63	0
307.39	0
311.76	0
314.67	0
315.70	1
319.29	0
235.80	0
240.62	0
263.50	0
265.19	0
275.81	0
283.18	0
314.16	0
317.20	0
77.86	1
97.21	1
98.53	1
112.22	1
114.84	1
115.29	1
115.52	1
121.11	1
175.97	0
194.97	0
207.52	1
227.25	0
228.28	0
263.54	1
271.85	0
279.93	0
222.16	1
232.95	0
264.34	0
282.02	0
285.99	0
299.20	0
299.23	0
299.51	0
97.69	1
247.99	0
429.82	0
435.93	0
437.60	0
440.87	0
443.44	0
444.90	0
114.38	0
116.07	0
117.19	0
124.45	0
126.42	0
129.82	0
131.26	0
132.37	0
266.62	0
269.18	0
273.52	0
274.16	0
274.24	0
274.99	0
275.08	0
276.68	0
161.23	0
175.26	0
192.21	0
195.85	0
196.62	0
202.32	0
207.82	0
208.39	0
99.41	0
149.65	1
176.81	0
195.79	0
200.76	0
204.65	1
207.48	0
211.63	0
106.09	1
135.63	0
165.06	1
192.39	0
212.78	0
224.80	0
228.82	0
230.60	0
30.40	1
31.92	1
33.78	1
34.78	1
35.02	1
39.62	1
42.58	1
46.58	1
134.91	0
149.20	0
174.82	0
188.01	0
190.88	0
191.99	0
197.75	0
199.41	0
94.39	1
100.23	1
127.65	0
133.64	0
134.71	0
135.95	0
137.28	0
146.42	1
93.57	1
109.10	0
133.47	1
154.99	1
169.11	0
177.67	0
178.16	1
185.64	0
102.83	0
132.69	0
170.45	0
174.97	0
176.84	0
186.22	0
187.98	0
188.72	0
175.52	0
181.82	0
183.51	0
187.28	0
188.46	0
189.01	0
191.43	0
192.14	0
87.66	0
87.87	1
89.08	0
90.27	0
92.01	0
94.83	0
98.17	1
101.54	0
180.21	1
186.54	1
188.07	1
189.76	1
193.43	1
194.44	1
196.39	1
197.46	1
162.20	0
166.08	0
167.64	0
169.10	0
173.41	0
173.50	0
174.06	0
176.13	0
52.86	1
118.80	0
133.13	0
134.20	0
135.20	0
136.62	0
137.85	0
138.08	0
104.76	0
113.74	0
113.89	0
117.77	0
117.94	0
120.00	0
120.78	0
123.04	0
137.76	0
139.84	0
141.63	0
142.56	0
143.29	0
143.32	0
143.79	0
144.72	0
48.21	1
49.81	1
53.76	1
61.90	0
72.83	1
73.82	1
79.92	1
80.80	0
79.96	1
115.83	0
119.34	0
135.80	0
137.59	0
158.62	0
158.86	0
160.19	0
171.90	0
180.52	0
185.51	0
200.62	0
202.47	0
204.23	0
207.24	0
209.92	0
130.65	1
207.14	0
207.26	0
207.59	0
208.49	0
209.32	0
210.41	0
211.06	0
177.96	0
179.17	0
180.07	0
182.53	0
187.01	0
194.95	0
195.99	0
199.24	0
134.21	1
177.51	0
181.71	1
184.02	1
189.45	0
190.33	0
195.52	0
201.98	0
151.51	1
185.09	1
197.52	0
212.79	0
219.73	1
224.51	0
229.13	1
229.84	0
114.99	1
132.13	1
150.96	1
167.14	1
170.23	0
175.50	1
190.22	0
194.43	0
257.78	0
258.42	0
258.67	0
259.69	0
263.01	0
263.66	0
264.95	0
266.83	0
300.43	0
301.42	0
302.63	0
302.99	0
303.19	0
305.89	0
306.27	0
306.73	0
44.90	1
52.76	1
57.31	1
60.64	1
61.01	1
63.45	1
64.34	1
65.40	1
60.08	1
102.63	1
110.65	1
113.57	0
181.23	0
184.83	0
186.84	0
187.96	0
12.70	1
19.87	1
130.51	0
224.45	1
274.73	0
279.52	0
285.65	0
286.27	0
149.71	0
152.08	0
152.23	0
152.30	0
154.18	0
157.69	0
162.47	0
168.16	0
10.13	1
14.34	1
15.14	1
20.23	1
20.58	1
25.61	1
51.59	1
52.03	1
96.89	0
99.14	0
111.67	0
113.01	1
113.12	0
115.47	0
115.51	1
118.74	0
27.30	1
57.92	0
89.29	1
111.57	1
122.04	0
127.95	0
129.71	0
131.64	1
16.96	1
48.52	1
109.03	0
131.71	0
158.92	0
162.22	0
165.52	0
166.34	0
34.53	1
34.73	1
37.76	1
40.78	1
44.54	1
44.85	1
48.08	1
50.58	1
16.70	1
17.68	1
17.90	1
18.20	1
21.01	1
22.27	1
22.64	1
24.05	1
68.21	0
115.78	0
131.66	1
149.55	0
182.22	0
183.78	0
184.37	0
185.55	0
274.52	0
280.32	0
281.84	0
333.46	0
334.10	0
334.58	0
335.76	0
336.48	0
271.66	0
335.89	0
340.67	0
343.16	0
344.19	0
346.31	0
346.41	0
355.89	0
192.08	0
204.27	0
222.93	0
225.93	1
226.18	1
228.35	1
233.35	1
241.23	0
263.33	0
291.58	0
296.52	0
300.00	0
300.40	0
301.22	0
302.09	0
309.08	0
132.63	0
144.88	0
145.80	0
148.54	0
148.76	0
151.68	0
158.32	0
160.02	0
160.60	0
179.28	0
179.35	0
182.18	0
183.83	0
184.56	0
189.23	0
192.17	0
246.78	0
281.06	0
282.06	0
284.11	0
291.02	0
292.25	0
292.65	0
293.26	0
112.96	1
127.12	0
151.81	1
154.86	1
156.14	0
156.24	0
156.38	1
165.99	1
148.54	1
193.14	1
232.02	0
248.56	0
251.73	0
252.12	0
255.51	0
259.26	0
269.51	0
276.95	0
286.52	0
288.93	0
290.45	0
297.10	0
301.29	0
302.10	0
221.10	1
227.21	0
236.18	0
239.04	0
248.46	0
272.67	0
274.32	0
281.41	0
188.66	1
202.50	0
206.17	1
208.52	0
213.59	1
216.26	0
216.33	0
216.60	0
223.29	0
238.29	0
261.20	0
268.39	0
268.41	0
268.44	0
268.82	0
269.01	0
245.03	0
250.78	0
251.79	0
255.57	0
258.37	0
262.83	0
263.85	0
265.14	0
58.13	1
66.60	1
74.65	1
75.50	1
80.65	0
81.85	0
82.64	0
84.86	0
1.77	1
2.06	1
2.14	1
3.45	1
4.04	1
4.34	1
5.11	1
6.15	1
159.15	0
166.11	0
173.71	0
178.75	0
183.73	0
189.64	0
190.27	0
191.84	0
181.22	1
192.90	0
197.34	1
251.39	0
254.84	0
260.01	0
261.78	0
264.12	0
220.19	0
260.10	1
266.06	0
279.31	0
280.54	0
280.55	0
283.03	0
285.19	1
169.39	0
259.62	0
288.06	0
288.24	0
296.47	0
297.38	0
301.07	0
310.55	0
309.52	0
314.79	0
316.28	0
319.63	0
319.91	0
320.66	0
320.97	0
321.49	0
133.28	0
143.67	0
144.03	0
144.52	0
145.19	0
147.06	0
147.45	0
148.15	0
101.64	0
106.12	0
106.16	0
112.96	0
121.82	0
124.08	0
124.98	0
126.22	0
127.34	0
133.30	0
134.85	0
136.53	0
138.08	0
138.16	0
138.29	0
138.86	0
121.90	0
125.22	1
132.52	1
152.22	0
174.12	0
193.63	0
194.25	0
196.54	0
82.67	1
165.25	0
175.04	0
193.11	0
193.90	0
200.74	0
201.29	0
204.50	0
159.04	1
170.72	0
175.78	0
233.51	0
246.93	0
247.98	0
250.19	0
250.72	0
101.64	0
255.11	0
257.74	0
259.35	0
262.62	0
265.00	0
265.98	0
266.72	0
119.64	0
145.15	0
167.06	0
173.86	1
173.90	1
175.33	0
175.85	1
176.03	1
3.79	1
3.98	1
4.14	1
4.37	1
4.65	1
5.15	1
5.31	1
5.71	1
118.59	1
145.33	0
159.97	0
164.19	0
179.28	0
180.16	0
180.78	0
181.17	0
73.71	1
111.04	0
126.83	1
155.90	0
170.29	0
173.97	0
192.59	0
197.56	0
7.78	1
19.39	1
157.60	0
165.62	0
166.89	0
167.49	0
178.03	0
180.47	0
211.90	0
225.14	0
233.80	1
236.14	0
237.12	0
237.26	1
238.48	0
238.91	0
243.45	0
249.08	0
252.05	0
253.14	0
255.24	0
255.86	0
256.55	0
257.44	0
100.63	0
115.74	0
124.84	0
130.21	0
135.63	0
136.09	0
139.80	0
145.23	0
174.49	0
198.18	1
200.32	0
212.59	0
214.62	1
215.76	1
222.71	1
223.70	0
164.42	0
168.32	0
179.95	0
221.66	0
240.32	0
248.74	0
255.53	0
258.25	0
167.40	1
188.89	0
204.29	0
207.37	0
246.62	0
251.07	0
252.23	0
254.40	0
13.80	1
159.75	0
170.60	0
171.01	0
174.04	0
175.85	0
176.35	0
180.27	0
193.58	0
194.20	0
197.93	0
200.81	0
200.96	0
201.83	0
202.68	0
204.25	0
75.59	0
77.83	0
79.46	1
88.95	0
90.48	0
93.16	0
94.34	0
94.67	0
61.36	1
79.14	0
106.04	1
114.88	1
121.00	0
127.89	1
129.77	1
130.37	0
25.06	1
81.08	1
133.74	0
156.41	0
156.84	0
161.61	0
162.59	0
165.76	0
75.42	1
78.58	1
81.03	1
82.35	1
84.10	1
84.81	1
85.96	1
86.28	0
2.48	1
2.60	1
2.87	1
3.13	1
3.43	1
3.77	1
4.01	1
4.25	1
181.71	1
240.65	0
247.08	0
251.64	0
256.69	0
266.67	1
274.24	0
276.89	0
83.12	1
111.48	1
150.78	1
184.14	0
189.65	0
199.36	0
205.62	0
214.77	0
5.72	1
9.17	1
17.53	1
160.23	0
168.78	0
169.38	0
170.89	0
180.29	0
208.12	0
215.48	0
216.21	0
216.91	0
218.32	0
219.53	0
219.54	0
219.84	0
223.23	0
241.36	0
244.70	0
244.84	0
246.75	0
247.60	0
247.63	0
247.76	0
207.85	0
213.09	0
216.22	0
216.36	0
216.94	0
217.99	0
218.02	0
218.41	0
42.99	1
43.72	1
46.94	1
56.49	1
60.41	1
65.98	1
73.10	0
82.91	1
163.24	0
175.86	0
179.47	0
179.67	0
179.86	0
183.52	0
186.90	0
187.14	0
123.07	0
128.60	0
129.50	0
133.75	0
135.07	0
139.18	0
140.10	0
141.03	0
66.66	1
70.57	1
70.66	1
82.25	1
87.73	0
89.40	1
91.26	1
99.09	1
258.05	0
260.95	0
262.34	0
263.03	0
263.54	0
263.59	0
266.96	0
267.78	0
83.76	0
98.54	0
99.23	0
118.16	0
118.49	0
120.74	0
121.84	0
121.87	0
119.61	1
123.97	1
130.76	0
135.93	0
144.50	1
148.71	0
150.01	1
151.63	0
162.40	0
166.77	0
170.62	0
176.68	0
177.02	0
177.52	0
177.58	0
180.62	0
93.42	1
149.90	1
170.01	0
175.51	0
175.60	1
178.96	0
181.58	0
187.99	0
35.49	1
35.89	1
38.58	1
40.44	1
40.66	1
42.14	1
44.81	1
52.83	1
1.31	1
1.37	1
1.51	1
1.59	1
2.83	1
2.97	1
3.07	1
3.41	1
138.88	0
171.86	0
174.81	0
201.68	0
215.45	0
221.75	0
225.05	0
225.73	0
78.67	0
86.73	0
87.34	0
89.99	0
91.24	0
91.53	0
94.32	0
94.94	0
188.63	0
188.88	1
196.12	0
200.06	1
200.88	0
210.57	1
214.26	1
217.76	1
196.49	0
198.03	0
210.16	0
226.60	0
233.63	0
233.79	0
234.00	0
235.75	0
43.09	1
44.87	1
45.97	1
47.60	1
50.96	1
53.18	1
61.30	1
64.00	1
73.42	1
139.71	0
172.74	1
174.06	0
177.28	0
188.17	1
197.13	0
198.09	1
82.08	1
136.16	0
144.51	0
185.38	0
189.76	0
204.39	0
206.64	0
214.45	0
64.76	1
133.49	0
165.95	0
184.43	1
185.09	0
185.62	0
193.96	0
203.70	0
6.45	1
17.68	1
155.54	0
163.13	0
164.09	0
165.57	0
167.27	0
169.23	0
90.51	0
207.19	1
208.78	0
209.84	1
214.48	0
215.32	1
220.10	1
222.58	0
112.69	1
118.75	0
134.28	1
143.37	1
144.97	0
145.10	0
145.52	0
147.97	1
34.57	1
57.37	1
91.48	1
95.87	1
115.35	0
127.93	0
142.39	0
146.52	0
5.84	1
7.38	1
10.03	1
22.03	1
157.88	0
168.13	0
168.25	0
169.88	0
260.49	0
269.94	0
273.65	0
273.79	0
275.07	0
279.74	0
279.99	0
280.65	0
123.28	0
126.02	0
129.16	0
129.44	0
133.42	0
134.86	0
138.22	0
138.70	0
183.18	0
189.63	0
193.93	0
196.01	0
196.28	0
196.89	0
200.28	0
203.21	0
277.35	0
290.13	0
296.71	0
297.05	0
297.35	0
297.45	0
298.43	0
298.44	0
149.92	1
150.77	1
151.59	0
152.98	0
155.78	1
155.83	1
156.19	0
156.37	1
303.00	0
305.88	0
307.38	0
309.45	0
310.86	0
312.14	0
313.19	0
313.53	0
184.96	0
189.85	0
191.83	0
197.51	0
198.67	0
201.25	0
204.84	0
205.08	0
205.13	1
270.78	0
280.91	0
284.55	0
288.43	0
289.33	0
289.72	0
290.52	0
107.71	0
142.31	0
158.02	0
159.11	0
159.17	0
160.42	0
160.59	0
161.40	0
120.37	0
121.50	0
124.25	0
125.28	0
127.34	0
128.02	0
129.23	0
131.50	0
224.17	0
227.31	0
227.39	0
227.64	0
227.93	0
228.13	0
228.39	0
229.09	0
224.77	0
228.56	0
228.74	0
229.13	0
229.41	0
230.24	0
230.52	0
230.64	0
285.15	0
286.03	0
287.75	0
288.44	0
288.79	0
289.68	0
290.00	0
292.82	0
181.39	1
186.02	0
189.58	0
190.56	0
193.03	0
194.49	0
195.77	0
200.48	0
237.72	0
238.88	0
239.31	0
240.53	0
240.93	0
242.99	0
244.70	0
244.78	0
258.25	0
294.47	0
295.68	0
297.44	0
297.62	0
297.82	0
297.91	0
298.07	0
194.33	1
198.53	0
215.02	1
216.38	1
218.02	1
219.53	1
219.53	1
219.91	1
30.37	1
30.83	1
31.00	1
31.13	1
31.19	1
31.26	1
31.43	1
33.02	1
111.16	0
114.02	0
116.07	0
124.30	0
126.36	0
129.82	0
129.98	0
130.55	0
145.54	0
145.92	0
149.12	0
155.80	0
156.67	0
157.47	0
162.21	0
162.49	0
144.23	0
144.71	0
146.77	0
149.49	0
152.62	0
153.38	0
153.94	0
154.04	0
129.31	0
136.18	0
136.83	0
141.26	0
141.85	0
146.55	0
148.07	0
150.34	0
140.26	0
140.34	0
146.00	0
151.96	0
156.16	0
156.72	0
159.66	0
160.26	0
180.52	0
184.46	0
184.53	0
186.89	0
189.73	0
189.81	0
191.73	0
192.12	0
59.10	1
73.64	1
74.96	1
78.05	0
78.24	0
79.51	0
80.93	1
83.65	0
123.99	0
124.12	0
129.50	0
130.52	0
134.84	0
137.20	0
138.49	0
139.41	0
121.00	0
121.31	0
125.74	0
126.02	0
127.83	0
133.63	0
135.94	0
137.13	0
108.04	0
108.32	0
111.87	0
117.38	0
118.92	0
123.02	0
125.06	0
127.20	0
128.54	0
128.59	0
132.78	0
133.62	0
135.84	0
136.03	0
136.79	0
137.73	0
109.02	0
110.51	0
114.43	0
116.94	0
124.91	0
125.00	0
127.03	0
128.11	0
61.91	1
77.38	0
77.58	0
79.22	1
79.38	1
82.57	0
83.17	0
84.50	0
123.35	1
130.20	0
131.00	0
133.94	0
136.06	0
138.28	0
140.20	0
142.23	0
117.81	0
117.92	0
120.62	0
121.67	0
124.60	0
127.03	0
129.77	0
132.26	0
29.45	1
98.56	0
106.05	0
108.03	0
108.90	0
119.12	0
122.50	0
122.70	0
100.05	0
100.97	0
102.22	0
103.17	0
108.98	0
109.90	0
110.28	0
111.71	0
90.83	0
99.78	0
100.06	0
103.34	0
104.80	0
109.31	0
117.20	0
118.10	0
90.68	0
98.51	0
104.27	0
108.71	0
110.48	0
118.48	0
120.66	0
121.11	0
91.49	0
95.84	0
96.29	0
103.62	0
105.38	0
109.99	0
110.31	0
110.35	0
207.81	0
213.38	0
215.47	0
222.97	0
228.11	0
228.76	0
231.08	0
232.51	0
217.41	0
219.18	0
226.62	0
234.85	0
238.64	0
238.75	0
248.57	0
253.06	0
85.45	1
90.43	1
90.53	1
92.45	0
93.59	1
94.70	1
95.46	1
100.72	0
15.24	1
22.82	1
22.94	1
23.25	1
24.07	1
24.29	1
24.44	1
24.66	1
210.26	0
216.53	1
234.52	0
237.95	0
238.35	0
239.15	0
242.13	1
244.01	1
165.38	0
165.99	0
169.43	0
174.18	0
178.61	0
180.28	0
182.08	0
182.17	0
174.99	0
186.05	0
187.70	0
188.52	0
191.55	0
191.68	0
192.84	0
194.63	0
85.61	0
93.36	0
93.69	0
99.72	0
106.18	0
106.24	0
108.22	0
109.17	0
17.57	1
21.65	1
25.18	1
37.17	1
38.67	1
42.02	1
48.09	1
69.59	0
149.40	0
153.51	0
155.43	0
155.94	0
156.65	0
162.01	0
166.96	0
167.37	0
115.20	0
119.09	0
119.73	0
122.66	0
128.45	0
132.28	0
133.90	0
135.13	0
152.67	0
157.47	0
158.67	0
164.97	0
166.30	0
168.94	0
169.01	0
169.71	0
83.32	0
90.23	0
96.14	0
107.26	0
108.90	0
110.48	0
110.84	0
111.28	0
170.07	0
170.90	0
172.23	0
180.18	0
183.98	0
185.64	0
186.94	0
187.42	0
40.98	1
58.16	1
64.20	1
67.96	1
70.90	1
75.52	0
80.71	0
82.66	0
154.53	0
157.43	0
157.47	0
159.00	0
166.85	0
169.55	0
172.53	0
173.89	0
114.91	0
121.96	0
126.73	0
131.23	0
133.92	0
134.04	0
139.03	0
140.18	0
87.42	0
96.48	0
96.52	0
100.06	0
106.25	0
108.01	0
109.43	0
110.07	1
7.34	1
13.64	1
16.52	1
27.73	1
29.82	1
31.44	1
39.19	1
65.17	0
126.20	0
130.25	0
130.42	0
138.22	0
138.99	0
144.73	0
145.01	0
147.70	0
124.34	0
130.01	0
131.10	0
133.75	0
135.24	0
140.94	0
142.36	0
143.12	0
135.43	0
143.05	0
143.79	0
149.26	0
151.55	0
154.54	0
154.59	0
155.69	0
43.55	1
106.12	0
112.88	0
113.17	0
120.34	0
121.30	0
125.05	0
125.13	0
126.23	1
143.81	0
146.12	0
146.27	0
146.59	0
151.11	0
156.74	0
157.64	0
166.73	0
168.38	0
172.24	0
178.47	0
179.42	0
182.83	0
183.46	0
188.32	0
137.23	0
141.58	0
150.99	0
156.19	0
157.09	0
159.17	0
160.43	0
161.87	0
61.63	1
75.34	0
85.67	0
92.56	0
93.14	0
101.55	0
103.44	0
103.51	0
145.19	0
148.03	0
153.21	0
153.30	0
154.92	0
167.35	0
167.93	0
168.94	0
106.08	0
106.26	0
109.89	0
110.81	0
115.18	0
119.27	0
120.85	0
122.71	0
235.64	0
240.29	0
240.67	0
244.73	0
245.95	0
247.32	0
250.37	0
250.52	0
140.01	0
169.93	0
173.56	0
176.52	0
176.99	0
178.11	0
181.50	0
181.80	0
431.37	0
433.48	0
436.64	0
438.21	0
441.69	0
445.71	0
446.14	0
447.48	0
206.07	0
215.86	0
218.42	0
218.74	0
220.20	0
220.54	0
220.97	0
221.55	0
392.07	0
393.54	0
397.67	0
400.58	0
416.85	0
418.86	0
421.28	0
422.05	0
703.06	0
726.04	0
732.55	0
733.76	0
735.48	0
735.93	0
736.99	0
738.30	0
163.87	0
166.67	0
168.90	0
170.00	0
172.32	0
172.46	0
172.58	0
175.34	0
38.07	1
52.01	0
54.76	0
61.80	0
62.24	0
70.96	0
74.13	0
76.98	0
44.25	0
49.21	0
50.53	0
50.75	1
64.17	0
66.71	0
67.53	0
69.20	0
46.11	0
50.03	0
51.63	0
53.58	1
65.03	0
67.35	0
70.38	0
74.12	0
143.38	0
146.40	0
151.65	0
157.08	0
159.45	0
167.87	0
168.29	0
168.79	0
354.39	0
355.87	0
358.27	0
358.41	0
359.53	0
360.99	0
362.03	0
367.73	0
504.13	1
508.03	1
511.04	1
513.24	0
513.81	0
515.57	0
516.56	0
517.07	0
275.44	0
282.12	0
282.40	0
283.53	0
284.16	0
284.95	0
285.40	0
285.62	0
130.58	0
163.18	0
166.00	0
168.61	0
173.36	0
174.68	0
177.15	0
177.79	0
437.55	0
440.69	0
441.18	0
445.15	0
448.83	0
449.07	0
449.09	0
449.64	0
198.65	0
209.83	0
209.87	0
212.18	0
217.62	0
217.85	0
218.16	0
219.15	0
413.59	0
415.03	0
415.14	0
421.50	0
422.85	0
423.96	0
427.14	0
427.95	0
771.02	0
771.66	0
779.94	0
783.09	0
784.40	0
784.70	0
784.96	0
785.88	0
180.02	0
182.61	0
183.03	0
183.42	0
185.31	0
186.36	0
186.38	0
187.25	0
117.38	1
126.35	0
130.79	0
131.74	0
131.85	0
134.87	0
135.51	0
137.62	0
148.22	0
148.54	0
148.94	0
151.42	0
153.54	0
156.20	0
157.71	0
162.77	0
97.78	0
130.46	0
138.42	0
138.44	0
143.70	0
144.35	0
147.99	0
150.07	0
83.40	1
110.87	0
112.19	0
115.10	0
116.41	0
119.48	0
120.54	0
121.42	0
148.40	0
149.91	0
150.15	0
151.92	0
154.52	0
155.55	0
156.34	0
156.98	0
222.04	0
224.29	0
225.51	0
229.86	0
229.91	0
232.87	0
233.28	0
233.86	0
70.43	1
74.12	0
78.53	0
82.33	0
86.72	0
89.09	0
89.32	0
89.34	0
48.54	1
51.62	0
54.42	0
57.36	0
65.37	0
67.44	0
67.88	0
70.46	0
74.17	0
75.12	0
75.14	0
75.28	0
76.46	0
78.37	0
79.42	0
82.36	0
197.40	0
203.02	0
206.48	0
210.28	0
210.53	0
216.24	0
216.57	0
218.90	0
31.02	1
33.74	1
37.39	1
47.90	1
49.61	1
50.34	1
51.60	1
55.06	1
120.39	0
121.25	0
121.45	0
122.54	0
123.13	0
124.82	0
125.65	0
127.20	0
162.30	0
166.16	0
171.48	0
176.47	0
180.64	0
182.61	0
182.92	0
184.95	0
70.65	1
98.55	1
99.18	0
107.96	1
111.97	1
112.24	0
112.28	0
113.00	0
194.51	0
198.52	0
199.51	0
202.42	0
202.97	0
209.34	0
209.98	0
211.56	0
143.98	0
146.14	0
152.77	0
155.75	0
163.87	0
170.92	0
172.62	0
172.68	0
68.90	1
82.82	0
86.41	1
87.07	0
89.92	0
93.11	0
95.03	0
95.50	0
134.03	0
140.16	0
144.42	0
144.85	0
146.20	0
147.27	0
147.96	0
150.65	0
113.65	0
113.79	0
123.43	0
132.47	0
136.17	0
136.84	0
140.60	0
142.12	0
180.62	0
188.39	0
189.21	0
193.74	0
197.92	0
198.47	0
198.58	0
199.92	0
140.17	0
141.43	0
147.20	0
147.36	0
147.68	0
149.55	0
150.01	0
151.10	0
240.21	0
240.49	0
242.14	0
242.30	0
247.40	0
248.15	0
248.38	0
248.60	0
101.20	0
105.89	1
110.55	1
117.59	1
121.24	0
122.00	1
122.44	0
123.42	0
106.41	1
120.06	0
120.57	0
123.47	0
127.52	0
130.70	0
131.05	0
133.02	0
135.84	0
138.01	0
138.04	0
138.50	0
144.10	0
146.71	0
149.36	0
149.86	0
93.50	0
117.11	0
118.36	0
125.23	0
129.87	0
132.86	0
135.92	0
139.35	0
74.15	1
97.43	1
111.64	0
112.82	1
115.39	1
117.53	0
117.76	1
118.30	0
235.95	0
242.97	0
244.33	0
245.78	0
246.83	0
247.28	0
247.32	0
248.07	0
201.91	0
211.32	0
212.34	0
214.24	0
215.84	0
216.91	0
218.67	0
220.53	0
277.69	1
284.51	0
302.44	0
322.42	0
333.30	0
334.52	0
337.90	0
338.84	0
288.98	1
299.83	0
309.16	1
325.61	0
327.63	1
328.94	0
334.01	0
339.24	0
299.01	0
303.94	0
306.65	0
331.50	0
334.46	0
338.03	0
344.62	0
350.98	0
43.91	1
113.31	0
123.39	0
126.54	0
127.37	0
127.89	0
130.67	0
133.03	0
187.49	0
188.52	1
191.02	0
195.73	0
197.94	0
199.00	0
200.60	0
201.53	0
211.00	1
235.39	0
236.21	1
248.01	1
257.21	1
267.84	0
268.08	0
270.71	0
239.37	0
246.91	0
253.38	0
283.96	0
293.31	1
295.31	1
295.94	0
301.25	1
330.60	1
331.81	0
333.16	0
333.31	0
333.48	1
337.09	0
337.46	1
337.91	0
205.38	0
239.03	0
242.97	0
254.88	0
255.24	0
262.17	0
263.82	0
264.34	0
260.18	0
311.36	0
312.78	0
324.33	0
340.94	0
344.77	0
345.21	0
345.38	0
226.20	0
231.57	0
232.98	0
234.16	0
236.17	0
241.57	0
242.68	0
243.91	0
111.36	1
117.46	1
125.11	0
127.51	0
129.29	1
134.55	0
137.99	0
138.88	0
80.41	1
81.39	1
81.70	1
84.17	1
84.17	1
84.38	1
85.27	1
85.91	1
163.67	1
171.85	0
173.13	1
184.58	0
196.79	0
212.03	0
218.32	0
219.37	1
123.47	1
155.32	0
155.53	1
166.79	1
173.18	1
175.61	0
214.97	0
218.82	1
6.50	1
6.72	1
7.73	1
8.51	1
17.84	1
157.89	0
163.78	0
165.03	0
174.65	0
187.82	1
218.49	0
219.46	0
224.37	0
234.14	0
235.11	0
236.32	0
183.62	1
286.60	0
290.08	0
304.47	0
306.05	0
308.61	0
309.96	0
312.26	0
34.68	1
73.55	0
84.04	0
115.15	0
120.44	0
128.45	0
130.21	0
131.86	0
172.29	1
182.12	0
191.73	0
203.75	1
207.93	1
216.49	0
219.59	0
221.64	0
194.30	1
202.83	0
207.95	0
213.63	0
222.26	0
223.89	0
229.96	0
234.27	0
138.17	1
170.49	1
229.77	0
251.32	0
254.43	0
259.54	0
260.15	0
263.53	0
17.86	1
19.29	1
33.38	1
166.84	0
168.76	0
169.34	0
170.81	0
173.34	0
129.62	1
146.16	0
160.63	0
161.23	0
165.32	0
166.90	0
174.92	0
176.54	0
43.72	1
108.13	0
112.96	0
113.89	0
115.75	0
115.91	0
117.08	1
118.14	0
36.36	1
75.98	1
111.34	0
140.27	1
145.01	0
145.35	0
146.36	0
153.08	1
32.12	0
34.02	0
98.84	0
131.51	0
138.11	0
141.68	0
143.91	0
168.54	0
67.59	0
97.40	0
98.42	0
98.78	0
100.20	0
104.04	0
107.79	0
108.40	0
248.79	0
287.25	0
291.80	0
300.08	0
301.03	0
301.18	0
304.62	0
306.49	0
290.72	0
298.48	0
298.99	0
303.53	0
304.12	0
306.18	0
308.13	0
310.25	0
290.73	0
292.40	0
300.85	0
301.53	0
302.09	0
302.88	0
303.12	0
303.73	0
270.46	0
292.51	0
306.73	0
310.23	0
311.92	0
312.47	0
312.70	0
312.87	0
310.52	0
315.27	0
333.65	0
350.32	0
361.79	0
370.16	0
373.20	0
373.91	0
310.33	0
312.56	0
328.76	0
345.70	0
358.21	0
362.71	0
363.90	0
365.44	0
103.84	1
123.04	0
124.66	1
126.63	1
126.97	1
131.21	1
134.19	0
134.78	1
1.70	1
2.21	1
2.27	1
2.67	1
2.79	1
3.39	1
4.22	1
4.44	1
77.43	1
78.53	1
133.89	0
134.47	0
156.72	1
178.20	0
188.98	0
191.71	0
216.82	0
222.32	0
237.04	0
237.09	1
251.87	0
272.58	0
273.71	0
276.22	0
173.18	1
180.74	1
181.40	1
187.79	1
190.67	1
196.83	1
198.75	0
201.38	0
239.90	0
241.96	0
247.77	0
248.21	0
248.27	0
248.66	0
248.92	0
250.30	0
142.27	0
160.89	0
166.82	0
172.69	0
172.78	0
173.49	0
173.58	0
174.57	0
107.26	0
107.44	1
117.73	1
126.54	0
128.21	0
128.62	0
129.44	0
129.83	0
58.72	1
63.43	1
76.56	1
121.62	0
128.94	1
130.27	1
130.35	0
140.46	1
63.33	1
66.61	1
68.94	1
75.15	0
155.80	0
172.70	0
174.84	0
184.34	0
122.64	0
136.06	1
141.08	0
142.67	0
143.50	1
144.71	1
145.09	1
146.27	1
85.21	1
219.38	0
242.62	0
261.29	0
261.56	0
264.02	0
278.03	0
278.49	0
71.15	0
80.42	0
87.98	0
132.75	1
145.22	1
154.35	0
155.61	0
162.61	1
100.41	1
109.75	1
121.16	1
149.04	0
155.82	1
177.70	0
202.48	1
204.44	0
38.85	1
50.49	1
56.65	0
58.50	1
61.73	0
63.58	1
68.36	1
82.35	0
1.15	1
1.46	1
1.77	1
2.10	1
3.66	1
3.69	1
4.44	1
4.58	1
213.06	0
216.99	0
217.67	0
219.44	0
222.70	0
223.43	0
223.60	0
223.70	0
107.20	0
136.87	0
141.23	0
156.91	0
159.92	0
181.67	0
195.32	0
195.89	0
197.23	0
209.99	0
214.29	0
216.05	0
219.47	0
239.50	0
244.46	0
246.39	0
50.98	1
66.33	1
68.38	1
95.90	1
147.50	0
153.61	0
154.69	1
155.64	1
39.39	1
50.04	1
50.63	1
62.75	0
89.10	1
136.42	0
158.18	0
158.72	0
121.81	0
131.20	0
137.08	0
145.19	0
145.40	0
152.24	0
152.30	0
157.83	0
100.19	0
165.02	0
169.14	0
170.65	0
170.88	0
171.25	0
172.49	0
173.53	0
113.07	1
131.16	1
131.45	1
133.79	0
137.96	1
140.37	0
147.67	0
148.78	1
77.52	1
96.23	1
140.49	0
144.60	1
147.16	0
154.88	0
156.14	0
156.41	0
16.26	1
18.65	1
131.95	0
140.95	0
141.44	0
144.14	0
144.47	0
146.45	0
22.15	1
31.62	1
98.42	0
103.00	0
107.64	0
108.57	0
115.36	0
115.76	0
123.06	0
167.87	0
168.00	0
171.91	1
172.24	0
180.88	1
187.92	0
189.22	1
177.82	0
195.56	1
199.64	0
200.45	0
202.99	1
210.16	0
212.54	1
219.83	0
154.83	0
193.06	0
204.96	0
227.30	0
229.69	0
235.14	0
235.21	0
240.00	0
218.38	1
228.69	0
231.76	1
235.17	1
236.11	1
237.80	1
238.94	1
241.94	0
80.36	1
113.94	0
120.41	0
126.65	0
144.25	1
151.00	1
153.87	0
161.15	0
35.43	1
102.14	1
117.13	1
117.15	1
158.11	1
161.54	0
170.87	0
186.65	0
149.42	0
155.97	0
157.60	0
161.29	1
161.93	0
162.09	0
162.22	0
162.23	0
219.95	0
223.78	0
226.07	0
230.87	0
235.32	0
235.32	0
236.47	0
236.77	0
120.83	0
121.02	0
121.18	0
121.29	0
126.11	0
128.17	0
129.86	0
130.49	0
37.68	1
40.41	1
44.77	1
44.90	1
45.47	1
46.26	1
48.19	0
55.15	1
5.78	1
5.92	1
6.52	1
6.84	1
7.01	1
7.07	1
7.13	1
7.14	1
35.17	1
76.53	0
79.48	1
81.61	1
91.14	0
122.36	1
154.06	0
155.06	0
185.65	0
198.17	0
202.45	0
210.33	0
239.77	0
242.88	0
243.00	0
245.03	0
75.22	1
116.12	1
121.34	1
128.63	1
132.56	1
136.45	0
142.15	1
143.85	1
182.26	0
188.89	0
224.23	0
225.05	0
227.06	0
232.26	0
234.38	0
235.30	0
76.25	1
86.37	1
86.50	1
87.33	1
89.34	1
89.95	1
91.14	1
91.32	1
199.62	1
250.48	0
274.88	0
280.92	1
282.64	1
286.47	1
288.05	1
296.27	0
202.24	1
262.30	0
279.07	0
291.03	0
294.87	0
300.11	0
308.05	0
308.58	0
119.75	0
121.59	1
124.66	1
124.84	0
128.52	0
130.32	0
131.84	0
136.43	0
129.41	1
131.63	1
141.08	1
148.54	1
158.35	0
163.71	0
166.54	1
170.60	0
126.00	0
155.18	0
159.12	0
166.56	0
168.80	0
170.17	0
174.62	0
175.55	0
315.57	0
317.43	0
317.81	0
317.84	0
318.99	0
319.20	0
320.34	0
320.66	0
235.03	0
242.25	0
247.46	0
248.30	0
248.51	0
248.56	0
248.66	0
250.45	0
97.15	0
165.02	0
181.78	0
193.42	0
204.95	0
206.69	0
207.49	0
208.52	0
94.12	0
94.67	0
110.33	0
110.37	0
112.35	0
114.74	0
115.48	0
115.67	0
295.32	0
296.32	0
297.67	0
298.40	0
299.79	0
300.28	0
300.85	0
304.69	0
273.97	0
292.09	0
295.41	0
299.47	0
299.88	0
300.18	0
300.36	0
300.89	0
322.89	0
330.31	0
332.06	0
334.89	0
336.46	0
338.42	0
339.38	0
339.65	0
207.04	0
210.16	0
210.57	0
213.43	0
215.45	0
216.33	0
216.59	0
218.15	0
195.52	0
196.03	0
198.83	0
199.51	0
199.62	0
200.42	0
209.53	0
212.55	0
149.60	0
153.99	0
154.74	1
154.75	0
155.05	0
155.73	0
158.79	0
159.22	0
60.90	1
67.29	1
85.44	1
112.80	1
119.64	1
123.20	1
129.24	1
134.99	1
4.95	1
5.87	1
7.58	1
7.62	1
8.97	1
9.33	1
9.70	1
10.24	1
2.97	1
5.03	1
5.09	1
5.32	1
6.00	1
6.63	1
7.60	1
7.79	1
55.23	1
57.16	1
68.92	1
69.00	1
76.15	1
78.50	0
83.19	0
83.54	0
1.98	1
2.84	1
3.78	1
4.00	1
4.01	1
4.12	1
4.45	1
4.72	1
88.07	1
140.28	0
146.46	0
147.73	0
152.68	1
152.87	0
156.55	0
156.93	0
44.32	1
49.04	1
64.99	0
77.55	1
99.96	1
120.60	0
127.04	1
138.45	0
113.67	0
116.26	0
222.38	0
225.21	0
229.06	0
233.61	0
235.56	0
235.66	0
71.51	1
75.79	1
82.48	0
90.86	0
94.11	1
94.25	0
96.50	1
104.74	0
22.82	1
44.12	1
68.24	1
71.45	1
96.81	0
109.89	1
115.11	0
128.45	0
6.34	1
8.59	1
9.05	1
9.81	1
11.19	1
17.61	1
160.75	0
166.95	0
82.13	1
99.68	0
103.35	0
103.64	0
107.33	0
109.01	0
110.66	0
111.99	0
89.02	1
142.84	0
144.80	0
147.68	0
151.33	0
162.32	0
163.25	0
171.85	0
159.82	0
235.85	0
247.81	0
250.05	0
255.42	0
256.21	0
257.29	0
257.72	0
40.11	1
43.48	1
46.23	1
50.17	1
54.05	1
56.92	1
64.41	1
75.15	0
202.66	0
206.03	0
212.91	0
213.17	0
213.42	0
214.31	0
215.06	0
216.00	0
147.30	0
196.66	0
213.19	0
218.38	0
222.88	1
229.83	1
238.48	0
238.90	1
147.64	0
189.33	0
199.11	0
203.79	0
216.03	0
224.07	0
226.53	0
226.94	0
153.67	0
153.75	0
183.49	1
199.25	0
199.89	0
212.20	0
215.25	0
217.75	0
41.60	1
98.09	0
157.78	0
187.40	0
195.91	0
205.03	0
208.84	0
210.05	0
140.66	0
145.92	0
151.07	0
160.39	0
163.06	0
164.57	0
164.81	0
165.62	0
80.65	1
119.78	0
128.95	0
137.49	0
153.77	0
157.37	1
181.05	0
195.06	0
56.15	1
189.73	0
194.59	0
201.44	0
207.38	0
208.54	0
213.04	0
218.75	0
9.37	1
21.47	1
36.15	1
37.85	1
40.48	1
44.81	1
49.56	1
50.05	1
16.75	1
27.24	1
35.06	1
52.27	1
73.38	1
106.55	0
116.02	0
128.24	0
7.62	1
10.47	1
14.94	1
20.72	1
69.79	1
161.08	0
163.93	0
163.94	0
7.68	1
8.66	1
9.49	1
12.97	1
82.74	1
181.62	1
186.90	1
188.34	1
13.42	1
22.93	0
46.04	1
65.67	1
195.14	0
226.06	0
228.83	0
231.49	0
2.59	1
3.90	1
4.27	1
100.16	0
130.68	0
132.87	0
133.84	0
137.59	0
2.77	1
2.89	1
3.40	1
58.66	1
110.02	0
116.42	0
125.99	0
126.49	0
3.82	1
5.58	1
7.57	1
161.57	0
171.36	0
171.52	0
171.58	0
171.65	0
11.43	1
23.34	1
24.49	1
26.83	1
27.18	1
27.52	1
28.54	1
31.28	1
1.92	1
2.39	1
2.61	1
3.18	1
3.54	1
3.69	1
3.72	1
3.83	1
85.30	1
143.04	0
145.00	0
146.32	0
147.44	0
148.35	0
148.68	1
149.45	0
48.21	0
59.80	0
61.56	0
71.76	0
72.84	1
87.83	0
89.29	0
125.90	0
179.37	0
184.63	0
184.70	0
190.99	0
191.88	0
192.39	0
192.83	0
195.19	0
123.49	0
131.48	0
131.53	0
131.69	0
134.90	0
134.93	0
135.02	0
136.62	0
182.71	1
245.04	0
246.95	0
248.60	0
248.68	0
248.72	0
251.53	0
251.80	0
45.63	1
297.54	0
320.24	0
321.35	0
322.97	0
324.81	0
326.15	0
327.08	0
49.94	1
285.45	0
303.00	0
303.08	0
303.95	0
304.35	0
305.07	0
305.83	0
64.84	1
231.99	0
233.94	0
237.06	0
237.17	0
238.37	0
238.37	0
239.98	0
164.24	0
164.73	0
167.86	0
168.83	0
170.73	0
171.87	0
173.13	0
173.14	0
52.51	1
52.94	1
53.48	1
53.98	1
55.49	1
56.03	1
56.25	1
56.87	1
3.27	1
3.44	1
3.52	1
3.52	1
3.63	1
3.70	1
3.73	1
3.83	1
138.93	0
146.64	0
166.75	0
172.63	0
176.87	0
186.79	0
188.04	0
189.85	0
260.65	0
281.69	0
291.83	0
292.65	0
300.19	0
300.94	0
312.70	0
315.10	0
300.79	1
362.84	1
453.41	0
493.23	0
493.44	0
496.42	0
499.18	0
502.17	0
115.54	1
184.74	1
307.02	0
307.26	0
308.82	0
309.99	0
310.32	0
310.54	0
270.74	1
306.02	1
391.72	0
428.93	0
429.87	0
445.19	0
458.54	0
460.58	0
225.31	1
305.27	0
315.56	0
318.32	0
322.72	0
322.74	0
327.46	0
328.51	0
188.90	0
201.57	0
203.62	0
208.76	1
209.05	0
209.72	0
210.84	0
213.75	0
210.93	1
235.43	1
239.50	1
242.94	0
279.14	0
279.85	0
282.16	1
282.35	0
317.68	0
321.98	0
332.61	0
348.86	0
350.32	0
355.89	0
356.56	0
369.86	0
182.72	0
184.83	0
187.51	0
192.47	0
193.55	0
194.32	0
197.42	0
198.03	0
114.13	0
117.28	0
121.59	0
122.22	0
122.96	0
123.68	0
123.79	0
124.53	0
238.81	0
251.89	0
253.42	0
255.37	0
255.49	0
257.09	0
261.51	0
261.63	0
230.47	0
230.71	0
232.18	0
232.28	0
233.63	0
233.65	0
235.12	0
236.17	0
211.35	0
218.57	0
241.03	0
241.58	0
242.36	0
243.22	0
245.98	0
246.18	0
155.68	1
186.28	1
187.68	0
191.26	1
199.71	1
200.17	1
207.72	0
208.95	1
186.50	1
208.13	0
228.35	0
253.26	0
256.08	0
263.19	0
264.10	0
265.11	0
129.91	0
137.29	0
138.96	0
151.52	0
151.79	1
160.41	0
163.30	0
168.48	0
176.26	1
176.27	0
186.40	0
194.44	1
195.57	1
195.65	0
197.53	0
199.08	0
184.73	0
204.60	0
211.40	0
215.53	0
216.38	0
217.10	0
221.80	0
222.42	0
144.74	1
157.34	1
189.42	1
202.48	1
212.60	0
218.07	0
237.59	0
246.96	0
154.95	0
168.40	0
170.90	1
171.60	0
174.17	0
175.36	0
179.56	0
179.88	0
114.73	0
123.19	0
124.24	0
125.97	0
142.34	0
144.16	0
149.26	0
152.66	0
87.76	1
88.60	1
89.31	1
90.44	1
93.50	1
95.93	1
96.87	1
99.70	1
76.64	1
123.91	0
128.14	0
130.98	0
134.77	0
136.30	0
137.52	0
137.59	0
122.15	1
151.44	1
157.12	1
162.01	0
164.40	0
165.39	0
165.54	0
166.70	0
71.34	1
116.89	0
118.32	0
121.02	0
122.26	0
123.99	0
124.39	0
124.44	0
213.63	0
222.74	0
228.11	0
232.00	1
236.33	1
238.60	0
253.13	0
253.38	0
206.38	1
271.28	0
281.50	0
289.81	0
292.62	0
297.85	0
313.07	0
321.36	0
134.64	1
140.98	1
146.89	0
153.50	1
163.79	1
166.78	0
171.11	0
175.50	1
220.00	0
221.94	0
231.74	0
234.93	0
235.74	0
235.79	0
236.72	0
237.25	0
190.51	1
252.18	0
252.78	0
255.13	0
257.58	0
258.11	0
258.28	0
258.98	0
16.29	1
140.95	0
155.98	0
158.98	0
159.56	0
160.57	0
162.46	0
163.48	0
39.22	1
42.02	1
44.41	1
48.23	1
48.89	1
49.39	1
49.82	1
53.52	1
1.20	1
1.67	1
1.67	1
1.85	1
1.97	1
2.52	1
2.84	1
3.34	1
171.59	0
172.48	0
172.72	0
174.39	0
177.94	0
178.90	0
180.79	0
181.22	0
148.22	0
153.81	0
167.71	0
167.98	0
169.44	0
169.86	0
172.47	0
172.87	0
247.03	0
247.76	0
249.04	0
250.08	0
251.00	0
251.24	0
252.72	0
252.82	0
214.07	0
287.87	0
288.95	0
294.57	0
295.17	0
295.64	0
297.53	0
299.46	0
146.62	0
149.99	1
152.08	1
159.78	1
172.59	1
183.32	1
184.49	1
188.15	0
145.81	1
170.38	1
178.17	0
180.64	0
180.67	0
180.76	0
181.52	0
185.38	0
105.94	0
114.48	0
176.60	0
182.92	0
184.42	0
185.58	0
186.99	0
187.62	0
101.93	1
111.38	1
112.38	1
117.38	0
124.88	1
133.13	0
133.75	0
135.79	0
197.11	0
209.90	0
210.80	0
211.42	0
212.54	0
213.11	0
214.23	0
214.33	0
145.95	0
155.87	0
157.55	0
157.90	0
160.70	0
166.95	0
169.99	0
176.08	0
157.86	0
158.36	0
158.69	0
159.16	0
161.60	0
162.11	0
162.85	0
163.82	0
102.90	0
120.85	0
124.69	0
124.98	0
126.39	0
128.77	0
128.93	0
129.32	0
113.77	0
130.71	0
132.03	0
138.69	0
139.50	0
145.49	0
146.67	0
147.11	0
167.20	1
170.24	1
177.70	0
187.17	0
190.93	0
195.15	0
202.76	0
203.31	0
151.23	1
151.29	1
162.86	1
178.14	0
178.28	0
180.43	1
181.12	0
182.93	0
243.03	0
245.38	0
248.59	0
249.31	0
249.47	0
249.93	0
250.61	0
251.19	0
118.70	0
126.19	0
133.93	0
135.21	0
137.16	0
137.75	1
139.30	0
141.22	1
293.19	0
293.59	0
297.40	0
298.61	0
299.00	0
299.86	0
302.38	0
303.36	0
251.61	0
256.07	0
256.37	0
258.61	0
258.74	0
259.08	0
260.25	0
261.04	0
384.57	1
385.21	0
388.50	1
392.00	1
397.80	0
399.38	0
399.72	0
399.98	0
327.36	0
338.78	0
357.94	0
360.15	0
369.32	0
374.57	0
376.80	0
378.35	0
276.63	0
288.28	0
290.96	0
292.42	0
306.46	0
309.44	0
309.56	0
310.64	0
296.81	0
305.82	0
306.40	0
306.90	0
307.56	0
309.42	0
310.78	0
311.20	0
162.45	0
173.43	0
175.72	0
178.16	0
178.19	0
178.60	0
178.71	0
178.80	0
61.90	1
70.23	1
70.32	1
71.15	1
71.74	1
73.95	1
74.55	1
75.11	1
12.19	1
12.79	1
13.04	1
13.35	1
13.49	1
13.73	1
13.87	1
13.87	1
100.67	0
102.23	0
102.93	0
103.38	0
103.46	0
103.72	0
104.05	0
104.16	0
173.61	1
206.69	0
208.65	0
211.59	0
211.94	0
214.66	0
215.80	0
218.46	0
19.85	1
21.22	1
28.12	1
141.80	0
143.89	0
150.80	0
151.48	0
152.05	0
27.95	1
34.19	1
40.55	1
103.90	0
122.61	0
127.22	0
130.15	0
131.37	0
118.75	1
142.04	0
153.37	0
167.52	0
170.22	0
173.36	0
175.79	0
176.27	0
87.78	1
87.95	0
92.51	1
104.19	1
108.55	1
109.59	1
110.85	1
111.20	1
36.57	0
36.68	0
36.90	0
37.56	0
37.68	0
37.78	0
38.03	0
38.09	0
171.80	1
180.38	0
183.25	1
184.44	1
185.74	0
187.99	0
188.05	0
188.20	0
162.92	0
165.43	0
166.68	0
168.81	0
174.44	0
174.96	0
178.27	0
178.55	0
116.00	1
117.71	1
123.12	0
124.15	1
127.22	1
129.37	1
129.59	1
130.56	1
