302.37	0
323.54	0
336.81	0
344.74	0
370.12	0
378.50	0
380.19	0
392.26	0
634.69	0
637.86	0
654.23	0
664.89	0
688.69	0
695.85	0
705.32	0
705.63	0
596.24	0
605.34	0
606.50	0
640.69	0
646.65	0
654.45	0
659.63	0
666.20	0
703.66	0
715.72	0
717.64	0
738.93	0
744.44	0
747.68	0
750.32	0
753.08	0
892.06	0
914.70	0
915.00	0
916.00	0
929.98	0
930.01	0
931.36	0
941.67	0
463.93	0
473.38	0
481.57	0
495.04	0
506.92	0
525.50	0
530.76	0
535.43	0
231.55	0
244.98	0
257.06	0
258.63	0
258.78	0
272.74	0
277.34	0
278.42	0
241.83	0
249.84	0
293.32	0
296.17	0
308.60	0
309.49	0
315.31	0
319.15	0
242.06	0
279.11	0
284.93	0
327.43	1
327.96	0
328.13	0
333.39	0
333.98	0
566.86	0
569.27	0
598.01	0
606.51	0
615.13	0
616.12	0
631.59	0
639.80	0
649.54	0
652.84	0
677.63	0
678.13	0
678.82	0
680.48	0
680.74	0
682.43	0
540.26	0
552.35	0
557.24	0
573.29	0
580.75	0
595.49	0
597.90	0
599.70	0
540.82	0
551.70	0
563.75	0
575.00	0
586.46	0
599.98	0
604.34	0
608.82	0
336.43	0
338.15	0
350.34	0
382.37	0
384.09	0
388.15	0
388.63	0
390.81	0
549.02	0
566.39	0
568.79	0
571.98	0
581.15	0
582.77	0
585.84	0
586.83	0
554.66	0
566.64	0
569.64	0
570.74	0
578.94	0
579.62	0
599.75	0
602.22	0
456.91	0
463.85	0
489.93	0
501.52	0
507.85	0
514.03	0
521.70	0
527.99	0
346.37	0
368.24	0
374.03	0
382.61	0
391.09	0
392.09	0
408.68	0
413.80	0
185.50	0
202.91	0
203.36	0
211.86	0
230.55	0
243.78	0
248.77	0
249.72	0
270.29	0
281.98	0
318.64	0
331.26	0
340.70	0
344.42	0
346.28	0
347.56	0
297.96	0
319.62	0
326.72	0
347.13	0
348.87	0
350.83	0
358.66	0
360.01	0
269.97	0
276.90	0
281.39	0
286.23	0
301.92	0
310.98	0
316.24	0
322.68	0
280.66	0
287.65	0
309.76	0
312.32	0
327.98	0
333.90	0
343.13	0
343.88	0
380.63	0
385.23	0
410.43	0
423.04	0
427.11	0
432.96	0
438.70	0
439.93	0
470.80	0
471.13	0
474.27	0
474.71	0
482.39	0
483.81	0
485.46	0
504.74	0
258.95	0
270.32	0
281.41	0
289.80	0
300.76	0
305.19	0
311.08	0
314.27	0
58.43	0
117.48	0
163.00	0
180.88	0
190.50	0
201.13	0
203.54	0
204.58	0
158.58	0
165.18	0
172.96	0
195.52	0
220.43	0
222.75	0
225.49	0
234.62	0
55.44	0
107.09	0
107.36	0
108.32	0
117.57	0
122.83	0
143.15	0
144.30	0
326.20	0
342.40	0
355.78	0
360.02	0
370.09	0
371.84	0
379.25	0
393.05	0
544.06	0
551.96	0
554.31	0
557.40	0
561.36	0
571.06	0
582.70	0
590.25	0
796.83	0
820.31	0
838.59	0
853.26	0
856.24	0
863.31	0
865.04	0
869.70	0
292.73	0
295.81	0
303.87	0
310.04	0
316.46	0
330.63	0
334.84	0
335.58	0
531.27	0
535.03	0
542.20	0
550.40	0
556.66	0
571.33	0
574.48	0
587.34	0
571.75	0
580.48	0
582.52	0
591.66	0
591.67	0
596.80	0
596.91	0
600.27	0
399.02	0
421.03	0
424.64	0
429.69	0
433.88	0
435.22	0
437.42	0
463.89	0
408.88	0
409.44	0
409.77	0
410.53	0
422.33	0
435.72	0
436.63	0
437.28	0
263.75	0
274.32	0
288.00	0
288.73	0
293.28	0
297.75	0
306.33	0
309.63	0
416.49	0
421.74	0
422.63	0
427.00	0
435.62	0
448.18	0
451.01	0
451.17	0
313.60	0
327.99	0
346.19	0
350.64	0
352.58	0
368.28	0
371.70	0
371.92	0
316.11	0
331.87	0
359.03	0
359.53	0
360.26	0
364.20	0
370.98	0
388.36	0
355.30	0
358.17	0
380.48	0
396.14	0
405.06	0
405.53	0
410.07	0
418.37	0
311.54	0
339.95	0
346.56	0
354.90	0
357.04	0
360.28	0
367.90	0
379.01	0
323.26	0
323.59	0
334.93	0
336.53	0
343.03	0
365.18	0
373.42	0
381.66	0
251.26	0
255.68	0
274.02	0
276.80	0
287.79	0
287.92	0
296.44	0
298.72	0
66.04	0
108.24	0
112.60	0
119.84	0
126.27	0
136.99	0
151.15	0
151.45	0
93.86	0
107.54	0
137.05	0
193.11	0
212.23	0
237.32	0
251.31	0
252.15	0
547.02	0
550.73	0
559.28	0
564.77	0
570.93	0
576.85	0
580.76	0
587.90	0
508.48	0
523.23	0
524.25	0
535.02	0
536.13	0
540.59	0
556.85	0
558.41	0
618.19	0
629.54	0
645.17	0
649.94	0
652.64	0
652.97	0
658.65	0
659.02	0
695.49	0
710.39	0
711.40	0
715.16	0
719.74	0
720.42	0
721.79	0
731.42	0
169.30	1
188.47	0
193.56	1
235.77	0
253.65	0
285.98	0
286.13	0
286.42	0
135.81	0
144.94	0
155.99	0
165.56	0
213.46	0
215.32	0
217.05	0
227.25	0
192.01	0
195.49	0
199.77	0
218.24	0
233.24	0
239.59	0
240.19	0
242.45	0
155.91	0
163.76	0
165.04	0
189.16	0
189.60	0
196.82	0
210.85	0
212.13	0
183.73	0
193.37	0
197.36	0
202.73	0
212.57	0
219.22	0
223.36	0
237.53	0
53.63	1
91.79	1
120.16	0
149.20	0
178.64	0
179.07	0
180.17	0
190.93	0
153.19	0
162.28	0
169.59	0
172.68	0
174.95	0
185.80	0
199.18	0
208.60	0
490.24	0
490.40	0
491.39	0
501.31	0
507.53	0
520.57	0
527.56	0
534.71	0
551.07	0
552.04	0
553.75	0
561.23	0
582.05	0
588.70	0
590.66	0
592.91	0
469.12	0
475.24	0
476.99	0
484.28	0
492.21	0
498.96	0
499.89	0
501.86	0
686.57	0
687.11	0
687.71	0
692.17	0
696.69	0
707.66	0
712.32	0
737.03	0
318.00	0
319.76	0
322.40	0
337.72	0
350.08	0
352.90	0
354.76	0
357.82	0
239.14	0
243.01	0
251.83	0
283.64	0
286.51	0
291.39	0
293.35	0
303.81	0
66.26	0
74.53	0
86.15	0
108.27	0
110.68	0
123.87	0
126.38	0
131.00	0
122.01	0
130.65	0
132.26	0
132.95	0
138.30	0
170.02	0
176.64	0
177.13	0
103.44	0
103.53	0
106.99	0
114.03	0
152.11	0
155.13	0
163.55	0
166.16	0
10.82	1
10.86	1
55.40	0
101.97	0
107.22	0
113.32	0
116.35	0
125.30	0
69.06	0
78.41	0
83.40	0
93.97	0
103.40	0
109.79	0
118.35	0
126.50	0
214.20	0
240.90	0
251.71	0
251.94	0
254.24	0
254.52	0
254.67	0
256.14	0
359.81	0
360.21	0
361.99	0
379.94	0
392.89	0
403.12	0
407.44	0
409.49	0
134.48	0
145.79	0
146.37	0
150.84	0
170.85	0
179.28	0
181.82	0
183.43	0
225.10	0
225.67	0
227.21	0
229.57	0
236.89	0
247.75	0
258.93	0
265.46	0
144.98	0
154.58	0
156.79	0
169.82	0
175.40	0
191.66	0
194.67	0
195.78	0
19.74	1
48.52	1
51.06	1
74.08	0
100.05	0
132.95	0
139.14	0
140.36	0
237.32	0
239.79	0
240.74	0
240.86	0
247.23	0
249.74	0
249.79	0
251.89	0
503.52	0
513.47	0
515.28	0
517.02	0
522.44	0
524.64	0
525.05	0
528.79	0
490.33	0
493.74	0
504.87	0
504.98	0
505.61	0
511.91	0
511.91	0
514.90	0
450.34	0
490.74	0
492.99	0
496.03	0
497.08	0
502.93	0
504.90	0
506.22	0
708.25	0
715.71	0
723.28	0
724.93	0
734.92	0
737.23	0
738.42	0
739.20	0
523.78	0
536.41	0
540.07	0
605.72	0
612.45	0
615.71	0
624.88	0
630.56	0
205.94	0
209.33	1
221.91	0
222.55	0
222.96	0
228.79	0
234.44	0
240.82	0
222.21	0
227.75	0
228.69	0
230.46	0
234.92	0
235.05	0
240.97	0
241.40	0
162.34	0
163.33	0
172.18	0
172.43	0
173.21	0
183.88	0
184.25	0
188.74	0
175.13	0
179.61	0
185.67	0
188.57	0
193.86	0
194.09	0
197.62	0
201.83	0
159.79	0
160.68	0
166.65	0
167.24	0
167.88	0
169.29	0
173.39	0
178.77	0
297.94	0
298.42	0
299.39	0
303.14	0
304.99	0
305.51	0
308.38	0
308.72	0
104.88	0
105.50	0
114.10	0
117.59	0
118.12	0
119.14	0
124.60	0
127.78	0
17.73	1
27.73	1
56.47	1
70.34	1
87.27	0
97.77	0
108.45	0
128.61	0
153.71	0
171.85	0
186.82	0
187.94	1
196.36	0
199.62	0
200.53	0
207.56	0
140.79	0
147.13	0
157.29	0
160.32	0
161.67	0
163.51	0
169.83	0
170.73	0
16.95	1
119.95	0
126.22	0
138.86	0
139.90	0
145.68	0
146.41	0
152.33	0
24.17	1
212.82	0
214.95	0
217.00	0
220.45	0
222.16	0
222.41	0
224.31	0
8.24	1
136.53	0
146.25	0
153.95	0
156.26	0
156.70	0
157.36	0
158.74	0
106.70	0
127.17	0
132.43	0
139.23	0
142.86	0
156.63	0
176.66	0
179.67	0
152.70	0
158.87	0
167.92	0
169.36	0
171.67	0
174.26	0
176.64	0
186.21	0
220.14	0
225.04	0
226.73	0
227.65	0
230.94	0
233.14	0
238.13	0
240.67	0
254.65	0
260.72	0
270.61	0
271.68	0
275.84	0
276.31	0
278.82	0
281.79	0
263.25	0
272.24	0
275.66	0
280.29	0
281.37	0
283.82	0
291.54	0
298.05	0
301.88	0
310.90	0
313.69	0
317.44	0
335.75	0
336.78	0
346.13	0
349.48	0
291.03	0
294.31	0
302.53	0
309.62	0
317.06	0
321.68	0
328.23	0
336.52	0
112.42	0
115.27	0
115.28	0
124.35	0
124.69	0
124.78	0
143.95	0
144.41	0
95.13	0
125.41	0
132.40	0
134.03	0
140.17	0
147.36	0
165.42	0
169.58	0
130.26	0
138.99	0
139.11	0
141.64	0
146.19	0
148.03	0
151.00	0
155.26	0
106.15	0
107.53	0
107.94	0
111.16	0
113.94	0
125.18	0
136.22	0
136.80	0
119.33	0
130.83	0
131.02	0
141.69	0
146.20	0
148.19	0
153.66	0
154.19	0
91.05	0
95.78	0
96.24	0
100.63	0
108.90	0
112.25	0
115.97	0
119.65	0
46.54	1
82.43	0
86.65	0
89.10	0
91.98	0
107.29	0
127.04	0
129.77	0
142.65	0
146.98	0
149.36	0
150.51	0
153.21	0
153.87	0
162.95	0
163.46	0
177.69	0
184.19	0
187.73	0
196.80	0
204.81	0
206.04	0
209.63	0
212.40	0
212.69	0
220.89	0
222.07	0
232.97	0
241.64	0
246.61	0
247.58	0
248.09	0
60.64	1
127.83	0
132.90	0
135.48	0
136.90	0
138.83	0
156.03	0
157.39	0
98.95	0
99.66	0
104.75	0
114.63	0
115.19	0
120.55	0
133.30	0
133.74	0
150.60	0
156.78	0
163.24	0
168.91	0
170.50	0
171.73	0
179.67	0
187.67	0
225.42	0
234.16	0
236.97	0
237.79	0
240.54	0
247.96	0
258.66	0
261.43	0
118.38	0
121.48	0
122.83	0
133.41	0
143.01	0
156.94	0
186.77	0
190.29	0
6.37	1
12.49	1
16.17	1
55.42	0
64.17	0
70.64	0
94.79	0
103.36	0
241.68	0
261.02	0
262.10	0
262.67	0
271.70	0
277.43	0
282.30	0
287.72	0
99.12	0
108.73	0
112.06	0
121.88	0
124.35	0
124.54	0
156.58	0
163.39	0
416.97	0
417.73	0
419.69	0
426.11	0
430.11	0
437.77	0
445.79	0
453.90	0
382.14	0
387.91	0
394.09	0
395.86	0
396.22	0
399.72	0
418.38	0
428.09	0
248.61	0
251.88	0
259.20	0
260.62	0
266.91	0
268.01	0
280.48	0
282.25	0
215.39	0
217.35	0
220.65	0
225.80	0
233.16	0
238.01	0
238.21	0
241.59	0
303.29	0
303.65	0
309.42	0
310.28	0
320.49	0
321.38	0
345.34	0
349.97	0
105.35	0
129.12	0
131.96	0
136.50	0
139.76	0
142.70	0
172.38	0
176.83	0
171.10	0
172.86	0
174.18	0
175.22	0
182.60	0
184.84	0
188.16	0
200.38	0
145.14	0
158.29	0
158.81	0
168.35	0
180.54	0
184.04	0
189.77	0
190.48	0
111.83	0
119.93	0
122.40	0
124.30	0
125.44	0
142.79	0
145.57	0
149.21	0
136.30	0
147.21	0
148.61	0
149.27	0
154.64	0
164.82	0
169.97	0
170.88	0
178.97	0
189.79	0
191.49	0
193.52	0
207.51	0
210.04	0
211.55	0
216.18	0
168.67	0
181.61	0
184.36	0
184.89	0
194.87	0
197.08	0
202.55	0
207.28	0
60.08	1
98.57	0
106.26	0
106.80	0
111.21	0
127.35	0
136.94	0
146.33	0
160.67	0
167.31	0
172.38	0
173.04	0
175.18	0
183.08	0
196.44	0
198.88	0
396.75	0
406.93	0
410.96	0
418.14	0
422.13	1
433.29	0
434.65	0
437.09	0
270.52	0
273.36	0
278.08	0
282.78	0
292.94	0
300.09	0
323.17	1
323.32	0
244.84	0
248.83	0
250.11	0
251.74	0
260.52	0
267.61	0
268.58	0
276.16	0
246.03	0
248.49	0
250.22	0
252.92	0
252.93	0
253.66	0
254.94	0
255.03	0
125.90	0
132.76	0
135.23	0
135.93	0
143.09	0
149.42	0
151.84	0
160.57	0
192.85	0
193.81	0
201.26	0
205.47	0
206.53	0
210.43	0
218.61	0
219.11	0
186.73	0
187.78	0
188.58	0
195.46	0
205.95	0
207.01	0
220.96	0
230.55	0
165.47	0
166.54	0
175.34	0
178.19	0
179.29	0
195.95	0
206.06	0
222.26	0
33.63	0
38.72	0
49.45	0
81.66	0
85.86	1
94.28	0
124.11	0
128.27	0
265.65	0
278.80	0
288.09	0
289.55	0
290.72	0
290.99	0
298.82	0
299.10	0
180.00	1
187.04	1
200.52	1
210.07	0
217.42	0
223.98	0
231.27	0
248.99	0
117.62	1
118.55	1
136.83	1
146.60	0
148.70	0
155.16	0
172.03	0
173.78	0
122.23	0
123.31	0
126.73	0
135.82	0
140.32	0
142.49	0
148.57	1
154.59	0
180.07	0
184.37	0
186.30	0
189.84	0
191.07	0
203.86	0
214.22	0
220.05	0
174.86	0
183.95	0
187.28	0
188.80	0
191.34	0
203.32	0
203.76	0
204.84	0
126.21	0
135.04	0
139.50	0
148.82	0
154.79	0
163.36	0
163.44	0
163.54	0
136.62	0
140.07	0
141.58	0
146.20	0
150.71	0
155.39	0
159.33	0
159.87	0
293.81	0
297.59	0
304.11	0
304.95	0
314.31	0
317.62	0
326.93	0
329.45	0
142.82	0
148.04	0
153.57	0
154.16	0
158.32	0
171.42	0
178.41	0
182.88	0
178.99	0
192.69	0
193.38	0
193.63	0
202.97	0
204.18	0
207.71	0
212.22	0
168.21	0
181.55	0
184.18	0
185.29	0
194.61	0
198.06	0
202.14	0
204.11	0
41.79	1
75.44	0
80.44	0
86.71	0
88.82	0
98.57	0
115.60	0
124.31	0
248.95	0
251.83	0
262.31	0
262.38	0
265.59	0
267.99	0
275.66	0
275.69	0
261.80	1
304.76	0
312.76	0
322.70	0
325.01	0
327.11	0
328.06	0
345.21	0
211.65	0
216.80	0
220.93	0
230.18	0
236.41	0
244.06	1
249.53	0
271.59	0
176.39	0
183.73	0
185.67	0
185.72	0
189.40	0
189.71	0
207.13	0
208.45	0
182.19	0
192.30	0
193.44	0
195.63	0
196.84	0
213.34	0
215.51	0
215.95	0
177.80	0
179.05	0
184.09	0
188.77	0
193.70	0
200.05	0
226.07	0
240.16	0
162.72	1
164.78	1
171.28	1
186.15	0
186.30	0
213.52	0
240.32	0
240.97	0
141.80	0
142.10	0
144.94	0
146.62	0
159.79	0
164.69	0
167.39	0
169.07	0
330.69	0
341.06	0
343.68	0
345.08	0
345.64	0
361.13	0
369.72	0
372.54	0
262.54	0
265.04	0
274.50	0
274.77	0
282.86	0
286.68	0
311.19	0
311.69	0
147.52	0
148.86	0
159.00	0
161.82	0
178.22	0
178.26	0
196.68	0
202.13	0
295.44	0
295.74	0
305.06	0
306.90	0
308.86	0
315.45	0
329.54	0
339.46	0
101.05	0
120.83	0
121.91	0
127.10	0
127.97	0
128.47	0
155.37	0
162.18	0
265.13	0
272.92	0
273.31	0
274.24	0
276.84	0
278.96	0
297.40	0
299.65	0
259.42	0
264.95	0
266.58	0
270.31	0
271.50	0
274.77	0
275.69	0
276.12	0
126.59	0
134.17	0
141.16	0
141.85	0
146.11	0
147.05	0
147.09	0
153.72	0
220.35	0
243.13	0
246.07	0
254.16	0
256.73	0
268.71	0
278.47	0
292.48	0
98.46	0
98.58	0
104.71	0
106.11	0
107.91	0
115.60	0
146.71	0
148.60	0
227.38	0
230.41	0
232.06	0
232.21	0
237.14	0
237.61	0
260.11	0
260.45	0
270.83	0
277.90	0
279.12	0
280.05	0
299.91	0
305.32	0
306.35	0
307.35	0
253.92	0
255.02	0
255.34	0
261.82	0
268.59	0
278.12	0
291.75	0
295.24	0
480.55	0
487.36	0
489.16	0
510.47	0
521.46	0
523.97	0
526.33	0
539.78	0
541.05	0
545.20	0
554.32	0
562.19	0
573.90	0
576.92	0
587.14	0
591.32	0
757.93	0
775.07	0
779.70	0
782.94	0
785.00	0
794.88	0
801.06	0
803.42	0
421.11	0
430.15	0
431.51	0
434.49	0
435.64	0
439.64	0
440.33	0
457.52	0
201.15	0
211.75	0
216.63	0
221.40	0
222.62	0
229.61	0
229.72	0
233.52	0
35.67	1
73.96	0
76.49	0
77.81	0
82.77	0
92.97	0
109.81	0
118.85	0
265.74	0
267.07	0
267.61	0
272.44	0
273.20	0
273.66	0
278.35	0
287.91	0
467.68	0
469.21	0
470.97	0
475.91	0
476.36	0
480.24	0
486.67	0
489.29	0
178.24	0
188.16	0
188.40	0
190.05	0
197.16	0
208.99	0
209.08	0
210.37	0
306.27	0
309.15	0
312.72	0
317.61	0
322.03	0
324.15	0
354.48	0
366.41	0
190.01	1
191.45	1
197.20	1
207.73	0
214.18	0
239.16	0
266.19	0
269.38	0
93.07	0
105.84	0
110.24	0
113.89	0
114.36	0
115.43	0
117.66	0
122.10	0
29.12	1
40.91	1
51.26	1
57.26	1
89.50	1
109.52	0
115.27	0
130.66	0
136.58	0
141.10	0
142.30	0
149.63	0
153.02	0
154.03	0
154.91	0
155.28	0
270.49	0
270.53	0
271.94	0
277.27	0
277.27	0
286.39	0
290.08	0
290.52	0
366.16	0
374.02	0
377.88	0
378.13	0
378.59	0
379.22	0
381.90	0
384.15	0
271.40	0
271.49	0
279.81	0
285.05	0
286.79	0
291.57	0
291.84	0
293.14	0
203.66	0
218.52	0
229.07	0
230.79	0
231.65	0
234.06	0
235.53	0
237.45	0
244.99	0
248.69	0
255.64	0
256.83	0
270.52	0
271.46	0
273.85	0
276.82	0
63.73	0
76.77	0
95.46	0
98.23	0
99.48	0
108.51	0
110.20	0
110.39	0
134.90	1
187.32	0
192.57	0
193.20	0
196.55	0
197.04	0
199.05	0
199.93	0
248.09	0
249.96	0
255.15	0
256.28	0
258.79	0
261.69	0
264.64	0
265.17	0
77.56	0
110.98	0
116.71	0
121.92	0
123.63	0
124.02	0
125.87	0
127.05	0
237.15	0
245.07	0
262.95	1
263.72	1
269.21	0
270.12	0
271.26	0
271.74	0
249.00	0
266.15	0
279.65	0
281.34	0
281.81	0
287.30	0
287.34	0
300.94	0
189.51	0
220.40	0
220.93	0
222.83	0
226.14	0
226.47	0
227.88	0
230.61	0
185.16	0
191.90	0
196.65	0
206.21	0
211.29	0
213.16	0
214.11	0
215.54	0
172.99	1
212.65	0
220.48	0
223.47	0
224.96	0
225.62	0
226.54	0
227.27	0
241.35	0
245.02	0
246.25	0
249.24	0
252.58	0
255.18	0
255.69	0
256.03	0
291.90	0
304.32	0
310.63	0
316.38	0
319.80	0
323.26	0
327.22	0
327.55	0
224.19	0
234.70	0
236.07	0
238.69	0
241.01	0
244.24	0
247.48	0
248.39	0
97.50	1
149.66	0
168.49	0
173.61	0
178.28	0
178.58	0
179.51	0
179.61	0
95.54	0
103.87	0
107.19	0
127.94	0
132.35	0
134.19	0
135.50	0
141.27	0
103.11	1
150.09	0
155.36	0
161.70	0
163.11	0
163.75	0
164.73	0
164.97	0
168.34	0
170.53	0
178.80	0
179.29	0
180.12	0
180.30	0
181.54	0
182.82	0
237.23	0
238.95	0
239.00	0
239.31	0
240.27	0
243.90	0
246.18	0
247.48	0
154.30	0
162.90	0
165.38	0
165.91	0
169.25	0
170.84	0
174.22	0
175.14	0
268.11	0
272.29	0
274.49	0
276.84	0
278.36	0
278.37	0
278.92	0
282.99	0
279.43	0
309.31	0
320.07	0
327.14	0
329.62	0
332.96	0
336.81	0
336.89	0
244.91	1
251.49	1
264.48	1
265.34	0
272.50	0
292.23	0
295.56	0
296.04	0
259.97	0
278.19	0
308.52	0
309.58	0
338.89	0
344.80	0
347.95	0
349.57	0
96.52	1
185.99	0
189.06	0
191.55	0
195.82	0
196.56	0
198.23	0
199.90	0
536.07	0
557.27	0
583.80	0
584.12	0
598.84	0
600.61	0
602.27	0
602.94	0
227.90	0
241.84	0
249.33	0
250.69	0
251.59	0
254.20	0
254.40	0
259.93	0
151.76	0
154.14	0
158.40	0
160.11	0
163.56	0
168.72	0
169.14	0
170.46	0
103.67	0
104.07	0
104.45	0
109.87	0
111.34	0
113.85	0
116.85	0
117.08	0
37.32	1
39.87	1
91.54	1
184.46	0
185.19	0
196.20	0
199.39	0
199.52	0
143.34	1
154.77	1
157.27	1
173.81	1
183.96	0
185.81	0
188.83	0
188.90	0
284.16	0
345.38	0
348.05	0
353.90	0
368.44	0
370.51	0
372.69	0
382.23	0
123.84	1
131.85	1
135.31	1
138.19	0
150.78	1
156.09	0
159.34	0
159.71	0
172.74	0
183.73	0
184.49	0
192.40	0
196.30	0
197.30	0
204.30	0
206.64	1
215.57	0
216.24	0
216.94	0
220.97	0
225.74	0
226.29	0
231.28	0
234.58	0
165.62	1
191.32	0
193.80	0
204.80	0
205.88	0
208.92	0
210.69	0
215.75	0
254.01	0
255.47	0
256.70	0
257.29	0
258.74	0
259.24	0
259.76	0
259.96	0
210.36	0
215.12	0
233.45	1
238.78	0
240.63	0
243.12	0
243.22	0
247.27	0
255.23	0
256.32	0
271.07	0
272.86	0
272.93	0
275.01	0
275.69	0
277.93	0
92.19	1
95.30	1
96.66	0
98.13	0
98.57	1
101.45	0
106.48	0
117.47	0
79.14	1
141.73	0
143.94	0
148.72	0
150.11	0
152.95	0
156.13	0
157.32	0
29.36	1
37.85	1
38.06	1
116.31	0
186.10	0
190.45	0
195.94	0
197.45	0
60.17	1
93.14	0
104.41	0
104.74	0
105.93	0
109.91	0
111.58	0
115.96	0
9.71	1
27.99	1
38.23	1
45.99	1
54.43	1
89.42	1
102.69	0
104.27	0
185.17	0
226.75	0
230.08	0
230.99	0
233.55	0
234.11	0
236.87	0
240.31	0
168.43	0
195.83	0
206.17	0
220.72	0
221.21	0
224.21	0
224.88	0
228.22	0
204.65	0
211.73	0
218.55	0
219.92	0
220.46	0
221.46	0
223.99	0
224.68	0
56.29	1
68.60	1
80.34	1
81.19	0
84.88	0
84.99	1
86.27	0
91.05	0
154.80	0
161.77	0
162.50	0
184.21	0
200.22	0
202.61	0
208.54	0
208.96	0
260.94	0
265.09	0
265.38	0
267.33	0
268.03	0
270.00	0
270.11	0
270.72	0
209.75	0
213.78	0
214.61	0
223.19	0
228.91	0
229.90	0
233.02	0
237.22	0
166.58	0
168.57	0
169.57	0
171.84	0
173.06	0
180.47	0
181.13	0
187.60	0
197.51	0
206.85	0
211.11	1
218.76	0
219.91	0
220.09	0
224.62	0
226.58	1
263.42	0
288.29	0
294.10	0
295.15	0
295.79	0
296.37	0
301.62	0
301.65	0
200.13	0
202.69	0
203.23	0
203.51	0
204.93	0
205.94	0
206.73	0
209.47	0
279.19	1
298.03	0
298.12	1
310.28	1
317.11	0
317.37	0
318.09	0
320.67	0
315.19	0
317.67	0
325.82	0
327.71	0
330.55	0
331.72	0
334.48	0
340.13	0
385.35	0
385.50	0
385.95	0
392.13	0
392.83	0
394.78	0
394.86	0
394.88	0
221.22	0
229.65	0
246.11	0
252.51	0
253.44	0
257.00	0
257.97	0
261.60	0
117.65	0
127.42	0
132.49	0
134.36	0
136.93	0
139.11	0
141.31	0
143.83	0
160.24	0
204.79	0
209.02	0
230.79	0
232.15	0
232.78	0
235.66	0
235.98	0
172.32	0
178.58	0
179.98	0
180.63	0
183.44	0
187.86	0
189.85	0
190.40	0
121.98	0
123.22	0
125.00	0
125.64	0
125.83	0
128.57	0
135.46	0
136.46	0
82.77	1
85.28	1
86.53	1
94.23	1
107.43	1
114.65	0
126.31	0
129.36	0
130.66	0
130.80	0
134.75	0
136.98	0
142.52	0
149.16	0
152.49	0
154.45	0
8.22	1
11.18	1
12.76	1
14.86	1
39.57	0
60.14	0
75.06	0
81.72	0
162.43	0
163.10	0
164.75	0
167.44	0
167.85	0
170.12	0
170.63	0
174.31	0
119.75	0
121.03	0
125.78	0
125.92	0
130.31	0
147.55	0
152.14	0
154.44	0
139.89	0
151.26	0
151.82	0
152.68	0
157.96	0
164.68	0
165.89	0
167.75	0
169.96	0
174.66	0
205.08	0
209.27	0
211.89	0
215.20	0
217.03	0
219.54	0
197.23	0
215.58	0
216.09	0
223.87	0
225.65	0
226.55	0
227.29	0
228.91	0
93.76	1
132.73	1
133.71	1
137.33	1
153.59	0
154.94	0
156.83	0
158.88	0
182.41	1
215.82	0
253.64	0
277.60	0
280.74	0
291.25	0
296.19	0
311.07	0
48.53	1
323.82	0
325.38	0
364.15	0
382.81	0
390.66	0
392.25	0
405.98	0
8.72	1
20.57	1
117.38	0
134.85	0
146.38	0
149.22	0
150.83	0
155.13	0
29.67	1
43.33	1
206.92	0
217.94	0
235.43	0
236.93	0
238.90	0
239.99	0
6.46	1
7.61	1
135.65	0
136.40	0
138.58	0
139.07	0
142.30	0
144.09	0
149.76	0
155.80	0
182.21	0
187.78	0
188.97	0
190.36	1
192.78	0
195.74	0
101.32	0
122.99	0
157.59	0
186.78	0
209.19	0
219.82	0
222.79	0
222.82	0
138.51	1
168.63	0
170.14	1
198.39	0
206.92	0
208.08	0
208.15	0
225.41	0
245.07	1
273.52	1
275.32	1
281.39	1
348.00	0
477.08	0
480.30	0
483.20	0
127.35	1
180.30	0
186.62	0
207.15	0
225.92	0
231.74	0
232.51	0
235.35	0
110.06	0
145.10	0
159.93	0
169.10	0
175.50	0
179.72	0
180.15	0
188.93	0
407.94	0
412.43	0
413.86	0
414.52	0
423.03	0
424.29	0
443.40	0
443.58	0
366.29	1
384.04	0
398.58	0
409.18	0
410.38	0
411.00	0
412.96	0
415.16	0
341.30	0
351.74	0
354.33	0
356.31	0
356.79	0
361.08	0
361.61	0
361.62	0
295.17	0
297.31	0
322.93	0
329.79	0
334.16	0
336.56	0
337.81	0
341.91	1
168.69	1
215.15	1
229.24	0
229.81	0
231.13	0
234.37	0
235.06	0
236.23	0
9.49	1
11.99	1
17.02	1
29.90	1
38.74	1
58.71	1
79.64	1
102.47	0
209.33	0
209.78	0
252.23	0
254.17	0
255.35	0
257.28	0
266.51	0
266.73	0
218.15	0
225.08	0
250.78	0
252.65	0
252.83	0
252.84	0
259.75	0
260.19	0
277.00	0
279.14	0
279.63	0
281.67	0
283.80	0
284.84	0
289.55	0
291.88	0
205.57	0
236.02	0
240.52	0
241.42	0
243.74	0
251.19	0
255.78	0
257.32	0
250.53	0
259.63	0
264.10	0
267.42	0
268.04	0
268.37	0
269.35	0
270.55	0
365.91	0
373.20	0
374.45	0
376.34	0
376.62	0
380.01	0
380.43	0
380.69	0
164.34	0
164.58	0
169.14	0
170.85	0
171.65	0
177.69	0
181.99	0
185.72	0
144.44	1
173.88	1
190.28	0
196.68	0
211.01	0
224.77	0
229.04	0
233.69	0
215.53	0
223.72	0
264.70	0
272.18	0
274.74	0
275.05	0
275.90	0
276.36	0
13.36	1
54.66	1
71.14	1
81.89	0
82.07	1
82.84	0
83.10	0
83.13	0
147.98	1
191.31	0
193.36	1
205.94	0
212.64	0
235.43	0
238.48	0
239.55	0
197.72	0
204.09	1
255.23	0
255.58	0
259.96	0
262.31	0
263.23	0
263.52	0
121.02	0
126.36	0
127.30	1
132.80	0
134.12	0
135.03	0
135.15	0
143.64	0
191.95	0
201.45	0
207.62	0
210.61	0
212.17	0
213.25	1
218.05	1
218.66	0
223.54	0
307.68	0
319.42	0
336.99	0
341.94	0
345.18	0
345.98	0
346.67	0
214.53	0
215.59	0
215.91	0
215.99	0
216.43	0
219.78	0
221.68	0
223.47	0
205.06	0
217.17	0
242.86	1
252.26	0
257.77	0
261.64	0
264.31	1
265.47	1
242.72	0
246.69	0
331.44	0
338.49	0
352.33	0
352.36	0
374.80	0
378.37	0
257.05	0
277.16	0
301.68	0
317.41	0
324.76	0
327.46	0
332.08	0
333.70	0
226.68	0
281.08	1
291.68	0
295.58	0
315.25	0
321.42	0
329.45	0
344.05	0
191.63	1
223.97	0
269.79	0
281.45	0
283.03	0
283.81	0
288.51	0
290.32	0
175.75	1
181.41	1
212.52	0
216.80	0
226.26	0
236.41	0
239.27	0
239.99	0
77.43	1
145.76	0
221.83	0
229.68	0
247.36	0
247.43	0
260.59	1
261.96	1
24.85	1
226.96	0
246.27	0
270.76	0
273.40	0
273.61	0
275.85	0
278.74	0
24.81	1
173.38	0
212.28	0
213.33	0
214.65	0
215.21	0
215.95	0
218.21	0
217.83	0
218.46	0
234.65	0
239.04	0
252.38	0
262.14	0
264.64	0
265.20	0
170.60	0
171.43	0
171.64	0
174.94	0
175.46	0
176.59	0
177.93	0
180.34	0
119.36	0
119.71	0
120.36	0
120.68	0
123.38	0
123.78	0
124.95	0
125.93	0
76.22	1
77.25	1
81.17	1
89.97	1
103.12	0
104.04	1
108.63	0
115.46	0
92.44	0
98.95	0
103.71	0
104.18	0
104.92	0
106.09	0
113.50	0
127.11	0
6.49	1
10.58	1
10.95	1
14.49	1
17.68	1
45.62	0
63.98	0
81.28	0
88.75	1
114.04	1
117.99	1
120.12	1
123.11	0
123.61	0
128.06	1
129.36	0
174.73	0
181.44	0
188.61	0
194.75	0
198.05	0
198.35	0
198.37	0
198.78	0
172.22	0
172.93	0
173.21	0
173.76	0
176.49	0
179.53	0
180.54	0
180.57	0
133.21	0
155.69	0
160.76	0
161.88	0
162.06	0
162.26	0
165.58	0
166.91	0
131.15	0
144.32	0
147.86	0
149.47	0
164.67	0
167.59	0
168.21	0
172.68	0
193.32	0
201.14	0
201.19	0
203.91	0
207.17	0
208.70	0
208.85	0
210.12	0
103.73	0
105.25	0
110.55	0
111.57	0
114.01	0
114.62	0
117.43	0
120.40	0
137.79	0
139.48	0
144.20	0
145.89	0
145.90	0
151.71	0
152.62	0
156.56	0
39.58	1
62.49	0
63.47	0
66.12	0
68.56	0
70.24	0
72.17	0
74.02	0
115.19	0
115.80	0
119.65	0
120.04	0
122.29	0
123.49	0
126.61	0
129.30	0
204.39	0
213.83	1
218.25	0
218.26	0
220.35	0
221.33	0
225.43	0
225.56	0
103.56	0
143.84	0
166.59	0
180.81	0
186.54	0
186.64	1
189.26	0
189.83	0
83.13	0
120.32	1
159.13	0
185.44	0
188.13	0
189.54	0
191.24	0
192.11	0
38.52	1
168.34	0
170.96	0
173.25	0
173.52	0
174.32	0
175.99	0
177.47	0
229.53	1
237.59	0
239.40	0
239.89	0
240.83	0
241.47	0
241.59	0
245.45	0
251.71	0
293.91	0
299.66	0
300.85	0
302.65	0
304.17	0
308.76	0
308.82	0
147.39	0
160.95	0
167.42	0
175.86	0
178.96	0
180.38	0
186.58	0
187.60	0
175.91	0
181.45	0
182.39	0
183.58	0
183.63	0
184.27	0
185.21	0
185.57	0
119.80	0
128.11	0
128.32	0
140.91	0
142.65	0
143.31	0
146.14	0
147.32	0
165.97	0
166.15	0
169.39	0
170.56	0
171.80	0
173.02	0
174.05	0
175.61	0
99.87	0
105.53	0
106.53	0
108.24	0
108.86	0
111.27	0
112.29	0
129.66	0
104.05	0
119.29	0
122.98	0
125.31	0
125.88	0
126.47	0
129.17	0
131.77	0
62.71	1
64.43	1
73.91	0
82.18	0
83.01	0
86.37	0
86.87	0
87.16	0
1.56	1
11.90	1
13.31	1
16.71	1
30.21	1
39.27	1
60.35	1
81.20	1
167.53	0
197.29	0
202.63	0
208.75	0
210.94	0
211.02	0
213.35	0
213.82	0
221.11	0
221.87	0
223.64	0
224.46	0
224.89	0
225.07	0
232.23	0
233.39	0
233.34	0
275.13	0
276.75	0
279.86	0
280.45	0
281.15	0
281.59	0
282.12	0
321.06	1
331.42	0
333.55	0
336.35	0
337.60	0
337.87	0
338.38	0
348.33	0
141.59	0
211.90	0
212.85	0
215.11	0
219.14	0
219.37	0
219.78	0
220.21	0
150.72	1
150.97	1
152.46	1
163.61	0
172.69	1
177.12	1
179.95	0
182.58	1
261.11	0
281.07	0
282.34	0
282.38	0
283.24	0
286.88	0
287.51	0
290.99	0
225.76	0
252.45	0
252.81	0
253.83	0
254.51	0
257.96	0
259.05	0
264.23	0
102.41	0
117.70	0
121.63	0
121.80	0
121.98	0
122.91	1
122.98	0
123.64	0
42.95	1
99.84	0
142.73	0
145.86	0
154.94	0
155.03	0
163.68	0
163.69	0
153.21	0
213.09	0
215.69	0
228.90	0
236.29	0
236.30	0
241.55	0
242.62	0
214.94	0
226.21	0
235.29	0
238.33	0
243.88	0
247.62	0
250.27	0
251.31	0
98.68	1
134.07	0
141.04	0
142.52	0
147.52	0
154.01	0
162.63	0
166.84	0
91.21	0
138.88	0
139.03	0
156.80	0
157.98	0
161.01	0
163.33	0
164.76	0
132.98	0
133.55	0
139.93	0
140.46	0
147.02	0
147.12	0
149.24	0
155.51	0
99.03	1
182.88	0
224.40	0
226.54	0
229.92	0
231.67	0
232.84	0
233.68	0
79.52	1
114.56	1
131.61	0
144.44	1
146.70	1
148.31	1
151.64	0
154.26	0
157.22	0
167.69	0
174.22	1
176.09	0
195.37	1
200.61	0
219.21	1
223.01	0
94.25	1
158.92	0
161.15	0
183.20	0
203.88	0
206.39	0
211.02	0
211.03	0
87.26	1
169.53	0
192.78	1
205.41	0
245.38	0
254.06	0
268.19	0
276.15	0
32.07	1
101.94	1
101.95	1
102.46	1
107.48	1
108.72	1
116.46	0
116.69	0
68.58	1
112.14	1
119.03	0
147.03	0
169.36	1
172.58	0
178.02	0
179.57	0
15.17	1
34.84	1
39.90	1
44.15	1
109.96	0
194.94	0
198.21	0
199.95	0
149.91	1
154.51	1
210.96	0
252.41	0
260.61	0
267.46	0
268.46	0
270.08	0
33.21	1
42.71	1
336.60	0
344.48	0
347.29	0
378.05	0
387.33	0
393.87	0
6.65	1
8.24	1
26.24	1
117.00	0
135.17	0
149.77	0
151.90	0
151.99	0
12.10	1
22.41	1
25.99	1
181.49	0
188.96	0
200.28	0
202.57	0
204.97	0
5.47	1
6.15	1
6.33	1
131.82	0
131.83	0
132.96	0
135.88	0
136.44	0
107.06	0
123.46	0
147.37	1
154.97	0
156.86	0
163.37	0
169.29	0
169.37	0
222.49	0
241.34	0
255.44	0
256.37	1
260.72	0
264.92	1
268.04	0
272.07	0
275.77	0
304.03	0
305.49	0
323.65	0
323.87	0
324.03	0
325.93	0
328.74	0
63.77	1
68.24	1
78.10	0
79.68	1
85.09	1
98.77	1
109.01	0
109.06	1
142.90	0
156.18	0
175.65	0
189.33	0
196.79	0
204.30	0
205.76	0
206.63	0
245.79	0
247.64	0
249.40	0
249.63	0
249.87	0
250.27	0
250.85	0
251.08	0
218.26	0
218.45	0
219.02	0
221.80	0
222.57	0
227.14	0
227.57	0
228.86	0
161.24	0
213.02	0
213.96	0
214.03	0
215.37	0
215.73	0
216.78	0
216.97	0
104.10	0
109.99	0
110.27	0
110.93	0
111.26	0
114.58	0
115.01	0
115.47	0
223.50	0
227.91	0
228.99	0
231.03	0
232.53	0
242.31	0
246.22	0
252.25	0
166.58	0
167.42	1
167.86	0
167.87	1
170.27	0
173.81	0
174.33	0
177.39	1
309.59	0
346.30	0
403.30	0
412.98	0
414.86	0
418.39	0
429.06	0
430.28	0
551.96	0
560.44	0
582.64	0
583.63	0
584.85	0
585.35	0
587.94	0
590.43	0
33.18	1
42.17	1
42.22	1
42.33	1
43.20	1
47.01	1
59.29	0
90.89	0
175.03	0
176.05	0
176.08	0
177.84	0
181.17	0
182.44	0
184.36	0
185.27	0
152.09	0
158.32	0
158.48	0
183.40	0
191.54	0
195.91	0
198.97	0
200.09	0
111.36	1
132.64	0
134.06	0
172.39	0
174.67	0
177.31	0
177.79	0
178.98	0
187.47	1
208.58	0
224.05	0
230.52	0
247.72	1
258.22	0
266.97	0
289.74	0
205.40	0
223.45	0
242.55	0
252.18	0
258.18	0
259.96	0
271.71	0
273.48	0
64.61	1
65.65	1
72.59	1
81.35	1
84.53	1
92.36	1
93.00	0
98.75	0
85.48	0
167.15	0
221.79	0
243.78	1
255.39	1
266.41	0
284.49	0
291.20	0
147.31	1
175.22	0
197.71	1
198.63	0
201.31	1
244.76	0
250.30	0
273.83	0
51.33	1
171.86	1
198.54	1
201.13	1
204.03	1
247.68	0
379.17	0
382.10	0
282.64	1
312.03	0
337.17	0
357.15	0
361.80	1
362.61	0
376.29	0
381.72	0
169.49	0
181.16	0
200.16	0
207.52	0
208.92	0
214.48	0
214.90	0
215.78	0
245.81	0
282.18	1
305.31	0
310.38	1
313.50	0
335.80	0
339.84	1
346.71	0
240.59	0
252.24	0
253.71	0
259.96	0
265.40	0
267.89	0
278.82	0
283.29	0
10.31	1
116.16	1
207.20	0
207.37	0
207.98	0
209.14	0
211.06	0
211.41	0
25.62	1
473.84	0
504.93	0
505.57	0
531.71	0
565.75	0
569.57	0
572.07	0
105.12	1
295.05	0
296.07	0
300.27	0
301.57	0
306.76	0
309.80	0
312.15	0
4.24	1
143.65	0
157.54	0
157.74	0
162.84	0
163.22	0
164.10	0
165.11	0
2.61	1
105.99	0
106.32	0
107.02	0
110.57	0
111.08	0
111.86	0
112.43	0
15.04	1
52.26	1
53.37	1
101.15	1
184.07	0
197.63	0
198.13	0
203.45	0
277.39	0
290.13	0
296.01	0
298.33	1
304.39	0
305.66	1
311.21	1
315.39	0
138.19	1
345.93	0
350.66	0
387.02	0
408.69	0
411.53	0
412.71	0
414.89	0
53.72	1
126.42	1
133.29	1
134.49	1
134.92	1
135.06	0
148.60	1
150.80	1
306.69	0
308.42	0
323.65	0
337.78	0
345.72	0
356.13	0
357.19	0
365.16	0
115.22	1
119.30	1
132.83	0
142.68	1
146.57	1
169.15	0
171.25	0
180.41	0
1.23	1
2.44	1
9.00	1
10.65	1
18.75	1
31.02	1
39.89	1
57.57	1
122.03	0
128.61	1
137.82	1
141.60	0
156.15	0
175.17	0
175.86	0
177.62	0
207.88	0
215.92	0
219.66	0
222.94	0
223.53	0
223.57	0
228.59	0
229.28	0
195.72	0
203.35	0
224.17	0
226.64	0
227.71	0
229.75	0
229.80	0
230.80	0
169.84	1
185.85	1
200.81	0
202.91	1
204.88	0
212.29	0
213.18	0
216.67	0
240.95	0
254.54	0
256.95	0
257.65	0
257.85	0
258.99	0
260.90	0
261.25	0
101.20	1
101.38	1
120.95	1
121.80	1
124.35	1
128.83	1
131.33	1
131.66	0
136.68	0
151.12	0
153.70	0
159.30	0
162.76	0
163.80	0
164.86	1
168.86	1
261.13	0
267.55	0
270.92	0
274.17	0
278.36	0
280.42	0
284.34	0
286.51	0
173.65	1
178.00	0
178.21	0
198.61	0
199.62	1
205.75	0
206.12	0
206.75	0
121.65	0
134.50	1
192.03	0
195.69	0
196.19	0
196.58	0
197.72	0
202.88	0
177.41	0
187.76	0
189.66	0
190.28	0
191.49	0
194.63	0
197.38	0
197.46	0
96.52	1
98.02	0
102.73	1
106.29	1
109.13	1
109.49	1
117.44	1
119.08	1
122.88	0
123.95	0
126.03	0
126.08	0
127.50	0
127.70	0
128.06	0
128.43	0
81.01	1
99.82	0
102.09	0
103.43	0
103.98	0
104.39	0
107.08	0
107.88	0
31.86	1
40.60	1
79.70	0
98.42	0
103.99	0
107.40	0
108.25	0
110.49	0
55.04	1
133.96	0
135.23	0
143.21	0
146.55	0
147.26	0
147.44	0
147.92	0
134.29	0
147.78	0
156.13	1
161.00	1
162.89	0
163.65	0
164.84	0
165.31	0
185.88	0
189.75	0
194.98	0
198.13	0
198.39	0
200.20	0
200.61	0
200.73	0
21.50	1
60.12	1
68.17	1
81.24	0
81.41	0
83.94	0
84.03	0
86.23	0
1.97	1
2.07	1
2.94	1
15.26	1
16.83	1
17.38	1
30.00	1
38.93	1
154.46	0
182.44	0
189.50	0
196.65	0
204.81	0
204.89	0
206.47	1
208.39	0
161.55	0
193.45	0
221.11	0
225.44	0
251.59	0
275.15	0
275.21	1
275.39	0
21.43	1
25.38	1
221.99	0
243.16	0
257.19	0
257.24	0
258.74	0
260.05	0
30.81	1
36.28	1
190.23	0
210.14	0
217.25	0
217.29	0
218.56	0
219.60	0
155.18	1
200.97	0
221.99	1
224.03	0
231.89	0
232.61	0
233.86	0
238.92	0
163.01	0
168.07	0
174.24	1
177.17	0
177.35	1
183.36	1
187.00	0
187.25	0
243.59	0
245.55	0
245.55	0
250.17	0
250.54	0
251.62	0
252.85	0
259.12	0
89.12	1
97.10	0
126.83	1
129.36	0
133.65	0
134.47	0
135.66	0
136.27	0
88.65	1
125.63	0
136.76	0
154.71	0
159.26	1
159.44	0
167.38	0
169.83	0
96.09	1
132.12	0
160.06	1
167.38	0
196.48	0
222.08	0
222.19	0
226.57	0
13.26	1
38.45	1
162.42	0
166.01	0
166.52	0
167.74	0
168.39	0
169.79	0
196.29	0
209.55	0
209.73	0
210.79	0
213.62	0
215.85	0
220.10	0
221.51	0
148.97	0
149.92	0
152.37	0
154.46	0
162.79	0
166.30	0
166.87	0
171.28	0
181.61	0
222.65	0
223.58	0
224.05	0
224.08	0
225.59	0
226.34	0
227.82	0
223.56	0
231.47	0
236.01	0
238.92	0
247.17	0
250.64	0
252.34	0
252.67	0
134.69	0
137.62	0
138.18	0
138.67	0
141.88	0
144.14	0
146.09	0
147.04	0
190.00	0
192.49	0
196.62	0
196.78	0
203.62	0
204.24	0
205.27	0
205.97	0
136.80	0
138.45	0
145.51	0
145.54	0
148.53	0
149.53	0
154.47	0
154.56	0
59.58	1
127.43	0
128.08	0
128.60	0
130.79	0
132.68	0
132.77	0
133.20	0
28.12	1
107.54	0
115.89	0
116.16	0
117.67	0
119.42	0
120.97	0
121.74	0
90.87	0
98.25	0
116.90	0
120.35	0
120.51	0
120.61	0
127.41	0
128.43	1
235.07	1
235.77	1
238.91	1
242.15	1
242.77	0
248.37	0
250.07	0
252.20	0
229.78	0
231.37	0
234.89	0
235.82	0
235.99	0
236.82	0
237.39	0
239.27	0
382.70	0
384.86	0
386.68	0
387.07	0
391.00	0
392.69	0
394.71	0
394.98	0
167.90	0
180.59	0
182.73	0
184.79	0
188.88	0
188.89	0
190.31	0
194.81	0
257.12	0
258.41	0
259.30	0
261.92	0
262.93	0
268.01	0
268.11	0
270.77	0
147.90	1
150.72	1
150.72	1
153.93	1
167.26	1
169.48	0
180.27	0
183.96	0
215.44	0
226.76	0
227.62	0
229.11	0
230.28	0
230.42	0
231.33	0
232.81	0
234.72	1
238.01	1
248.82	0
254.22	1
256.25	0
258.49	0
262.30	0
263.19	0
18.08	1
18.33	1
19.30	1
20.63	1
23.84	1
26.87	1
34.18	1
44.19	1
223.33	0
225.60	0
227.53	0
230.38	0
231.39	0
235.58	0
237.23	0
237.56	0
116.74	0
117.10	0
123.14	0
123.30	0
126.54	0
128.83	0
130.58	0
133.62	0
201.73	0
210.93	0
215.40	0
222.63	0
228.63	0
245.26	0
246.79	0
250.15	0
40.50	1
42.16	0
46.06	1
49.25	1
49.51	1
56.40	1
63.60	1
72.98	1
96.04	1
97.32	0
101.30	1
106.50	0
110.38	0
113.30	0
119.32	0
120.47	0
192.14	0
207.45	0
215.01	0
215.52	0
216.85	0
220.87	0
221.76	0
221.83	0
262.22	0
306.58	0
306.60	0
310.89	0
311.87	0
315.60	0
316.24	0
318.75	0
182.89	1
255.09	0
256.57	0
261.38	0
261.41	0
262.52	0
262.55	0
263.37	0
59.10	1
309.91	0
355.94	0
357.42	0
359.01	0
361.31	0
365.74	0
366.03	0
20.31	1
176.36	0
178.89	0
181.84	0
183.48	0
183.91	0
188.59	0
189.12	0
41.04	1
257.44	0
257.45	0
259.86	0
264.62	0
265.85	0
267.43	0
268.49	0
59.49	1
61.05	1
69.53	1
81.86	0
84.08	1
89.64	1
95.51	0
97.46	1
54.66	1
166.43	0
168.53	0
173.38	0
174.58	0
176.08	0
176.36	0
176.40	0
38.34	1
147.11	1
147.88	1
162.97	0
166.03	1
169.37	0
170.92	0
171.73	0
4.47	1
11.03	1
11.16	1
11.77	1
12.56	1
20.41	1
21.50	1
23.25	1
218.51	0
246.57	0
248.65	0
253.08	0
254.14	0
255.90	0
256.24	0
256.35	0
228.03	0
234.90	0
235.34	0
239.40	0
240.28	0
241.58	0
256.99	0
259.30	0
41.89	1
54.40	1
55.80	1
59.20	1
64.12	0
64.35	0
65.84	0
67.63	1
78.23	0
85.05	0
92.16	0
105.44	0
108.84	0
113.99	0
128.00	0
128.43	0
247.39	0
252.32	0
269.19	0
272.77	0
278.84	0
280.44	0
282.56	0
283.08	0
177.65	1
189.03	1
217.47	0
225.44	1
226.55	1
227.80	0
236.12	0
236.31	0
3.86	1
4.31	1
4.45	1
6.10	1
10.96	1
14.57	1
17.34	1
20.29	1
124.93	0
181.14	1
200.97	1
201.69	0
222.00	0
223.41	0
227.38	0
228.03	0
183.91	1
247.45	0
258.85	0
260.68	0
263.48	1
275.56	0
283.80	0
287.79	0
43.87	1
192.36	1
229.73	0
230.81	0
235.31	0
273.68	0
280.82	0
282.97	0
109.22	1
133.93	1
182.05	1
188.39	0
200.46	0
200.75	0
205.59	0
206.61	0
120.65	1
164.67	0
176.67	1
180.70	1
182.31	0
184.19	0
186.37	0
191.34	0
193.59	0
207.12	0
211.02	0
213.73	0
214.19	0
216.43	0
216.78	0
218.94	0
121.22	0
121.39	0
121.71	0
124.29	0
126.76	0
128.38	0
129.56	0
134.61	0
87.06	0
91.98	1
104.67	0
105.10	0
112.26	0
118.55	0
119.78	0
122.26	0
93.76	0
115.28	0
119.82	0
152.74	0
157.29	0
157.33	0
158.75	0
159.89	0
8.32	1
55.36	1
88.78	0
100.83	0
104.02	0
105.00	0
105.53	0
106.19	0
39.73	1
47.93	1
115.41	0
125.22	0
125.66	0
126.88	0
128.77	0
132.66	0
98.02	0
118.79	0
123.97	1
125.27	0
127.99	0
128.92	0
129.07	0
132.48	0
128.90	0
129.78	1
134.93	1
142.00	1
143.31	0
147.11	1
148.79	0
154.14	0
203.37	0
207.68	0
210.22	0
210.74	0
212.35	0
212.98	0
215.68	0
215.93	0
240.19	0
243.46	0
243.57	0
244.02	0
245.04	0
245.12	0
245.31	0
249.91	0
60.75	1
65.88	1
78.83	1
95.54	1
97.90	1
98.99	1
99.47	0
102.00	1
107.12	1
118.69	0
122.89	1
127.50	1
141.47	0
145.32	0
148.20	0
157.63	0
271.70	0
288.39	1
292.51	1
315.56	1
317.21	0
325.98	0
336.71	0
337.97	0
12.38	1
12.90	1
35.12	1
172.70	0
178.89	0
179.05	0
179.26	0
180.76	0
306.22	0
312.97	0
314.00	0
314.65	0
314.74	0
316.19	0
317.30	0
317.76	0
71.91	1
76.27	1
92.68	1
96.30	1
96.58	1
97.35	1
100.81	1
107.08	0
254.69	0
269.54	0
271.78	0
273.15	0
273.19	0
274.75	0
276.40	0
277.74	0
156.47	0
158.06	0
185.13	0
201.69	0
214.67	0
215.32	0
215.35	0
215.46	0
288.63	0
329.72	0
334.19	0
343.91	0
347.80	1
355.71	0
357.96	0
359.35	0
217.52	0
262.91	0
277.30	0
287.63	0
290.05	0
298.09	1
305.43	1
307.43	0
235.40	0
269.85	0
271.66	0
275.56	0
276.98	0
284.17	0
284.95	0
285.47	0
247.99	0
294.53	0
306.41	0
310.23	0
330.60	0
331.18	0
335.88	0
336.87	0
50.59	0
94.42	0
96.62	0
101.15	0
102.12	1
109.27	1
109.33	1
113.28	0
233.56	1
240.77	1
292.79	0
293.17	1
294.31	0
298.44	0
303.41	0
310.99	0
406.11	0
418.30	0
428.85	0
435.25	0
445.65	0
445.85	0
445.87	0
449.84	0
295.96	0
323.38	0
323.44	0
323.70	0
323.93	0
325.07	0
325.47	0
326.07	0
204.86	0
215.52	0
217.65	0
219.60	0
220.18	0
220.20	0
223.68	0
227.42	0
252.05	0
252.34	0
263.15	0
263.29	0
264.65	0
271.35	0
271.81	0
272.99	0
23.44	0
30.39	0
59.78	0
67.56	0
70.58	0
73.21	1
83.43	0
85.52	1
370.95	0
411.21	0
418.42	0
424.56	0
432.72	0
433.33	0
434.58	0
434.80	0
399.48	0
399.82	0
407.46	0
413.04	0
413.22	0
413.24	0
413.96	0
419.56	0
325.67	0
333.55	0
334.58	0
342.56	0
346.12	0
348.55	0
349.10	0
349.19	0
71.79	1
80.41	1
82.25	1
86.16	1
91.15	1
91.47	1
92.40	1
92.78	1
26.63	1
28.73	1
52.36	1
70.86	1
71.62	0
72.55	0
81.24	0
83.88	0
1.47	1
1.78	1
2.00	1
2.94	1
3.20	1
11.53	1
14.31	1
15.65	1
99.76	0
170.08	0
173.75	0
175.27	0
182.73	0
196.79	0
200.95	0
202.02	0
59.73	0
106.23	1
138.13	1
153.40	1
153.58	1
157.21	0
162.52	0
162.97	1
91.52	0
161.04	0
169.60	0
176.82	0
190.22	0
191.35	0
220.01	0
220.45	0
125.73	1
134.50	0
167.28	0
178.02	0
179.80	0
181.50	0
188.72	0
189.46	0
102.12	1
135.81	0
147.81	0
156.62	0
164.66	0
179.52	0
207.75	0
208.83	0
10.39	1
233.90	0
245.99	0
246.91	0
253.19	0
254.51	0
260.41	0
262.14	0
2.52	1
137.74	0
141.24	0
141.57	0
142.12	0
144.38	0
145.67	0
146.54	0
68.85	1
207.51	0
215.04	0
216.62	0
217.68	0
220.27	0
222.28	0
224.27	0
151.29	0
160.30	1
162.92	0
164.66	0
168.18	1
176.19	0
177.17	0
177.70	0
34.13	1
53.97	1
229.28	0
236.69	1
241.17	1
245.31	1
245.38	0
261.33	1
4.86	1
7.23	1
20.80	1
21.16	1
21.47	1
22.59	1
22.91	1
23.36	1
192.30	0
212.97	0
213.33	0
214.93	0
215.02	0
219.69	0
220.23	0
221.00	0
163.14	0
165.12	0
169.82	0
171.30	0
171.91	0
172.65	0
172.75	0
174.01	0
597.96	0
603.56	0
623.06	0
634.84	0
637.55	0
637.75	0
638.67	0
639.60	0
94.02	0
102.60	0
103.46	0
106.27	0
110.38	0
110.49	0
112.64	0
113.64	0
130.58	0
134.61	0
138.37	0
138.89	0
143.18	0
143.98	0
147.67	0
148.94	0
195.28	0
206.27	0
212.38	0
226.45	0
229.15	0
231.19	0
232.90	0
233.54	0
183.86	1
316.44	0
316.50	0
320.92	0
324.51	0
327.30	0
328.94	0
329.12	0
170.34	0
203.74	0
214.38	0
225.57	0
229.51	0
230.74	0
230.76	0
231.59	0
319.09	1
490.12	0
504.75	0
514.60	0
516.23	0
519.57	0
520.51	0
520.84	0
292.40	1
423.29	0
424.00	0
424.82	0
445.21	0
445.56	0
447.79	0
449.25	0
391.32	1
430.46	1
483.70	0
486.69	0
488.08	0
488.73	0
497.76	0
500.24	0
306.74	1
313.06	1
417.03	0
420.93	0
421.89	0
423.25	0
423.76	0
428.29	0
178.83	1
211.32	1
424.52	0
427.54	0
428.15	0
428.88	0
430.99	0
431.12	0
169.76	0
197.21	0
197.64	0
200.12	0
202.31	0
204.12	0
207.23	0
208.80	0
230.56	0
272.67	0
275.00	0
287.16	0
299.07	0
300.45	0
302.16	0
304.07	0
64.54	1
114.17	1
143.54	0
166.15	1
187.63	0
192.96	0
193.64	0
193.69	0
36.05	1
54.55	1
61.50	1
178.27	0
179.57	0
188.53	1
190.97	1
191.02	0
4.77	1
7.10	1
8.21	1
12.89	1
14.00	1
14.21	1
14.59	1
14.63	1
100.23	1
281.87	0
288.85	0
292.07	0
297.94	0
301.43	0
302.85	0
302.98	0
19.01	1
189.40	0
234.16	0
237.41	0
238.92	0
243.44	0
243.70	0
246.69	0
157.42	0
160.59	0
189.22	0
198.30	0
202.07	1
209.54	0
210.29	1
210.62	1
7.97	1
10.97	1
11.37	1
11.40	1
11.85	1
12.03	1
15.86	1
16.99	1
252.43	0
253.86	0
254.92	0
272.08	0
273.40	0
274.02	0
280.64	0
284.15	0
335.04	0
336.58	0
338.53	0
341.65	0
345.71	0
347.16	0
349.10	0
350.48	0
237.44	0
238.84	0
240.30	0
240.83	0
240.88	0
241.45	0
243.02	0
243.13	0
141.41	0
155.37	0
170.93	0
179.59	0
181.68	0
182.13	0
182.27	0
186.03	0
200.31	0
208.09	0
209.73	0
213.88	0
219.90	0
222.59	0
222.95	0
223.37	0
138.35	0
205.44	0
215.16	0
241.11	0
241.33	0
241.80	0
242.06	0
242.18	0
112.17	0
116.54	0
123.36	1
136.92	0
142.87	1
146.38	1
153.01	1
153.23	0
231.06	0
253.16	1
269.73	0
269.79	0
278.78	0
279.16	0
279.40	0
289.08	1
282.25	0
283.44	0
320.28	0
323.00	0
323.12	0
323.29	0
324.03	0
324.38	0
231.14	1
412.23	0
428.34	0
435.99	0
436.69	0
436.70	0
437.82	0
439.92	0
127.95	1
353.41	0
372.70	0
374.92	0
376.32	0
392.44	0
392.77	0
396.49	0
195.69	1
214.29	0
220.07	1
227.05	0
229.74	0
231.60	0
233.01	0
235.90	0
134.58	0
147.76	0
173.69	0
179.17	0
180.07	0
180.35	0
182.72	0
183.22	0
108.24	0
115.24	0
123.80	0
130.24	0
136.01	0
141.32	0
141.65	0
143.38	0
37.28	0
56.13	0
59.54	0
89.71	1
106.00	0
113.13	0
113.88	0
114.63	0
63.36	1
73.58	0
74.53	0
76.94	0
82.21	0
82.33	0
83.48	0
84.25	0
132.68	0
132.97	0
135.92	0
136.97	0
138.32	0
141.78	0
141.98	0
142.23	0
96.10	0
96.91	0
99.71	0
100.54	0
101.59	0
101.92	0
103.15	0
104.44	0
44.31	1
97.66	0
102.45	0
107.18	0
110.06	0
112.41	0
113.47	0
115.09	0
59.48	1
69.02	0
73.55	0
75.56	0
76.76	0
79.62	0
81.22	1
82.33	0
60.58	1
116.76	0
117.21	0
117.38	0
117.40	0
120.99	0
122.24	0
122.93	0
102.62	0
104.82	0
105.03	0
105.67	0
106.97	0
108.40	0
108.55	0
109.02	0
55.08	1
108.88	0
111.77	0
111.88	0
112.33	0
113.43	0
115.41	0
115.67	0
67.69	1
84.96	1
85.06	0
87.39	0
88.96	0
91.78	0
98.84	0
100.42	0
78.71	1
121.35	0
121.62	0
123.75	0
125.80	0
128.50	0
128.80	0
130.33	0
100.27	0
100.96	0
104.59	0
104.65	0
104.81	0
104.82	0
105.45	0
105.67	0
47.70	1
86.74	0
105.33	0
106.61	0
107.24	0
108.95	0
111.15	0
111.51	0
33.86	1
38.43	1
38.43	1
40.23	0
60.87	1
69.73	1
73.48	0
77.28	0
1.62	1
1.75	1
1.93	1
2.13	1
2.62	1
2.69	1
9.41	1
10.77	1
116.43	1
121.50	0
131.86	0
154.60	0
161.37	0
161.52	0
164.92	0
165.15	0
60.06	0
62.82	1
91.81	1
97.64	1
113.44	0
116.83	0
132.61	0
145.98	0
14.67	1
17.28	1
18.58	1
39.47	1
166.18	0
171.01	0
171.60	0
171.94	0
93.70	0
202.63	0
207.47	0
208.11	0
209.40	0
212.39	0
215.04	0
217.97	0
128.73	0
129.95	0
131.80	0
135.62	0
137.11	0
137.38	0
137.90	0
139.33	0
176.30	0
187.60	0
193.67	0
194.32	1
196.22	1
197.27	0
199.92	1
202.42	1
191.35	0
195.54	0
195.85	0
197.43	0
198.82	0
198.87	0
199.58	0
202.07	0
269.61	0
270.90	0
274.31	0
281.53	0
285.08	0
286.42	0
286.99	0
288.73	0
138.25	1
141.70	0
181.14	0
182.78	1
185.77	1
188.62	0
190.00	0
195.25	1
191.89	0
201.76	0
210.76	0
213.58	0
241.12	0
241.37	0
241.84	0
243.47	0
246.16	0
249.29	0
300.18	0
303.61	0
315.79	0
316.16	0
323.91	0
327.41	0
44.70	1
101.12	0
101.90	0
103.24	0
109.28	0
109.62	0
111.31	0
117.93	0
122.22	1
293.90	0
296.46	0
299.83	0
300.56	0
300.78	0
302.74	0
303.13	0
134.59	1
139.41	1
172.35	0
181.15	0
210.23	0
211.42	0
223.36	0
225.14	0
74.89	1
145.47	0
171.38	0
180.64	0
181.15	0
185.31	0
186.41	0
187.87	0
43.61	1
57.50	1
58.23	1
61.81	1
67.92	1
72.20	1
74.58	1
80.34	0
83.42	1
96.76	0
97.45	1
101.29	1
167.25	0
184.85	0
216.44	0
243.54	0
20.47	1
20.90	1
32.12	1
295.27	0
297.41	0
302.43	0
307.12	0
328.81	0
4.70	1
5.38	1
5.96	1
14.28	1
103.14	0
126.42	0
127.93	0
128.29	0
8.13	1
13.02	1
16.26	1
22.06	1
187.12	0
196.28	0
208.63	0
211.36	0
4.04	1
4.70	1
5.33	1
6.04	1
137.54	0
138.18	0
138.76	0
139.53	0
61.67	1
64.68	1
66.42	1
69.66	1
74.42	1
107.49	1
108.28	0
110.03	0
163.83	0
178.19	0
199.57	0
201.28	0
201.81	0
202.43	0
208.56	0
209.08	0
333.54	0
339.08	0
342.22	0
349.52	0
354.39	0
354.59	0
356.04	0
358.03	0
37.79	1
43.41	1
59.32	1
66.61	0
69.50	0
71.81	0
77.27	0
78.06	0
207.92	0
230.65	0
239.78	0
265.40	0
265.77	0
269.38	0
272.36	0
281.18	0
322.83	0
328.86	0
352.41	0
355.83	0
363.56	0
367.84	0
369.17	0
369.78	0
314.41	0
321.42	0
333.49	0
334.03	0
338.81	0
338.94	0
339.01	0
341.22	0
30.45	0
41.53	0
53.97	1
55.51	0
64.59	0
68.56	1
73.30	0
76.75	0
264.28	0
265.60	0
270.68	0
300.62	0
304.10	0
308.36	0
312.25	0
313.44	0
432.57	0
433.75	0
433.80	0
434.03	0
436.86	0
437.19	0
442.44	0
444.38	0
205.71	0
211.38	0
212.22	0
217.11	0
218.35	0
218.71	0
219.18	0
219.69	0
271.30	0
323.12	0
325.65	0
342.84	0
344.81	0
346.14	0
346.59	0
347.43	0
265.00	0
280.60	0
288.62	0
294.53	0
300.19	0
300.39	0
300.63	0
301.03	0
21.60	1
25.10	1
27.44	1
30.83	1
35.46	0
35.71	1
36.53	1
45.67	1
33.15	1
37.57	1
37.88	1
44.86	0
48.69	1
53.08	1
62.40	1
71.71	0
2.49	1
2.98	1
3.92	1
4.45	1
4.72	1
4.73	1
7.50	1
7.60	1
132.98	0
141.18	1
157.31	0
170.22	0
175.18	0
176.70	0
176.72	0
178.88	1
100.97	1
170.94	0
180.44	0
182.50	0
184.55	0
184.95	0
188.56	0
190.07	0
197.72	0
211.54	0
219.01	0
221.37	0
226.12	0
228.09	0
228.28	0
228.42	0
291.95	1
295.12	0
297.12	0
299.44	0
302.99	0
303.24	0
305.20	0
305.84	0
167.69	0
175.97	0
181.47	0
183.01	0
184.39	1
187.72	1
198.31	0
198.46	1
184.37	0
231.04	0
234.42	0
248.12	0
256.67	0
269.55	0
271.36	0
284.38	0
105.10	0
187.14	0
193.90	0
209.11	0
240.63	0
249.86	0
254.06	0
272.39	0
169.55	1
547.15	0
566.16	0
566.32	0
569.95	0
572.74	0
574.81	0
575.46	0
171.95	0
205.92	0
223.70	0
236.96	0
252.12	0
254.18	0
256.41	0
258.30	0
369.11	0
371.35	0
383.26	0
387.92	0
388.58	0
389.29	0
389.41	0
389.52	0
218.86	0
222.08	0
234.15	0
235.49	0
239.23	0
240.05	0
240.77	0
241.05	0
115.66	0
130.74	1
194.32	1
220.71	0
221.75	0
229.42	0
230.70	0
254.35	0
133.14	0
154.25	0
155.83	0
157.09	0
158.53	0
160.81	0
167.51	0
167.61	0
319.01	0
325.55	0
333.30	0
336.48	0
338.85	0
339.67	0
341.00	0
341.49	0
361.27	0
482.51	0
492.77	0
495.87	0
496.96	0
497.40	0
510.77	0
511.64	0
207.65	0
209.09	0
214.98	0
215.81	0
217.42	0
219.02	0
219.91	0
220.29	0
156.16	0
156.87	0
157.84	0
158.36	0
160.06	0
163.53	0
163.57	0
164.69	0
107.74	1
115.90	0
132.02	1
138.59	0
139.06	0
139.44	0
139.72	0
141.48	0
251.20	0
251.29	0
253.12	0
255.04	0
258.31	0
259.81	0
261.28	0
262.15	0
228.84	0
232.14	0
236.59	0
239.64	0
241.89	0
242.93	0
243.19	0
244.27	0
80.19	1
82.67	1
95.08	1
103.89	1
110.85	1
115.53	1
120.25	1
122.19	1
214.84	0
234.55	0
241.99	0
242.81	0
243.14	0
245.07	0
258.46	0
262.12	0
255.78	0
257.79	0
265.72	0
266.60	0
266.88	0
267.81	0
269.42	0
270.33	0
241.33	0
275.03	0
278.09	0
279.37	0
282.66	0
283.14	0
284.77	0
287.24	0
231.33	0
233.37	0
240.96	0
241.76	0
241.97	0
246.44	0
246.65	0
248.83	0
235.01	0
236.95	0
250.43	0
253.84	0
255.82	0
256.52	0
258.98	0
259.13	0
211.80	0
255.02	0
258.86	0
259.62	0
261.88	0
261.89	0
262.77	0
264.51	0
232.19	1
253.39	0
285.44	0
320.22	0
321.51	0
324.89	1
327.22	1
335.55	0
267.53	0
268.26	0
270.27	0
280.74	0
280.96	0
283.80	0
284.43	0
286.13	0
510.57	0
580.40	0
583.88	0
584.92	0
588.51	0
589.84	0
591.01	0
592.00	0
85.31	1
123.31	1
127.82	1
130.38	1
133.01	1
133.48	1
136.28	0
142.49	1
220.44	0
249.94	0
285.87	1
303.63	0
311.83	0
314.69	0
316.12	0
327.34	0
175.73	0
186.70	0
188.85	0
194.14	0
206.00	0
209.47	0
226.70	0
229.60	0
109.55	0
111.57	0
124.86	0
125.76	0
130.78	0
131.87	0
135.20	0
135.34	0
220.50	0
225.73	0
229.60	0
229.78	0
232.93	0
239.71	0
240.34	0
240.96	0
301.38	0
307.74	0
311.21	0
311.31	0
312.53	0
315.46	0
319.46	0
319.65	0
97.96	0
99.99	0
102.17	0
104.40	0
107.29	0
108.49	0
113.34	0
114.77	0
297.06	0
311.12	0
336.45	0
345.23	0
365.15	0
372.18	0
374.89	0
375.99	0
54.91	1
62.33	1
64.49	0
70.08	0
72.35	0
73.10	0
73.67	0
75.36	0
245.92	0
247.92	0
251.95	0
253.66	0
254.00	0
254.51	0
256.07	0
256.76	0
274.56	0
349.86	0
357.39	0
371.81	0
372.56	0
373.93	0
374.86	0
378.19	0
193.45	0
193.93	0
195.19	0
201.66	0
202.33	0
203.45	0
205.31	0
208.98	0
156.87	0
158.10	0
159.01	0
163.87	0
164.46	0
164.68	0
166.95	0
168.27	0
104.65	1
145.66	1
146.54	0
147.32	1
148.13	1
153.00	1
159.92	0
161.51	0
233.09	0
241.15	0
242.17	0
244.67	0
246.11	0
249.66	0
249.93	0
251.21	0
179.64	0
181.90	0
181.93	0
182.81	0
185.79	0
186.13	0
188.84	0
190.54	0
351.79	0
360.03	0
371.52	0
372.20	0
372.78	0
374.34	0
375.19	0
375.28	0
292.02	0
295.19	0
296.07	0
299.28	0
315.65	0
327.14	0
336.27	0
340.25	0
374.88	0
378.00	0
381.41	0
381.88	0
385.05	0
386.19	0
386.79	0
387.58	0
383.34	0
393.91	0
397.29	0
399.14	0
402.92	0
406.12	0
406.94	0
409.04	0
227.50	0
255.02	0
255.19	0
275.21	1
281.49	0
283.97	0
287.34	0
288.92	0
219.39	0
231.36	0
242.12	0
242.74	0
259.63	0
264.01	0
269.18	0
271.86	0
182.37	0
183.80	1
192.31	0
196.29	0
196.56	0
197.44	0
204.28	0
207.60	1
188.55	1
195.83	0
202.99	1
204.91	0
213.07	0
216.85	0
222.93	0
223.58	0
197.51	0
213.76	0
213.85	0
227.23	0
227.38	0
232.76	0
236.56	0
238.33	0
116.92	1
150.77	1
158.89	0
161.85	0
166.31	0
166.32	0
167.16	0
169.86	0
228.57	0
267.32	0
268.58	0
272.78	0
273.70	0
277.42	0
277.76	0
279.26	0
344.26	0
355.42	0
357.29	0
358.07	0
358.70	0
359.30	0
360.19	0
361.85	0
347.82	0
357.33	0
363.05	0
367.61	0
367.74	0
370.82	0
372.84	0
372.85	0
258.49	0
276.11	0
281.22	0
289.04	0
291.30	0
293.07	0
294.96	0
296.28	0
286.12	0
296.34	0
296.76	0
300.13	1
305.10	0
308.13	0
314.29	0
317.63	0
232.48	0
244.42	0
257.05	0
277.50	0
286.76	0
287.95	0
298.28	0
301.58	0
208.44	0
213.17	0
215.51	1
220.37	0
227.50	0
229.33	0
229.81	0
229.96	0
214.70	0
242.41	0
247.17	0
248.43	0
251.92	0
252.58	0
256.84	0
261.31	0
265.16	0
265.20	0
274.10	0
279.59	0
283.35	0
286.37	0
288.65	0
289.94	0
459.95	0
466.01	0
493.84	0
494.18	0
495.37	0
495.87	0
498.27	0
515.85	0
335.50	0
347.44	0
348.68	0
364.23	0
364.38	0
366.32	0
368.10	0
370.95	0
399.87	1
406.66	0
415.61	0
416.21	0
420.24	0
426.33	0
427.96	0
429.83	0
338.94	0
360.94	0
361.66	0
362.65	0
365.61	0
365.76	0
366.44	0
367.88	0
616.18	0
619.85	0
620.35	0
623.27	0
623.67	0
626.12	0
626.56	0
627.05	0
284.34	0
291.12	0
299.51	0
300.12	0
303.44	0
305.66	0
305.85	0
307.24	0
593.28	0
602.28	0
603.97	0
607.76	0
608.23	0
608.85	0
611.99	0
612.64	0
467.58	0
483.20	0
498.80	0
501.11	0
501.77	0
511.21	0
512.28	0
514.95	0
146.59	0
271.18	0
273.20	0
274.35	0
283.57	0
284.63	0
289.80	0
291.45	0
203.98	0
246.10	0
260.90	0
270.68	0
271.45	0
273.06	0
273.83	0
274.08	0
110.37	0
140.56	0
167.38	0
168.02	0
169.92	0
170.60	0
171.90	0
172.98	0
331.66	0
353.68	0
356.44	0
360.73	0
367.61	0
367.97	0
368.99	0
371.71	0
133.88	1
148.78	1
149.29	0
155.82	0
156.86	0
169.95	1
174.61	0
176.37	0
195.38	0
273.41	0
273.67	0
281.56	0
283.68	0
286.00	0
291.35	0
293.00	0
490.58	0
496.45	0
509.31	0
511.69	0
531.81	0
535.21	0
536.99	0
543.95	0
402.03	0
410.07	0
416.71	0
417.03	0
425.56	0
426.84	0
428.42	0
431.76	0
55.93	1
60.00	1
60.59	0
61.35	1
63.45	1
65.88	1
65.98	1
68.81	1
136.24	0
150.16	0
155.17	0
159.46	0
160.21	0
183.45	0
192.25	0
195.56	0
87.95	0
89.56	0
90.38	0
97.47	0
97.83	0
98.00	0
99.37	0
99.94	0
263.51	0
265.65	0
269.14	0
277.79	0
279.09	0
279.58	0
280.79	0
282.54	0
293.81	0
347.11	0
356.23	0
360.00	0
362.90	0
365.18	0
366.56	0
367.18	0
229.27	0
229.94	0
230.08	0
230.56	0
231.14	0
238.50	0
239.61	0
240.23	0
168.40	0
168.44	0
172.26	0
176.23	0
176.72	0
176.76	0
178.69	0
179.81	0
154.05	0
159.01	0
170.69	0
179.14	0
185.42	0
185.48	0
189.53	0
193.84	0
254.98	0
258.98	0
259.31	0
259.66	0
262.01	0
263.40	0
265.04	0
265.22	0
254.97	0
260.35	0
262.73	0
263.39	0
263.48	0
267.56	0
268.68	0
269.88	0
100.37	0
104.68	0
105.43	0
107.19	0
107.29	0
113.27	0
113.66	0
115.56	0
309.79	0
317.20	0
342.95	0
352.49	0
372.87	0
379.32	0
379.65	0
381.07	0
134.22	1
154.70	0
159.95	1
175.10	0
177.59	1
181.53	0
184.75	0
185.67	0
51.58	0
57.80	0
62.53	0
64.71	0
67.88	0
68.44	0
70.68	0
71.44	0
208.22	0
210.42	0
211.15	0
212.26	1
212.79	0
214.34	0
217.66	0
223.39	0
226.86	0
270.18	0
285.79	0
286.56	0
287.39	0
290.91	0
291.66	0
291.76	0
258.12	0
264.79	0
285.77	0
290.71	0
295.60	0
297.82	0
299.24	0
301.55	0
90.32	0
90.53	1
101.49	0
102.30	0
109.80	0
110.79	0
111.58	0
111.97	0
346.30	0
355.25	0
357.52	0
358.86	0
359.07	0
359.66	0
360.72	0
361.61	0
202.67	0
222.06	0
232.49	0
238.02	0
238.28	0
239.05	0
241.10	0
242.91	0
142.55	0
150.33	0
151.45	0
154.95	0
162.00	0
164.52	0
169.72	0
171.62	0
248.94	0
270.29	0
280.78	0
284.48	0
296.97	0
301.26	0
312.91	0
313.47	0
398.07	1
445.98	1
448.88	1
467.49	1
483.99	0
485.04	0
500.60	0
500.96	0
433.36	1
439.20	1
459.26	1
460.72	1
528.21	1
532.13	0
538.17	0
541.39	0
499.38	0
515.67	1
516.76	0
519.60	0
522.20	0
524.67	0
525.23	0
525.90	0
359.16	1
362.77	1
365.58	1
366.63	1
371.49	1
391.49	0
393.86	0
409.09	0
244.03	0
258.09	0
267.49	0
280.74	0
283.28	0
285.60	0
285.90	0
286.30	0
72.54	1
88.60	0
103.61	0
114.64	0
116.65	0
118.59	0
119.09	0
119.60	0
285.19	0
291.24	0
299.27	0
300.47	0
302.61	0
305.57	0
308.28	0
309.97	0
512.01	0
514.29	0
516.32	0
517.16	0
517.63	0
517.78	0
519.12	0
521.13	0
637.32	0
665.32	0
665.71	0
667.78	0
670.20	0
672.42	0
675.73	0
677.32	0
670.08	0
739.28	0
744.94	0
746.60	0
750.94	0
752.05	0
756.12	0
764.04	0
174.82	0
185.77	0
199.83	0
202.18	0
202.34	0
217.46	0
219.99	0
222.45	0
237.12	0
251.02	0
266.81	0
267.41	0
271.22	0
276.52	0
278.43	0
279.39	0
457.91	0
499.75	0
506.79	0
512.40	0
513.85	0
514.82	0
522.99	0
533.96	0
679.32	0
687.19	0
688.38	0
689.87	0
690.95	0
695.40	0
695.78	0
697.17	0
675.10	0
679.89	0
688.05	0
688.42	0
690.53	0
697.41	0
699.43	0
700.10	0
143.93	0
165.98	0
167.72	0
169.44	0
175.01	0
175.07	0
178.52	0
179.12	0
273.30	0
285.45	0
288.98	0
289.59	0
293.35	0
294.61	0
295.63	0
298.70	0
342.99	0
344.39	0
346.38	0
349.77	0
349.84	0
349.85	0
355.94	0
356.03	0
325.19	0
345.04	0
348.75	1
351.69	0
352.47	0
354.42	0
357.97	0
359.18	0
408.82	0
414.44	0
421.11	0
425.77	0
428.84	0
429.25	0
430.57	0
434.80	0
332.90	0
335.32	0
339.61	0
350.11	0
351.07	0
353.78	0
353.88	0
358.65	0
325.15	0
345.14	0
350.65	0
355.92	0
357.66	0
361.03	0
362.53	0
363.00	0
461.43	0
464.62	0
471.85	0
483.05	0
483.60	0
484.31	0
489.57	0
495.00	0
470.15	0
475.94	0
478.51	0
478.91	0
488.56	0
493.47	0
495.19	0
496.08	0
101.20	1
109.09	1
118.02	0
128.14	0
131.14	0
132.77	1
136.59	0
136.70	1
13.81	0
16.06	0
16.46	0
16.50	0
16.55	0
19.17	0
19.26	0
20.73	0
340.78	0
341.15	0
346.39	0
348.15	0
348.70	0
349.74	0
350.45	0
350.48	0
355.30	0
380.21	0
383.90	0
391.60	0
396.13	0
400.70	0
401.96	0
402.36	0
250.47	0
252.74	0
256.37	0
257.17	0
258.17	0
258.81	0
259.47	0
263.23	0
268.50	0
276.03	0
282.83	0
286.62	0
292.62	0
294.23	0
296.01	0
304.77	0
234.75	0
242.52	0
243.03	0
249.25	0
255.21	0
257.55	0
259.04	0
262.76	0
256.15	0
261.77	0
264.92	0
265.93	0
268.63	0
270.86	0
273.45	0
274.08	0
265.35	0
285.65	0
290.29	0
291.98	0
293.65	0
302.52	0
302.72	0
303.53	0
286.05	0
295.01	0
300.18	0
303.33	0
307.84	0
309.65	0
309.83	0
310.62	0
263.94	0
272.01	0
272.29	0
274.24	0
279.70	0
281.15	0
281.15	0
282.56	0
290.81	0
297.66	0
311.66	0
312.50	0
317.36	0
339.79	0
340.49	0
342.16	0
307.28	0
338.68	0
356.94	0
359.02	0
377.84	0
379.24	0
384.32	0
384.58	0
434.25	0
448.27	0
485.12	0
489.84	0
494.35	0
498.96	0
500.44	0
500.70	0
291.62	0
292.57	0
293.49	0
297.75	0
306.09	0
306.33	0
307.34	0
312.79	0
311.84	0
316.55	0
318.14	0
319.31	0
320.09	0
320.40	0
324.72	0
324.83	0
353.73	0
359.49	0
360.69	0
366.47	0
369.89	0
371.45	0
371.70	0
374.66	0
80.00	1
174.04	0
180.41	0
187.72	0
188.67	0
190.34	0
192.54	0
192.84	0
203.42	0
211.29	0
215.25	0
216.48	0
219.82	0
220.98	0
224.13	0
227.51	0
326.56	0
347.79	0
347.91	0
349.34	0
349.61	0
361.93	0
362.35	0
363.43	0
322.32	1
347.16	0
352.37	1
362.21	1
367.71	0
369.16	0
369.45	0
372.68	0
275.72	1
279.66	1
293.81	1
293.89	1
346.39	1
396.15	0
400.26	0
401.95	0
602.81	0
630.52	1
631.59	0
635.44	0
638.42	0
642.58	0
649.14	0
651.72	0
413.00	1
414.64	1
420.65	1
420.88	1
424.92	1
455.65	0
456.59	0
471.28	0
304.25	1
328.19	0
333.34	1
334.39	1
343.26	0
347.99	0
348.00	0
351.27	0
11.24	0
13.22	0
14.66	0
14.90	0
15.59	0
15.83	0
16.05	0
19.06	0
268.44	0
269.62	0
270.25	0
272.58	0
272.68	0
273.03	0
273.71	0
274.98	0
260.00	0
266.42	0
269.49	0
279.52	0
281.79	0
284.34	0
286.16	0
286.43	0
245.80	0
259.21	0
261.32	0
266.44	0
266.94	0
268.26	0
268.48	0
272.97	0
287.80	0
290.58	0
295.12	0
296.52	0
297.16	0
297.96	0
300.70	0
302.27	0
304.97	0
327.31	0
330.79	0
341.78	0
342.11	0
342.31	0
342.56	0
345.31	0
288.37	0
291.99	0
328.76	0
334.85	0
336.36	0
338.36	0
341.77	0
343.04	0
256.19	0
256.64	0
256.77	0
258.08	0
259.15	0
259.15	0
259.95	0
260.93	0
329.95	0
332.83	0
352.95	0
370.66	1
378.89	1
380.30	1
383.46	1
385.50	0
335.40	0
354.72	1
356.34	0
362.27	0
362.81	0
363.15	0
374.56	1
375.23	0
323.90	0
328.83	0
341.22	0
346.02	0
349.07	0
351.89	0
354.95	0
356.65	0
481.79	0
482.52	0
483.78	0
483.95	0
488.55	0
490.74	0
492.53	0
495.06	0
145.43	0
162.34	0
163.36	0
166.28	0
172.04	0
174.90	0
181.41	0
184.06	0
197.16	0
319.52	0
362.24	0
365.21	0
367.12	0
369.61	0
374.74	0
374.91	0
484.36	0
707.57	0
715.06	0
720.55	0
728.55	0
732.16	0
733.21	0
733.97	0
755.14	0
768.02	0
772.10	0
772.49	0
773.69	0
773.88	0
774.69	0
775.27	0
477.79	0
489.77	0
492.06	0
494.73	0
496.30	0
498.48	0
502.90	0
506.10	0
182.71	0
189.19	0
191.67	0
200.00	0
206.11	0
207.39	0
208.95	0
210.43	0
329.87	0
363.70	0
364.69	0
368.60	0
368.77	0
368.89	0
368.94	0
369.41	0
1047.55	0
1054.19	0
1061.76	0
1067.55	0
1067.87	0
1068.26	0
1071.04	0
1073.25	0
141.88	0
146.47	0
147.05	0
152.64	0
158.43	0
160.98	0
165.99	0
170.61	0
289.04	0
291.21	0
291.40	0
291.64	0
292.33	0
292.43	0
294.90	0
298.02	0
131.54	0
134.83	0
137.91	0
138.84	0
148.16	0
148.42	0
155.91	0
159.22	0
309.49	0
330.10	0
330.32	0
337.32	0
337.92	0
339.32	0
340.70	0
341.78	0
509.01	0
532.12	0
534.57	0
541.01	0
542.07	0
545.42	0
545.83	0
547.06	0
286.93	0
292.34	0
297.49	0
297.75	0
312.70	0
313.43	0
313.56	0
314.21	0
257.61	0
258.89	0
263.72	0
264.29	0
267.35	0
271.19	0
271.75	0
278.21	0
316.87	0
320.22	0
321.26	0
322.05	0
322.78	0
323.16	0
323.93	0
323.99	0
331.19	0
353.57	0
355.62	0
356.74	0
356.93	0
357.38	0
359.88	0
360.68	0
167.94	0
208.07	0
210.86	0
212.28	0
212.55	0
212.99	0
218.03	0
219.53	0
153.42	0
154.73	0
159.21	0
162.07	0
164.76	0
165.41	0
177.27	0
177.62	0
232.80	0
247.09	0
247.83	0
259.16	0
262.84	0
265.54	0
266.02	0
266.87	0
271.40	0
301.29	0
302.94	0
304.10	0
306.32	0
306.64	0
307.22	0
307.85	0
267.02	0
299.04	0
301.03	0
302.80	0
303.17	0
304.07	0
304.64	0
305.75	0
170.83	0
177.08	0
180.37	0
180.74	0
182.67	0
183.84	0
187.37	0
191.82	0
140.20	0
144.91	0
150.99	0
152.31	0
154.42	0
154.95	0
155.52	0
157.34	0
248.02	0
253.50	0
254.08	0
254.19	0
256.32	0
259.09	0
259.31	0
260.35	0
186.30	0
193.00	0
197.67	0
198.68	0
199.17	0
199.93	0
209.20	0
209.24	0
223.02	0
242.32	0
246.88	0
251.19	0
258.99	0
259.75	0
261.96	0
262.53	0
240.65	0
254.66	0
259.86	0
262.93	0
263.05	0
264.18	0
264.41	0
265.44	0
72.06	1
75.85	1
133.13	0
134.22	0
137.56	0
138.03	0
146.04	0
146.70	0
144.08	0
144.12	0
145.72	0
145.74	0
149.79	0
149.82	0
150.93	0
151.39	0
143.97	0
144.65	0
149.34	0
152.79	0
153.14	0
154.67	0
156.95	0
164.54	0
107.06	0
109.44	0
109.44	0
113.68	0
114.11	0
119.92	0
121.15	0
121.23	0
164.21	0
166.90	0
183.45	0
192.28	0
192.87	0
193.67	0
193.99	0
199.26	0
171.49	1
221.79	0
227.46	0
230.27	0
230.35	0
230.83	0
231.26	0
231.58	0
163.57	1
175.73	0
180.63	0
182.40	0
189.51	0
193.98	0
196.27	0
196.41	0
172.93	1
194.97	0
206.99	0
209.20	0
215.19	0
216.56	0
219.89	0
220.31	0
100.06	0
102.94	0
106.34	0
110.98	0
111.43	0
111.83	0
114.44	0
114.52	0
138.08	0
138.51	0
138.60	0
139.55	0
140.77	0
141.78	0
141.84	0
142.95	0
98.01	0
98.13	0
101.20	0
104.01	0
104.23	0
105.94	0
106.45	0
106.92	0
93.97	0
94.17	0
100.54	0
101.80	0
102.24	0
108.25	0
108.49	0
110.72	0
135.04	0
140.86	0
148.49	0
149.09	0
151.70	0
153.74	0
153.90	1
154.22	1
185.39	0
203.89	0
216.85	0
225.03	0
227.53	0
227.64	0
228.81	0
228.85	0
229.23	0
229.44	0
231.97	0
233.81	0
236.05	0
238.10	0
238.37	0
241.78	0
81.08	1
84.64	1
87.39	1
90.05	0
94.66	1
95.97	1
104.72	0
104.88	0
36.42	1
36.83	1
37.43	1
38.65	1
38.66	1
39.54	1
39.59	1
40.46	1
206.25	1
221.27	0
222.72	1
227.03	1
230.33	0
230.38	0
231.55	0
232.07	0
167.78	0
168.22	0
169.65	0
174.53	0
175.48	0
175.76	0
175.82	0
177.20	0
108.23	1
162.06	0
165.93	0
174.02	0
178.35	0
180.35	0
181.23	0
184.04	1
70.31	1
77.49	0
86.33	0
89.42	0
93.07	0
95.00	0
95.76	0
96.46	0
13.30	1
15.10	1
17.30	1
19.29	1
20.61	1
23.32	1
36.42	1
41.11	0
149.09	0
150.95	0
152.78	0
153.40	0
155.15	0
157.31	0
157.47	0
159.32	0
115.36	0
117.03	0
118.72	0
121.05	0
123.01	0
123.31	0
124.12	0
126.76	0
36.31	1
145.32	0
145.82	0
149.02	0
149.44	0
150.95	0
152.03	0
152.70	0
85.36	0
85.95	0
91.54	0
93.79	0
94.32	0
95.83	0
101.00	0
101.61	0
173.63	0
173.77	0
175.28	0
179.74	0
179.88	0
179.94	0
180.98	0
181.25	0
58.97	1
65.06	1
71.35	1
79.04	1
89.45	1
93.53	1
95.99	0
98.66	0
155.61	0
157.54	0
160.68	0
161.40	0
165.54	0
168.87	0
169.37	0
170.47	0
69.98	1
103.52	0
109.28	0
111.98	0
113.45	0
116.92	0
118.30	0
125.04	0
62.15	1
76.43	0
84.52	0
88.19	0
91.33	0
93.27	0
93.64	0
94.79	0
6.90	1
10.57	1
11.17	1
11.22	1
13.34	1
18.00	1
32.62	1
41.12	0
159.71	0
159.94	0
163.47	0
163.74	0
166.40	0
167.33	0
167.76	0
168.68	0
111.40	0
114.08	0
117.30	0
118.88	0
119.11	0
120.58	0
120.88	0
122.88	0
131.56	0
142.94	0
143.31	0
143.79	0
146.82	0
146.94	0
148.34	0
149.22	0
98.85	0
101.09	0
101.77	0
105.77	0
108.01	0
108.38	0
110.62	0
110.92	0
94.20	1
119.00	0
146.52	0
149.20	0
150.90	0
156.57	0
158.70	0
159.75	0
164.74	0
165.77	0
166.60	0
170.04	0
171.68	0
178.31	0
178.49	0
180.16	0
132.83	0
135.96	0
138.57	0
143.59	0
144.38	0
145.98	0
150.78	0
152.61	0
66.99	1
92.62	0
103.82	0
109.17	0
109.48	0
112.75	0
115.47	0
118.40	0
135.30	0
140.33	0
141.36	0
143.07	0
145.04	0
146.70	0
147.50	0
149.09	0
99.20	0
99.92	0
100.22	0
101.05	0
105.79	0
106.83	0
108.57	0
108.99	0
228.78	0
230.54	0
233.74	0
234.97	0
235.74	0
235.83	0
236.29	0
237.18	0
156.06	0
159.95	0
169.60	0
172.27	0
173.61	0
176.20	0
177.65	0
179.06	0
402.36	0
403.90	0
408.04	0
408.51	0
409.69	0
411.88	0
414.07	0
414.29	0
207.87	0
211.63	0
211.75	0
217.52	0
217.63	0
218.07	0
219.43	0
219.58	0
256.00	0
266.81	0
268.73	0
272.49	0
275.27	0
275.46	0
276.20	0
277.71	0
772.11	0
778.15	0
784.78	0
785.54	0
786.63	0
786.97	0
788.76	0
789.45	0
136.70	0
138.96	0
145.47	0
154.89	0
155.60	0
160.11	0
160.17	0
160.76	0
33.39	1
53.59	0
58.04	0
59.66	0
60.76	0
63.77	0
66.31	0
67.10	0
30.75	1
41.92	1
46.08	0
52.05	0
52.61	0
52.78	0
53.76	0
55.69	0
34.04	1
44.34	1
46.67	0
51.01	0
51.13	0
51.58	0
52.82	0
55.48	0
156.25	0
157.75	0
161.89	0
166.16	0
166.17	0
172.07	0
173.13	0
173.26	0
323.84	0
327.34	0
331.56	0
331.59	0
334.50	0
337.83	0
338.03	0
339.21	0
500.32	1
537.27	0
537.46	0
538.99	0
541.03	1
543.64	0
543.86	0
544.34	1
281.61	0
295.91	0
299.44	0
304.98	0
305.54	0
306.73	0
306.76	0
307.28	0
149.63	0
164.22	0
164.28	0
164.44	0
164.48	0
164.64	0
168.71	0
171.03	0
424.65	0
425.19	0
425.49	0
426.23	0
429.62	0
429.84	0
430.43	0
430.52	0
198.62	0
202.99	0
206.84	0
208.60	0
209.53	0
211.72	0
212.77	0
217.34	0
404.04	0
426.36	0
427.28	0
427.63	0
430.19	0
430.46	0
430.80	0
433.35	0
588.19	0
593.59	0
606.55	0
606.93	0
612.31	0
613.86	0
614.20	0
615.32	0
45.59	1
52.24	1
54.81	1
55.22	1
55.96	1
56.14	0
56.69	1
56.81	1
168.08	0
168.61	0
176.57	0
177.30	0
178.13	0
180.07	0
181.42	0
182.06	0
163.74	0
167.51	0
169.31	0
170.73	0
171.57	0
172.22	0
173.29	0
173.53	0
33.48	1
188.57	0
200.02	0
202.55	0
202.95	0
205.48	0
206.41	0
207.90	0
6.38	1
142.99	0
143.57	0
145.93	0
146.64	0
148.49	0
148.95	0
149.45	0
20.36	1
163.33	0
166.25	0
167.61	0
169.91	0
170.36	0
171.18	0
171.37	0
80.69	1
83.89	1
94.60	0
96.06	1
96.09	0
98.63	0
100.75	0
102.41	0
85.50	1
86.39	1
86.89	1
88.96	1
117.01	0
120.16	0
123.77	1
126.69	0
42.73	1
47.91	0
49.80	1
50.99	1
56.78	0
59.82	1
62.37	0
65.64	0
3.89	1
4.07	1
4.99	1
5.04	1
5.33	1
5.55	1
6.84	1
7.01	1
140.59	0
146.64	0
157.31	0
160.36	0
185.08	0
191.94	0
194.33	0
199.14	0
300.01	0
301.73	0
302.73	0
305.34	0
307.35	0
308.71	0
310.43	0
310.73	0
156.59	1
169.45	0
170.29	0
171.55	0
180.43	0
182.64	0
183.49	0
184.97	0
220.74	0
221.88	0
224.01	0
224.83	0
225.75	0
227.31	0
228.17	0
229.05	0
148.69	0
165.79	0
167.85	0
169.06	0
170.20	0
172.69	0
173.77	0
175.40	0
255.84	0
256.90	0
258.75	0
259.60	0
259.96	0
264.92	0
265.57	0
266.12	0
107.01	0
112.12	0
112.48	0
119.91	0
123.33	0
130.44	1
131.99	1
135.39	0
178.32	0
178.60	0
179.29	0
181.35	0
182.14	0
185.66	0
186.06	0
187.22	0
99.59	1
114.49	0
120.85	0
124.86	0
126.00	0
126.35	0
128.60	0
129.08	0
265.94	0
267.73	0
270.45	0
270.51	0
270.52	0
272.01	0
273.63	0
273.73	0
285.10	0
285.62	0
287.00	0
289.60	0
291.44	0
291.48	0
294.21	0
295.51	0
374.33	0
374.35	0
374.46	0
374.62	0
376.85	0
379.61	0
382.20	0
382.21	0
264.03	0
264.52	0
270.53	0
273.78	0
275.37	0
275.60	0
278.47	0
278.68	0
281.17	0
284.98	0
286.12	0
286.69	0
287.11	0
287.50	0
287.89	0
288.70	0
226.92	0
229.23	0
231.08	0
231.86	0
234.03	0
234.09	0
235.17	0
239.78	0
167.68	0
184.10	0
187.05	0
188.46	0
189.18	0
189.39	0
189.72	0
190.02	0
281.64	0
289.01	0
296.66	0
301.53	0
302.32	0
305.78	0
306.09	0
306.78	0
174.75	0
187.91	0
198.67	0
199.04	0
203.18	0
203.50	0
207.23	0
207.36	0
94.42	0
111.53	0
157.09	1
168.85	0
179.22	0
180.47	0
180.53	0
181.59	0
157.31	1
171.84	0
182.51	0
186.37	1
186.62	1
187.04	0
187.87	0
189.08	1
20.97	1
21.78	1
21.95	1
21.99	1
22.05	1
22.22	1
22.94	1
23.45	1
204.09	0
244.19	0
245.37	0
246.50	0
248.49	0
254.35	0
258.11	0
274.57	0
217.38	0
219.80	0
220.53	0
220.75	0
221.01	0
221.22	0
223.15	0
223.29	0
331.30	0
348.73	0
349.00	0
350.93	0
351.58	0
351.59	0
352.95	0
356.28	0
386.69	0
386.80	0
389.97	0
391.73	0
392.98	0
393.05	0
396.85	0
401.02	0
215.83	0
218.70	0
221.62	0
236.41	0
237.38	0
239.22	0
239.52	0
243.83	0
301.15	0
302.08	0
304.26	0
306.10	0
308.09	0
310.04	0
310.15	0
313.47	0
233.62	0
234.81	0
235.95	0
235.99	0
237.26	0
239.27	0
239.76	0
239.92	0
296.71	0
309.40	0
312.30	0
313.54	0
315.72	0
317.29	0
317.70	0
318.71	0
115.64	1
121.38	1
123.00	1
123.06	1
126.44	1
129.14	1
139.21	1
142.77	0
161.87	0
176.37	0
194.15	0
194.84	0
195.85	0
195.85	0
198.42	0
199.53	0
239.01	0
241.62	0
241.96	0
245.49	0
248.60	0
254.88	0
254.95	0
255.47	0
106.72	0
123.08	0
124.61	0
130.21	0
133.63	0
139.51	0
141.19	0
147.18	0
147.46	1
150.71	1
152.41	1
174.39	1
180.12	0
183.01	0
189.50	0
190.04	0
259.34	0
279.39	0
289.19	0
292.39	0
306.54	0
306.83	0
307.72	0
308.15	0
191.13	0
205.72	0
208.11	0
212.87	0
213.65	0
216.02	0
216.18	0
218.51	0
197.10	0
198.94	1
206.29	1
209.66	0
214.88	1
218.87	0
219.27	0
219.33	0
256.86	0
264.89	0
265.75	0
266.58	0
266.67	0
267.26	0
268.09	0
273.08	0
135.89	0
149.17	0
149.99	0
150.66	0
159.70	0
161.35	0
162.14	0
167.99	0
227.51	0
229.81	0
237.45	0
237.79	0
237.99	0
239.05	0
240.18	0
240.89	0
122.52	0
130.16	0
134.11	0
134.32	0
134.87	0
135.42	0
138.19	0
138.86	0
168.27	0
169.35	0
172.18	0
172.31	0
174.52	0
175.21	0
176.44	0
177.04	0
218.81	0
226.51	0
227.85	0
228.75	0
229.73	0
230.69	0
230.89	0
232.94	0
200.24	0
205.26	0
207.00	0
208.05	0
210.00	0
211.82	0
212.80	0
214.75	0
228.61	0
230.35	0
236.19	0
239.41	0
239.85	0
243.66	0
244.21	0
246.38	0
122.80	0
130.78	0
132.11	0
132.44	0
134.98	0
135.84	0
139.21	0
139.63	0
55.76	1
58.95	1
60.69	1
65.22	0
66.16	1
66.53	1
68.66	1
70.57	1
229.82	0
233.83	1
238.69	0
240.58	0
243.73	0
250.18	0
252.64	0
252.76	0
285.35	0
286.35	0
310.39	0
323.03	0
323.78	0
325.34	0
330.34	0
339.43	0
152.22	0
192.93	0
200.13	0
220.58	0
222.39	0
237.63	0
240.25	0
247.37	0
152.73	0
161.48	0
163.18	0
168.21	0
170.49	0
172.61	0
175.72	0
176.29	0
181.90	0
196.09	0
197.78	0
200.49	0
204.24	0
205.00	0
207.28	0
207.83	0
194.08	0
199.22	0
199.79	0
201.94	0
202.23	0
202.37	0
203.12	0
203.62	0
156.85	0
166.57	0
171.80	0
173.90	0
174.01	0
176.53	0
181.59	0
185.29	0
153.17	0
162.40	0
188.07	0
190.80	0
191.90	0
203.96	0
204.46	0
205.96	0
123.12	0
131.16	0
134.21	0
138.05	0
149.08	0
149.55	0
149.64	0
150.44	0
264.83	0
266.96	0
269.69	0
272.81	0
274.16	0
276.41	0
278.99	0
279.30	0
225.51	0
231.94	0
245.80	0
247.52	0
255.71	0
260.15	0
263.86	0
269.76	0
186.11	0
189.58	0
192.56	0
194.83	0
198.68	0
208.52	0
212.28	0
212.34	0
104.89	0
124.92	0
129.66	0
137.63	0
144.68	0
146.61	1
148.76	0
155.09	0
143.30	0
241.07	1
249.53	1
370.92	0
375.48	0
380.97	0
383.16	0
383.84	1
227.74	0
234.48	0
259.02	0
299.87	0
314.33	0
335.17	0
368.56	0
380.59	0
31.38	1
38.37	1
43.29	1
56.89	1
60.05	1
106.46	0
158.82	1
211.50	0
232.28	0
235.42	0
239.70	0
247.80	0
257.46	0
261.43	0
267.82	0
279.62	0
34.42	1
36.23	1
47.14	1
51.32	1
330.82	1
334.55	0
334.97	0
337.44	0
5.37	1
5.92	1
6.06	1
7.06	1
19.99	1
110.92	0
126.12	0
131.01	0
11.74	1
13.34	1
13.98	1
24.11	1
26.28	1
192.58	0
197.68	0
215.19	0
6.09	1
7.97	1
8.04	1
8.71	1
11.05	1
118.97	0
123.89	0
132.18	0
224.72	0
254.12	0
255.49	0
256.34	0
277.74	1
280.63	0
290.22	0
292.63	0
108.83	1
166.80	0
171.68	0
227.20	0
227.38	1
231.88	0
233.77	0
234.91	0
221.58	0
238.54	0
248.36	1
250.36	0
254.83	0
258.36	1
264.89	0
268.28	0
205.35	0
212.54	0
215.46	1
217.55	0
224.95	0
228.39	0
228.60	0
229.04	0
77.64	0
223.99	0
233.36	0
277.02	0
290.82	1
312.06	0
325.30	0
329.00	0
294.05	0
313.91	0
337.31	0
351.09	0
351.94	0
351.97	0
366.77	0
369.18	0
260.00	0
275.42	0
281.46	0
284.04	0
286.39	0
290.61	0
293.62	0
294.78	0
230.69	0
234.74	0
243.17	0
251.27	0
251.50	0
255.39	0
257.58	0
257.85	0
157.02	1
157.44	1
160.91	0
164.81	0
166.65	1
167.65	0
169.50	1
171.27	1
192.59	0
198.63	0
203.58	0
218.79	0
236.06	0
238.77	0
241.44	0
244.03	0
172.58	1
182.90	1
218.74	0
219.84	0
240.75	0
241.75	0
256.44	0
263.48	0
154.45	0
179.06	0
191.48	0
205.28	0
217.13	0
218.31	0
220.12	0
223.51	0
167.67	0
193.87	0
198.14	0
204.26	0
206.21	0
207.42	0
207.50	0
208.63	0
179.65	0
185.02	0
185.61	1
188.65	1
189.99	0
195.37	0
195.88	0
198.36	1
213.03	0
243.61	0
268.80	0
273.09	0
273.51	0
275.13	0
278.08	0
281.00	0
183.35	0
205.34	0
210.26	0
211.66	0
236.16	0
236.65	0
251.84	0
257.91	0
258.87	0
267.21	0
280.06	0
283.95	0
285.11	0
287.74	0
292.15	0
294.36	0
168.76	0
216.89	0
237.49	0
240.95	0
243.67	0
245.71	0
250.96	0
252.12	0
260.17	0
262.37	0
263.05	0
264.27	0
264.79	0
265.52	0
265.54	0
271.60	0
190.80	0
192.50	0
198.38	0
199.27	0
203.17	0
205.69	0
206.55	0
207.26	0
271.60	0
275.54	0
277.82	0
277.92	0
278.15	0
278.79	0
279.25	0
279.47	0
264.64	0
266.29	0
269.13	0
272.07	0
272.70	0
273.42	0
274.38	0
274.68	0
217.45	0
249.86	0
249.99	0
265.06	0
268.52	0
277.44	0
279.39	0
282.98	0
90.82	1
98.45	1
109.37	1
113.82	0
115.23	1
115.31	0
116.52	1
121.22	0
51.74	1
57.13	1
57.93	0
63.48	1
66.77	0
67.59	0
68.30	1
71.25	1
66.16	1
134.08	0
152.45	1
153.43	0
159.56	0
160.78	1
170.74	0
176.60	1
15.18	1
63.37	1
69.78	0
95.24	1
101.31	1
124.62	0
128.21	0
130.61	0
6.72	1
13.27	1
15.03	1
16.06	1
33.79	1
159.43	0
164.93	0
165.35	0
139.65	0
158.76	0
169.19	0
169.93	0
171.49	0
176.17	0
176.81	0
179.53	0
156.18	0
163.62	0
178.46	0
179.76	0
182.94	0
184.63	0
184.77	0
185.54	0
236.67	1
254.72	0
255.43	0
261.71	0
266.46	1
267.91	0
269.64	0
277.24	0
257.04	0
265.10	1
269.54	0
285.18	0
285.44	0
285.69	0
287.39	0
288.71	0
296.92	0
298.03	0
298.79	0
299.70	0
301.55	0
302.36	0
303.38	0
303.54	0
97.28	1
207.14	0
215.89	0
218.41	0
221.32	0
221.94	0
223.01	0
223.66	0
208.98	0
214.01	0
227.66	0
231.52	0
235.36	0
236.10	0
237.32	0
239.06	0
222.09	1
224.91	0
233.54	0
233.80	0
241.54	0
244.64	0
248.59	0
248.85	0
261.76	0
270.51	0
271.46	0
276.56	0
277.12	0
280.82	0
281.66	0
284.48	0
103.66	0
114.42	0
130.32	0
137.73	0
139.07	0
140.86	0
141.24	0
143.51	0
119.13	0
124.88	0
127.05	1
130.91	1
137.96	0
139.23	1
143.06	0
146.49	0
227.51	0
244.20	0
260.94	0
261.49	0
263.65	0
273.70	0
276.12	0
276.39	0
157.60	0
158.47	0
159.84	0
160.54	0
162.39	0
162.45	0
164.96	0
166.36	0
80.95	0
120.43	0
120.55	0
121.19	0
122.73	0
124.90	0
126.97	0
128.28	0
193.96	0
198.72	0
199.74	0
204.43	0
205.68	0
217.20	0
219.51	0
227.07	0
244.74	0
281.05	0
297.86	0
298.36	0
298.75	0
303.08	0
310.18	0
314.50	0
169.99	0
186.40	0
186.94	0
203.63	0
209.29	0
214.59	0
215.34	0
215.92	0
16.76	1
19.91	1
21.19	1
29.91	1
40.37	1
45.55	1
115.28	0
167.44	1
146.21	1
151.98	0
156.20	0
170.27	0
192.60	0
219.69	0
221.45	1
222.22	0
57.06	1
59.22	1
148.24	0
176.32	0
182.41	0
183.47	0
184.35	0
185.08	0
184.62	0
202.21	0
213.54	0
213.72	0
215.74	0
222.49	0
227.97	0
233.92	0
109.75	1
143.99	0
198.47	0
246.45	0
247.71	0
250.05	0
250.23	0
250.69	0
111.19	0
125.18	0
205.05	0
244.77	0
245.49	0
246.15	0
247.79	0
248.30	0
192.18	0
249.78	0
253.83	0
258.61	0
261.46	0
263.15	0
263.97	0
265.23	0
96.71	0
101.76	0
105.87	0
106.41	0
114.82	0
115.64	0
116.46	0
118.75	0
152.20	0
191.28	0
195.47	0
196.20	0
197.37	0
198.38	0
201.15	0
202.47	0
230.98	0
240.35	0
243.84	0
245.66	0
248.75	0
249.31	0
249.40	0
253.99	0
63.32	0
66.71	1
67.19	1
70.19	1
73.04	1
86.20	1
86.93	1
89.17	1
2.81	1
2.83	1
2.92	1
4.80	1
5.50	1
5.70	1
6.24	1
8.08	1
147.59	0
169.39	0
180.23	0
187.22	0
194.25	0
195.24	0
206.90	0
208.86	0
83.19	0
84.19	0
84.63	1
89.01	0
96.31	0
97.43	0
99.06	0
100.86	0
149.11	1
169.42	0
196.77	1
205.57	0
211.48	0
219.79	0
222.93	1
227.66	0
92.66	0
161.88	0
192.78	0
224.24	0
230.82	0
234.25	0
239.75	0
240.34	0
66.47	1
69.32	1
78.17	1
85.29	1
87.23	1
94.08	1
94.45	1
97.40	1
82.56	1
99.38	0
126.52	0
134.61	1
156.76	1
157.28	0
168.48	0
171.86	0
45.68	0
106.75	0
133.54	0
158.07	0
162.77	0
164.58	0
164.63	0
166.31	0
96.78	1
100.22	1
145.28	0
148.44	0
148.74	0
150.01	0
152.45	0
152.52	0
92.72	1
117.06	1
123.74	1
134.21	0
134.48	0
134.90	0
137.25	0
139.48	1
75.57	1
76.49	1
90.41	0
98.87	0
105.04	0
123.10	1
126.94	0
131.17	0
14.10	1
23.64	1
58.97	1
68.58	0
86.44	1
102.91	1
111.85	0
117.06	0
5.92	1
7.25	1
10.45	1
14.41	1
16.61	1
34.45	1
158.13	0
164.67	0
37.96	0
134.50	1
160.67	0
176.88	0
193.03	0
217.38	0
217.50	0
218.00	0
92.95	0
115.54	1
129.81	0
131.01	0
159.58	0
169.53	0
171.66	0
185.12	1
141.58	1
150.05	1
170.17	0
177.40	0
207.44	1
209.14	1
211.55	0
211.86	1
166.16	0
173.69	0
180.78	0
181.34	0
192.12	0
194.81	0
197.74	0
201.76	0
81.94	1
99.82	1
115.32	1
127.68	1
135.18	1
136.51	1
140.16	1
140.24	0
26.08	1
83.41	1
98.15	0
105.61	1
113.07	1
167.36	0
181.29	0
214.82	0
17.16	1
20.85	1
26.41	1
36.10	1
46.69	1
329.70	0
330.01	0
333.11	0
4.81	1
5.73	1
5.89	1
7.61	1
10.98	1
28.11	1
123.78	0
137.03	0
5.97	1
10.67	1
11.39	1
15.00	1
15.35	1
26.09	1
193.19	0
202.35	0
2.88	1
3.52	1
4.37	1
5.67	1
5.95	1
6.31	1
123.50	0
128.35	0
163.53	0
173.56	0
183.81	0
185.02	0
186.11	0
187.14	0
187.18	0
187.66	0
354.53	0
354.95	0
356.65	0
358.44	0
358.58	0
359.40	0
359.48	0
362.96	0
153.43	0
170.05	1
174.14	0
180.82	0
181.94	0
183.94	0
185.75	0
185.92	0
134.27	0
143.35	0
155.87	0
193.36	0
202.08	0
204.09	0
204.71	0
210.08	0
88.55	0
113.13	0
116.61	0
132.26	0
134.63	0
135.09	0
144.75	0
149.11	0
95.31	0
105.82	0
178.21	1
184.53	1
213.04	1
236.48	0
306.76	0
308.82	0
152.88	0
190.28	0
241.20	0
245.76	0
285.41	0
285.97	0
291.60	0
316.57	0
45.29	1
50.49	1
50.89	1
58.94	1
65.67	1
66.32	1
79.04	1
83.08	1
58.36	1
75.52	0
134.36	0
232.06	0
245.32	0
260.13	0
261.27	0
276.77	0
8.92	1
11.46	1
135.14	1
228.67	0
228.83	0
229.75	0
230.26	0
231.08	0
19.47	1
25.09	1
452.64	0
459.73	0
505.25	0
505.37	0
507.17	0
515.83	0
10.77	1
96.04	1
234.23	0
248.12	0
251.58	0
252.69	0
255.47	0
256.99	0
3.00	1
5.42	1
142.86	0
143.91	0
152.29	0
153.80	0
156.50	0
158.63	0
1.38	1
3.09	1
105.22	0
106.11	0
106.21	0
106.55	0
107.78	0
108.14	0
6.23	1
14.00	1
44.12	1
47.02	1
93.21	1
174.72	0
177.85	0
193.28	0
36.70	1
39.92	1
44.30	0
44.61	1
48.27	1
55.45	1
57.11	1
58.00	0
1.90	1
1.94	1
1.97	1
2.00	1
3.34	1
3.64	1
4.31	1
4.34	1
82.87	0
123.52	0
126.28	0
129.91	0
149.04	0
161.40	0
166.19	0
170.38	0
127.32	0
132.22	0
133.20	0
145.59	0
151.08	0
154.88	0
167.03	0
168.10	0
23.62	1
24.03	1
89.46	0
90.59	0
95.14	0
95.43	0
98.37	0
100.50	0
51.95	1
55.66	1
65.50	1
67.42	1
96.19	0
96.87	1
105.90	0
112.20	0
65.17	1
96.61	0
108.68	1
108.76	1
114.27	1
121.97	0
124.24	0
132.56	1
114.26	1
145.47	0
146.25	1
165.49	1
166.74	0
169.38	0
172.61	1
172.64	0
76.89	1
83.69	1
90.88	1
94.35	1
108.65	1
137.03	0
141.14	0
159.20	0
7.79	1
8.42	1
8.62	1
8.73	1
9.74	1
10.88	1
34.70	1
166.09	0
112.37	0
123.52	0
182.06	0
188.52	0
196.74	0
215.55	0
217.64	1
220.77	0
187.40	0
190.74	0
192.27	0
210.94	0
211.10	0
212.87	0
214.42	0
217.21	0
141.74	0
228.34	0
231.55	0
233.59	0
242.43	0
249.46	1
254.93	0
255.22	0
111.30	1
139.55	1
148.23	0
152.45	1
163.31	0
166.36	1
168.43	0
171.70	0
125.48	0
132.27	1
137.46	1
137.55	1
167.24	0
180.14	0
212.31	0
214.29	0
153.12	0
166.25	1
166.86	0
173.64	0
174.08	0
174.48	0
180.74	0
181.38	0
56.54	1
58.04	1
67.57	0
70.05	0
81.67	0
83.28	0
87.49	0
88.87	0
86.21	1
133.94	0
255.10	0
276.11	1
285.97	0
296.75	1
300.69	1
304.86	1
57.25	0
183.10	0
258.84	0
285.68	0
336.49	0
372.69	0
374.44	0
389.94	0
79.63	1
256.10	1
385.06	0
441.77	1
442.40	0
442.51	0
460.60	0
465.54	0
40.74	1
97.99	1
341.57	0
347.93	0
352.43	0
353.81	0
356.69	0
356.69	0
244.01	0
257.29	0
283.79	0
284.45	1
286.63	1
286.87	1
286.94	1
290.89	0
86.00	1
115.47	0
179.10	0
186.10	0
196.39	0
213.85	0
227.33	0
227.70	0
187.76	1
211.64	0
218.14	0
220.06	0
221.92	0
228.01	0
228.72	0
228.98	0
167.03	0
263.16	0
276.93	0
277.51	0
297.95	0
306.54	0
306.75	0
307.26	0
163.30	0
164.91	0
165.61	0
166.82	0
167.22	0
168.28	0
168.41	0
168.73	0
94.72	1
112.73	1
118.14	1
125.74	1
129.70	1
135.95	1
138.70	1
147.11	1
252.08	1
252.51	0
260.63	0
262.31	0
282.63	0
283.16	1
284.08	0
287.41	1
276.61	0
286.70	1
296.30	0
302.64	0
309.63	0
328.12	0
329.92	0
331.78	0
48.63	1
119.62	1
131.37	0
167.89	0
177.59	0
183.08	0
194.84	0
195.45	0
99.51	0
137.38	0
145.71	0
147.80	0
150.61	0
151.44	0
153.58	0
154.59	0
217.40	1
240.37	1
240.75	1
252.20	0
256.04	1
256.88	1
256.88	0
269.98	0
250.95	1
299.99	0
312.53	0
343.45	0
363.54	0
368.22	0
371.18	0
372.08	0
94.12	1
303.56	0
306.87	0
308.21	0
308.74	0
309.06	0
310.64	0
310.71	0
111.13	0
191.41	0
232.41	0
232.64	0
233.88	0
234.98	0
237.88	0
240.32	0
83.87	1
87.87	0
116.47	0
117.64	0
120.00	0
120.51	0
121.78	0
123.22	0
81.33	0
86.73	1
91.88	1
94.02	1
94.68	1
96.34	1
100.85	1
101.92	1
2.54	1
2.79	1
2.85	1
3.25	1
3.71	1
4.03	1
5.77	1
6.12	1
150.47	0
189.37	1
200.50	0
202.90	0
203.39	0
204.61	0
208.04	1
208.27	0
235.66	0
247.39	0
248.52	0
248.76	0
249.92	0
250.10	0
251.27	0
254.72	0
51.75	1
53.28	1
64.26	1
66.77	1
67.06	1
67.37	1
75.44	1
77.90	1
312.20	0
314.85	0
315.17	0
321.30	0
327.55	0
329.83	0
330.04	0
331.84	0
269.26	0
279.04	0
279.46	0
279.50	0
279.83	0
281.76	0
283.00	0
283.69	0
193.24	0
206.07	0
207.41	0
214.30	0
214.54	0
218.25	0
223.17	0
224.36	0
145.82	1
158.96	1
160.74	0
161.64	0
162.36	0
166.52	0
168.72	0
170.87	0
243.35	0
276.49	0
280.77	0
285.01	0
285.54	0
285.58	0
287.63	0
291.32	0
105.60	0
106.16	0
108.59	0
109.58	0
117.49	1
119.65	0
122.31	0
128.59	0
179.83	0
198.58	0
208.66	0
219.41	0
220.02	0
222.21	0
222.31	0
222.55	0
99.83	0
104.01	0
113.34	0
119.96	0
121.27	0
123.12	0
123.28	0
123.31	0
132.43	0
133.48	0
134.25	0
134.69	0
135.05	0
136.30	0
138.54	0
140.66	0
63.47	0
64.83	1
72.92	1
77.35	1
78.94	1
88.49	1
90.92	1
93.03	1
2.47	1
3.01	1
3.23	1
3.43	1
3.62	1
3.64	1
3.85	1
4.03	1
92.34	1
119.63	0
185.87	0
218.42	1
220.79	0
223.31	0
229.91	0
230.28	0
252.89	0
262.22	0
268.00	0
268.94	0
280.11	0
283.71	0
289.80	0
291.79	0
204.54	0
208.76	0
209.04	0
209.93	0
211.31	0
211.79	0
212.18	0
212.86	0
123.23	0
127.32	0
130.59	0
131.07	0
131.48	0
133.96	0
137.49	0
137.54	0
160.94	0
173.30	0
180.75	0
187.66	0
195.42	0
205.69	0
206.80	0
209.09	0
81.60	0
253.51	1
254.34	0
277.12	0
284.94	0
295.57	0
296.70	0
308.84	0
55.90	1
114.65	0
117.07	0
117.96	1
119.21	0
129.06	0
149.66	0
150.68	0
34.24	1
191.38	0
204.55	0
216.35	0
229.28	0
229.60	0
238.11	0
239.74	0
3.67	1
98.11	0
105.76	0
113.42	0
118.09	0
120.81	0
120.95	0
121.09	0
79.89	0
89.47	0
109.75	0
115.54	0
116.79	0
118.92	0
119.55	0
119.71	0
59.03	1
67.73	1
79.47	1
84.12	0
93.44	0
93.96	1
94.73	0
95.81	0
238.09	1
246.59	0
249.39	1
256.30	0
258.77	0
263.91	1
269.89	1
271.24	1
245.51	0
251.51	0
261.80	0
263.46	0
265.55	0
266.20	0
272.16	0
272.50	0
223.15	0
223.66	0
224.30	0
224.94	0
224.98	0
228.00	0
228.93	0
230.39	0
200.13	0
201.61	0
201.97	0
203.13	0
204.06	0
204.10	0
204.93	0
205.33	0
190.39	0
192.67	0
193.68	0
193.69	0
194.58	0
195.44	0
196.27	0
199.12	0
153.39	0
185.25	1
209.59	0
231.93	0
232.43	0
233.88	0
235.08	0
235.16	0
72.06	1
192.02	0
219.89	0
224.07	0
244.90	0
245.14	0
246.48	0
248.01	0
5.34	1
102.09	0
107.82	0
113.50	0
120.41	0
123.00	0
123.30	0
124.11	0
128.09	0
136.72	0
140.98	0
141.97	0
143.22	0
145.32	0
145.94	0
146.09	0
70.09	1
74.82	0
75.25	0
78.26	1
90.95	1
94.74	1
96.38	1
98.50	0
201.03	1
201.76	1
203.78	0
210.65	1
212.98	1
215.62	0
216.18	0
221.71	1
209.49	0
237.17	0
242.78	0
257.38	0
258.03	0
260.36	0
267.62	0
283.83	0
133.76	1
137.41	0
138.34	1
140.71	1
141.60	0
149.12	1
149.99	1
151.51	0
172.34	1
210.81	1
215.32	1
224.01	0
232.45	0
247.16	0
251.90	1
257.21	1
149.77	1
170.22	0
175.01	0
194.56	0
201.26	1
210.89	0
222.24	0
224.40	0
78.47	1
92.87	1
176.32	0
203.51	0
221.60	0
227.35	0
235.89	0
242.44	0
60.27	1
79.66	0
139.75	0
161.86	0
178.93	0
179.85	0
180.09	0
180.87	0
147.59	0
148.45	1
168.12	0
169.18	0
171.54	0
173.50	0
174.12	0
176.58	0
86.40	1
198.93	0
235.56	0
239.42	0
253.65	0
254.45	0
254.94	0
255.53	0
5.26	1
101.96	0
106.17	0
113.69	0
119.85	0
122.70	0
123.39	0
123.97	0
142.33	0
156.59	0
157.62	0
158.06	0
158.13	0
159.21	0
159.68	0
162.35	0
53.04	1
57.41	0
60.34	1
60.88	1
61.81	1
67.06	1
75.52	1
77.58	1
2.33	1
3.47	1
3.64	1
3.91	1
4.22	1
4.93	1
5.17	1
5.25	1
113.46	0
118.95	1
130.04	0
137.36	1
138.25	1
152.80	0
152.98	1
154.12	1
207.38	0
209.99	0
214.86	0
215.75	0
217.40	0
218.10	0
218.62	0
220.26	0
223.49	0
253.43	0
273.34	0
276.48	0
277.20	0
277.34	0
277.63	0
277.74	0
109.81	1
124.92	0
125.51	1
135.28	1
141.57	0
143.82	0
151.61	0
155.55	0
203.03	0
215.53	0
223.08	0
224.40	0
228.38	0
236.05	0
236.42	0
238.56	0
61.93	0
76.08	0
81.44	0
86.19	0
90.31	0
92.32	0
95.40	0
111.68	0
100.45	1
110.51	1
118.64	1
135.90	1
149.27	0
149.56	0
151.82	1
158.56	0
194.60	0
202.47	0
211.04	0
211.79	0
213.17	0
213.48	0
213.49	0
215.13	0
70.00	0
87.66	1
92.85	0
104.62	0
105.92	1
111.64	0
112.18	0
117.86	1
65.78	1
99.13	1
105.90	1
106.07	1
107.51	0
107.82	1
107.99	0
108.89	0
107.24	1
112.97	0
114.11	0
114.84	0
115.40	0
115.97	0
116.01	0
116.77	0
71.50	0
99.26	0
100.89	0
102.23	0
102.29	0
106.42	0
106.45	0
106.88	0
56.19	1
68.80	1
92.95	0
97.15	0
99.86	0
101.93	0
102.84	1
103.32	0
87.95	0
91.20	0
91.49	0
94.37	0
95.81	0
124.94	0
130.63	0
134.50	0
5.19	1
9.45	1
58.77	1
87.62	0
89.34	0
103.16	0
103.51	0
103.69	0
26.16	1
39.94	1
48.36	1
50.44	1
52.13	1
68.89	0
88.49	0
90.61	1
12.24	1
20.75	1
22.98	1
24.85	1
24.90	0
31.31	1
33.56	1
34.07	1
1.26	1
1.41	1
1.63	1
1.79	1
1.97	1
2.37	1
2.38	1
2.48	1
1360.55	0
1372.19	0
1380.85	0
1383.90	0
1384.25	0
1386.12	0
1388.94	0
1389.15	0
223.97	0
233.41	0
235.26	0
237.53	0
238.11	0
240.13	0
241.84	0
241.87	0
230.35	0
238.08	0
250.88	0
257.81	0
261.99	0
263.47	0
264.70	0
278.69	0
58.56	1
65.89	1
73.09	0
77.83	0
79.07	0
81.31	0
83.37	0
83.75	0
173.55	0
180.28	1
188.21	1
194.54	0
196.51	0
196.81	0
197.36	0
204.22	0
134.41	0
153.03	0
154.97	0
155.88	0
166.31	0
169.67	1
174.16	0
174.98	0
176.22	1
178.74	0
185.86	0
192.21	0
193.79	0
197.78	0
198.08	0
199.26	0
66.93	1
95.65	1
102.26	0
114.07	0
128.53	0
133.23	0
133.66	1
135.09	0
102.69	0
113.74	0
122.05	0
125.96	0
129.90	0
131.37	0
134.57	0
134.69	0
204.46	0
205.04	0
210.04	0
211.02	0
211.65	0
212.14	0
212.81	0
213.19	0
66.46	1
81.22	1
82.86	1
88.53	1
93.75	0
93.82	0
96.96	0
103.06	0
174.54	0
199.43	0
201.51	0
202.99	0
203.86	0
204.05	0
207.08	0
207.66	0
180.49	0
196.30	0
221.62	0
223.51	0
224.57	0
225.38	0
225.87	0
227.68	0
297.70	0
301.35	0
301.91	0
302.85	0
303.11	0
303.33	0
303.69	0
305.47	0
121.53	0
123.79	0
125.76	0
130.80	0
165.49	0
177.61	0
193.93	0
194.03	0
205.76	0
239.05	0
249.14	0
250.69	0
253.32	0
254.07	0
260.22	0
262.36	0
190.44	0
194.28	0
196.58	0
200.11	0
206.59	0
206.87	0
210.11	0
212.09	0
132.67	1
133.86	1
135.17	1
136.42	1
141.23	0
147.27	1
147.97	0
147.99	1
202.71	1
204.11	0
206.18	1
213.02	0
216.93	1
229.58	0
229.77	0
229.97	0
9.22	1
9.51	1
12.19	1
13.08	1
14.44	1
14.95	1
15.70	1
33.81	1
159.73	1
233.71	0
253.37	0
254.89	0
254.98	0
255.06	0
255.59	0
255.82	0
171.97	0
186.48	0
196.69	0
200.41	0
202.85	0
203.81	0
204.44	0
204.91	0
80.24	1
96.57	0
97.93	0
104.04	0
140.63	0
150.06	0
150.35	0
151.66	0
24.72	1
42.78	1
42.87	1
97.68	0
98.34	0
101.12	0
102.38	0
102.69	0
28.98	1
30.33	1
33.43	1
35.90	1
41.67	1
42.17	1
73.89	1
83.56	0
24.00	1
35.69	1
40.93	1
41.19	1
41.66	1
45.99	1
47.07	1
48.08	1
28.97	1
32.81	1
33.72	1
34.72	1
35.11	1
35.32	1
35.42	1
35.46	1
187.05	1
195.34	1
195.70	0
213.84	1
219.71	1
223.09	0
231.75	1
231.89	1
210.63	0
223.91	0
231.34	0
243.37	0
244.78	0
246.79	1
249.60	0
251.69	0
36.71	1
115.56	0
115.96	0
116.82	0
118.15	0
120.01	0
120.40	0
121.71	0
205.00	0
207.87	0
209.38	0
209.67	0
210.47	0
212.01	0
214.18	0
214.32	0
184.66	0
195.25	0
202.39	0
206.02	0
206.52	0
207.07	0
207.16	0
208.56	0
130.81	0
131.43	0
134.66	0
137.35	0
137.87	0
138.73	0
139.45	0
141.97	0
177.57	0
179.77	0
187.73	0
194.94	0
195.80	0
195.81	0
196.19	0
197.80	0
143.04	0
144.11	0
145.00	0
145.83	0
146.47	0
147.12	0
147.42	0
148.06	0
191.03	0
193.26	0
195.37	0
195.55	0
198.03	0
199.49	0
200.19	0
200.90	0
150.46	1
181.09	0
181.39	0
187.15	0
195.39	1
196.43	0
203.42	0
204.60	0
252.03	0
279.52	0
281.72	0
285.90	0
293.57	0
296.01	0
296.29	0
296.50	0
274.98	1
279.43	0
288.73	0
289.88	1
292.88	0
294.49	1
295.10	0
297.86	0
257.48	1
269.71	0
270.40	0
273.92	0
274.94	0
276.18	0
277.58	0
278.05	0
357.01	0
360.03	0
364.63	0
364.66	0
365.49	0
367.04	0
367.27	0
367.79	0
289.05	0
289.93	0
290.74	0
291.20	0
291.50	0
292.20	0
292.62	0
294.10	0
296.86	1
331.39	0
335.73	0
337.65	0
341.03	0
341.66	0
341.67	0
343.92	0
44.05	1
52.53	1
55.82	1
56.55	1
59.35	0
61.32	1
67.36	1
71.15	1
2.05	1
2.96	1
4.06	1
4.62	1
4.68	1
4.94	1
5.39	1
6.18	1
34.96	0
35.63	0
36.49	0
37.30	0
37.43	0
37.85	0
37.88	0
38.01	0
169.71	1
173.12	1
177.96	1
181.37	1
182.96	0
184.94	0
186.21	0
186.53	0
156.12	0
158.02	0
161.08	0
163.77	0
165.59	1
174.64	0
175.46	0
178.03	0
116.00	1
121.33	1
123.21	1
126.94	1
127.09	1
128.26	1
129.75	1
129.97	1
80.04	0
85.12	0
91.19	0
91.71	0
91.86	0
92.44	0
92.48	0
93.11	0
185.46	0
190.88	1
194.02	0
194.45	0
201.43	0
209.62	0
210.27	0
217.14	0
26.10	1
155.26	0
155.33	0
155.68	0
156.14	0
157.07	0
157.94	0
159.71	0
32.10	1
124.34	0
127.08	0
127.63	0
127.90	0
130.06	0
130.80	0
131.07	0
136.52	1
137.24	0
139.81	1
143.45	1
145.95	1
149.38	0
152.64	0
156.45	0
76.90	0
88.01	1
90.34	1
98.90	1
104.31	1
108.82	1
115.63	1
116.34	1
