80.53	0
221.82	0
231.98	0
245.39	0
248.18	0
250.49	0
251.44	0
270.19	0
62.14	1
232.45	0
275.81	0
280.56	0
294.60	0
296.44	0
297.26	0
300.03	0
4.28	1
458.25	0
475.77	0
480.24	0
480.92	0
482.04	0
492.18	0
493.89	0
5.52	1
482.10	0
496.09	0
534.65	0
541.14	0
554.48	0
569.08	0
578.14	0
4.50	1
311.00	0
343.13	0
354.43	0
354.48	0
385.41	0
416.68	0
453.38	0
2.77	1
164.33	1
311.90	0
347.13	0
357.02	0
365.17	0
461.22	0
464.25	0
2.30	1
70.80	1
309.69	0
322.83	0
335.43	0
370.54	0
376.72	0
394.07	0
1.49	1
100.57	0
116.82	1
165.91	0
196.07	0
201.09	0
242.39	0
260.15	0
0.76	1
94.77	0
272.37	0
294.97	0
310.07	0
332.57	0
345.91	0
352.90	0
1.33	1
251.47	0
323.10	0
331.27	0
351.61	0
354.67	0
360.09	0
362.72	0
1.70	1
373.21	0
488.76	0
497.48	0
562.70	0
596.47	0
611.64	0
612.48	0
1.60	1
572.90	0
578.67	0
582.87	0
623.48	0
629.53	0
636.15	0
642.69	0
2.46	1
688.24	0
707.64	0
711.79	0
751.87	0
772.67	0
803.19	0
809.28	0
1.01	1
374.99	0
387.03	0
393.12	0
393.28	0
402.16	0
432.50	0
450.27	0
0.57	1
179.42	1
306.83	0
341.53	0
355.22	0
388.86	0
399.99	0
403.06	0
0.60	1
67.79	1
306.33	0
356.83	0
365.23	0
375.69	0
375.74	0
380.65	0
3.21	1
204.01	0
211.09	0
216.41	0
263.75	0
266.29	0
278.50	0
282.55	0
2.64	1
528.81	0
536.44	0
547.22	0
555.27	0
573.66	0
577.67	0
588.87	0
0.85	1
368.65	0
382.47	0
386.77	0
397.70	0
415.99	0
422.44	0
426.48	0
1.60	1
264.41	0
298.67	0
317.91	0
319.96	0
354.07	0
355.02	0
356.30	0
1.96	1
381.01	0
550.07	0
604.86	0
610.68	0
612.09	0
612.66	0
613.19	0
1.78	1
677.24	0
681.88	0
696.00	0
705.40	0
719.80	0
726.62	0
750.99	0
0.68	1
161.08	0
166.70	0
195.88	0
219.18	0
238.36	0
249.09	1
254.56	0
0.76	1
107.91	0
206.11	1
216.24	0
235.18	0
235.80	0
236.64	0
247.69	1
0.83	1
109.40	0
217.62	0
235.67	0
240.22	0
271.54	0
283.96	0
286.42	0
1.37	1
489.99	0
529.05	0
534.56	0
543.41	0
548.53	0
565.33	0
578.93	0
1.03	1
431.62	1
520.49	0
536.08	0
547.13	0
554.88	0
556.29	0
565.42	0
0.34	1
94.77	0
186.06	0
196.92	0
197.02	0
217.61	0
235.84	0
239.47	0
0.88	1
244.91	0
251.70	0
277.88	0
280.10	0
332.36	0
343.29	0
343.43	0
2.12	1
790.16	0
826.44	0
829.17	0
829.39	0
845.38	0
853.81	0
861.10	0
1.07	1
537.79	0
568.29	0
569.47	0
581.33	0
592.90	0
604.38	0
604.42	0
0.56	1
255.49	0
296.34	1
376.93	0
378.22	0
406.54	0
411.13	0
416.63	0
0.96	1
376.67	0
378.72	0
496.39	0
514.29	0
569.59	0
575.42	0
580.58	0
0.86	1
367.60	0
372.52	0
372.81	0
386.41	0
390.94	0
392.24	0
399.27	0
0.70	1
195.45	0
222.47	0
236.48	0
250.10	0
263.74	0
266.25	0
279.04	0
0.83	1
388.62	1
464.10	0
479.69	0
479.73	0
481.11	0
486.26	0
487.63	0
0.47	1
121.41	1
161.59	0
186.93	0
206.79	0
211.79	0
225.07	0
249.96	0
0.65	1
94.87	0
291.38	0
315.84	0
332.16	0
355.48	0
371.16	0
388.11	0
1.09	1
79.34	0
202.46	1
238.30	1
250.35	0
267.27	0
273.51	0
283.80	0
1.36	1
77.99	0
178.21	0
254.13	1
264.61	0
281.27	0
289.73	0
295.80	0
2.40	1
54.43	0
517.00	0
526.77	0
568.96	0
572.12	0
572.50	0
574.91	0
2.53	1
719.26	0
790.07	0
852.91	0
882.87	0
884.02	0
887.86	0
898.14	0
1.57	1
510.85	0
539.13	0
555.05	0
607.88	0
622.09	0
630.79	0
653.35	0
4.31	1
433.55	0
512.73	0
528.39	0
570.58	0
574.28	0
579.01	0
598.44	0
3.29	1
143.93	0
186.43	0
229.62	0
241.06	0
251.56	0
253.01	0
280.38	0
2.81	1
553.42	0
566.51	0
573.55	0
578.63	0
594.18	0
604.13	0
611.72	0
2.95	1
641.70	0
679.30	0
692.03	0
703.94	0
718.09	0
723.56	0
724.15	0
0.89	1
507.89	0
647.28	0
650.32	0
650.85	0
656.03	0
658.71	0
661.80	0
0.59	1
260.39	0
360.06	0
388.49	0
404.93	0
412.06	0
412.28	0
415.40	0
1.51	1
145.75	0
146.17	0
204.62	0
211.69	0
250.17	1
258.06	0
258.42	0
1.51	1
75.02	0
152.69	0
225.65	0
229.06	0
266.84	0
271.89	0
276.68	0
2.93	0
268.79	0
290.13	0
290.90	0
291.13	0
293.31	0
310.04	0
310.54	0
715.53	0
725.44	0
733.98	0
734.32	0
735.43	0
738.38	0
739.08	0
742.85	0
626.98	0
634.61	0
758.92	0
774.82	0
785.01	0
786.69	0
787.90	0
805.27	0
508.36	0
635.47	0
638.51	0
648.72	0
651.06	0
656.24	1
663.48	0
672.45	0
731.85	0
772.52	0
793.75	0
820.79	0
833.60	0
840.05	0
840.41	0
846.57	0
38.80	0
97.00	1
170.53	0
213.96	0
227.07	0
231.36	0
247.71	0
248.36	0
20.39	0
58.84	1
148.69	0
199.65	0
236.90	1
266.52	0
272.56	1
280.06	0
14.81	1
124.14	0
131.93	0
218.96	0
242.08	0
247.99	0
264.39	1
274.38	0
2.38	1
65.84	0
452.52	0
459.06	0
464.80	0
477.48	0
479.04	0
479.94	0
12.22	1
663.93	0
750.27	0
806.99	0
823.03	0
878.28	0
886.79	0
888.77	0
6.38	1
171.54	0
182.91	0
226.07	0
271.65	0
289.04	0
323.64	0
343.69	0
4.50	1
414.97	0
488.37	0
495.53	0
508.77	0
513.73	0
521.34	0
522.04	0
4.10	1
413.80	0
417.97	0
422.77	0
424.61	0
463.50	0
472.83	0
495.16	0
4.20	1
48.67	1
155.89	0
198.57	0
199.67	0
224.28	0
224.48	0
240.00	0
258.67	0
266.65	0
292.34	0
293.32	0
311.07	0
314.36	0
327.98	0
329.09	0
256.58	0
261.18	0
278.75	0
282.47	0
290.90	0
291.35	0
291.53	0
292.08	0
275.03	0
287.38	0
289.30	0
290.02	0
310.40	0
311.14	0
311.78	0
312.59	0
239.09	0
262.82	0
263.62	0
264.15	0
264.27	0
267.31	0
267.60	0
269.21	0
247.96	0
260.96	0
262.72	0
273.73	0
277.46	0
286.20	0
286.23	0
286.24	0
309.51	0
322.38	0
323.97	0
323.98	0
325.64	0
334.54	0
347.06	0
348.49	0
210.35	0
227.78	0
228.19	0
237.11	0
239.08	0
240.27	0
250.90	0
253.49	0
130.58	0
149.67	0
151.27	0
247.49	0
268.29	0
269.50	0
282.23	0
282.46	0
31.27	1
70.42	1
71.41	1
211.14	0
254.75	0
254.90	0
260.51	0
265.62	0
180.36	1
252.90	0
267.83	0
287.72	0
290.66	0
292.45	0
296.84	0
306.95	0
404.86	0
461.99	0
466.72	0
481.78	0
490.90	0
492.36	0
498.77	0
529.29	0
527.08	0
533.99	0
539.53	0
543.31	0
543.90	0
545.41	0
547.46	0
550.13	0
328.52	1
336.23	0
378.66	0
388.49	0
428.59	0
431.87	0
434.64	0
438.07	0
149.78	0
213.89	0
255.48	0
293.28	0
299.77	0
312.06	0
322.76	0
362.11	0
140.85	0
183.33	0
185.93	0
186.22	0
190.03	0
207.49	0
231.46	0
238.46	0
141.87	0
200.62	0
203.78	0
205.09	0
233.43	0
239.29	0
244.06	0
259.64	0
286.10	0
309.23	0
312.00	0
331.29	0
338.26	0
349.59	0
352.39	0
378.44	0
201.13	0
205.75	0
224.73	0
230.23	0
232.97	0
253.40	0
265.07	0
290.19	0
175.75	0
228.44	0
253.38	0
275.28	0
286.65	0
288.45	0
299.07	0
321.08	0
202.25	0
255.87	0
261.08	0
300.82	0
304.87	0
316.53	0
325.41	0
369.49	0
223.31	0
242.37	0
275.72	0
289.98	0
313.83	0
319.05	0
331.31	0
332.55	0
173.75	0
214.61	0
244.63	0
281.72	0
290.46	0
297.38	0
300.46	0
308.55	0
250.77	0
263.87	1
297.93	0
319.53	0
349.76	0
352.71	0
353.82	0
355.76	0
269.10	0
281.18	0
284.47	0
322.57	0
325.21	0
336.71	0
345.87	0
350.49	0
274.13	0
302.50	0
305.07	0
320.44	0
330.33	0
334.97	0
351.27	0
369.80	0
258.12	0
271.49	0
281.49	0
286.83	0
302.93	0
306.62	0
324.49	0
328.59	0
228.02	0
239.46	0
253.04	0
260.72	0
276.49	0
280.19	0
281.59	0
303.57	0
163.09	0
195.91	0
209.31	0
220.43	0
223.08	0
236.44	0
254.15	0
256.84	0
228.75	0
243.75	0
268.48	0
287.15	0
290.13	0
305.95	0
315.76	0
329.54	0
295.45	0
337.21	0
340.69	0
374.14	0
388.56	0
389.50	0
418.86	0
419.76	0
272.75	0
291.10	0
297.84	0
301.35	0
328.68	0
341.23	0
343.11	0
345.76	0
245.22	0
289.64	0
290.47	0
296.77	0
299.38	0
311.66	0
323.58	0
350.09	0
306.26	0
316.98	0
327.65	0
335.95	0
346.35	0
361.85	0
374.84	0
378.32	0
171.06	0
201.16	0
202.55	0
217.49	0
234.83	0
243.27	0
246.76	0
247.58	0
292.62	0
323.11	0
328.31	0
333.28	0
357.87	0
367.04	0
375.74	0
382.40	0
320.30	0
323.54	0
335.06	0
347.95	0
351.82	0
356.47	0
384.51	0
392.81	0
383.25	0
406.69	0
408.86	0
411.76	0
418.30	0
437.44	0
454.14	0
458.75	0
379.80	0
382.34	0
391.60	0
401.53	0
407.57	0
428.26	0
446.96	0
453.32	0
432.60	0
445.72	0
459.29	0
467.66	0
477.25	0
480.41	0
480.80	0
495.46	0
211.32	0
254.21	0
268.64	0
306.14	0
307.16	0
308.93	0
317.57	0
320.84	0
298.42	0
318.90	0
328.21	0
328.62	0
370.21	0
371.44	0
371.63	0
382.76	0
222.95	0
260.99	0
264.39	0
298.25	0
301.90	0
306.19	0
327.21	0
330.00	0
358.35	0
393.51	0
396.49	0
416.69	0
423.05	0
436.55	0
450.46	0
465.36	0
649.10	0
657.52	0
668.69	0
674.23	0
682.68	0
687.33	0
690.13	0
712.21	0
251.48	0
276.15	0
283.86	0
296.29	0
296.30	0
314.83	0
328.63	0
329.01	0
161.97	0
165.61	0
174.17	0
181.23	0
185.33	0
192.19	0
200.34	0
226.20	0
195.85	0
228.54	0
233.64	0
235.23	0
254.78	0
265.93	0
283.39	0
285.65	0
315.01	0
318.45	0
339.57	0
340.49	0
354.00	0
371.50	0
375.53	0
382.09	0
165.03	0
169.31	0
172.65	0
176.05	0
178.45	0
192.45	0
223.13	0
239.42	0
32.75	1
39.07	1
78.05	1
78.61	1
145.23	0
219.81	0
225.20	0
237.61	0
162.03	0
191.08	0
232.32	0
235.53	0
241.16	0
242.42	0
249.21	0
251.37	0
91.73	1
128.77	0
160.71	0
175.47	1
180.28	0
186.29	0
189.43	0
192.33	0
109.82	0
132.89	0
137.25	0
157.17	0
172.03	0
186.79	0
192.60	0
200.18	0
105.50	1
153.34	0
183.77	0
188.64	0
235.84	0
241.33	0
264.63	0
265.24	0
82.92	1
142.57	0
197.54	0
243.62	0
248.15	0
267.24	0
270.97	0
280.21	0
63.76	1
156.47	0
193.76	0
200.23	0
203.04	0
204.76	0
208.04	0
213.84	0
56.70	0
157.94	0
172.60	0
174.84	0
176.23	0
182.98	0
184.40	0
185.81	0
154.24	0
168.66	0
178.96	0
185.80	0
194.03	0
197.39	0
201.32	0
211.19	0
289.28	0
296.66	0
298.93	0
303.65	0
315.82	0
316.15	0
316.21	0
319.76	0
152.32	0
165.56	0
169.35	0
172.59	0
178.09	0
202.21	0
207.62	0
212.53	0
194.35	0
210.27	0
210.92	0
212.77	0
219.31	0
241.69	0
252.62	0
257.58	0
180.50	0
241.55	0
241.79	0
242.76	0
244.48	0
247.05	0
247.17	0
249.51	0
302.14	0
303.28	0
309.00	0
311.84	0
316.88	0
330.05	0
334.88	0
334.88	0
473.01	0
473.21	0
488.69	0
494.70	0
499.65	0
499.70	0
506.86	0
513.63	0
205.74	0
209.02	0
226.36	0
231.92	0
233.15	0
233.80	0
237.87	0
241.76	0
246.35	0
299.03	0
303.16	0
303.97	0
309.26	0
310.24	0
325.76	0
328.11	0
147.42	0
171.46	0
179.84	0
183.93	0
186.88	0
190.48	0
198.19	0
202.76	0
134.67	0
142.72	0
151.53	0
153.76	0
168.05	0
183.62	0
188.82	0
190.68	0
108.93	0
141.15	0
169.24	0
182.18	0
184.69	0
187.57	0
189.40	0
199.36	0
162.61	0
176.47	0
191.67	0
193.41	0
203.61	0
204.98	0
207.87	0
211.23	0
92.30	0
125.48	0
127.21	0
139.53	0
146.65	0
149.72	0
156.29	0
160.90	1
218.22	0
228.44	0
241.26	0
242.41	0
258.98	0
260.33	0
262.45	0
281.63	0
138.95	0
202.85	0
207.61	0
229.51	0
243.11	0
245.13	0
248.07	0
248.58	0
202.56	0
224.55	0
225.30	0
233.98	0
245.95	0
252.03	0
258.63	0
268.11	0
131.68	0
145.18	0
155.53	0
156.37	0
163.95	0
166.17	0
168.80	0
169.84	0
111.21	0
136.39	0
147.59	0
148.04	0
151.19	0
157.30	0
160.31	0
162.12	0
250.96	0
252.86	0
275.29	0
279.96	0
283.08	0
286.91	0
300.67	0
300.80	0
116.20	1
167.78	0
172.71	0
181.35	0
183.11	1
189.33	0
196.53	0
198.83	0
140.81	0
154.15	0
160.00	0
162.00	0
167.98	0
196.69	0
199.97	0
219.30	0
182.60	0
186.04	0
207.37	0
208.12	0
209.97	0
210.10	0
220.00	0
223.24	0
76.58	1
88.15	0
116.25	0
119.76	0
121.32	0
124.30	0
126.56	0
132.77	0
13.26	1
21.05	1
30.16	1
72.33	1
72.94	1
128.28	0
185.02	0
194.67	0
174.84	0
175.71	0
185.76	0
188.90	0
201.79	0
205.15	0
206.36	0
208.76	0
221.47	0
251.12	0
258.04	0
259.80	0
275.83	0
280.08	0
282.88	0
283.12	0
188.72	1
362.96	0
365.98	0
382.71	0
388.58	0
388.96	0
389.07	0
391.24	0
270.23	0
276.96	0
281.78	0
281.78	0
283.75	0
286.94	0
287.01	0
287.98	0
199.82	0
200.32	0
207.22	0
233.40	0
246.67	0
249.11	0
253.10	0
259.64	0
132.28	0
138.53	0
158.17	0
160.12	0
174.44	0
181.67	0
185.58	0
190.47	0
230.33	0
265.68	0
273.45	0
277.31	0
278.85	0
281.81	0
284.31	0
286.48	0
126.18	1
156.78	1
170.36	1
172.01	0
188.31	0
192.00	0
192.19	0
194.38	0
157.67	0
172.29	0
174.12	0
181.24	0
197.34	1
198.11	0
198.53	0
222.74	0
237.83	0
252.68	0
261.75	0
289.94	0
294.09	0
305.58	0
308.09	0
312.02	0
399.23	0
402.84	0
416.34	0
428.79	0
429.62	0
431.28	0
443.95	0
444.27	0
236.90	0
253.53	0
267.60	0
268.54	0
279.29	0
283.77	0
286.90	0
293.42	0
157.97	0
169.99	0
181.46	0
182.51	0
195.11	0
195.74	0
196.12	0
196.86	0
234.57	0
237.16	0
239.96	0
240.84	1
240.96	0
246.32	0
256.25	0
260.48	0
277.82	0
290.61	1
318.69	0
341.15	0
342.36	0
346.28	0
346.69	0
348.50	0
419.69	1
472.08	0
475.51	0
483.57	0
487.75	0
488.75	0
488.86	0
494.61	0
302.58	1
620.74	0
622.97	0
635.08	0
638.03	0
642.17	0
642.65	0
646.41	0
81.44	1
240.20	0
243.57	0
256.19	0
272.44	0
278.66	0
282.32	0
283.31	0
416.92	1
455.58	0
468.64	0
483.77	0
494.39	0
495.56	0
502.47	0
512.76	0
187.86	0
193.11	0
193.97	1
204.34	0
227.32	0
232.26	0
238.39	0
242.53	0
268.69	0
286.51	0
288.26	0
291.20	0
295.77	0
296.03	0
296.84	0
298.54	0
203.29	0
227.64	0
242.43	0
258.77	0
266.15	0
267.81	0
272.42	0
274.91	0
239.65	0
265.26	0
269.26	0
272.12	0
280.92	0
282.91	0
284.20	0
284.26	1
208.65	0
249.94	0
287.57	0
302.56	0
303.40	1
303.57	0
306.21	0
310.99	0
172.07	0
191.83	0
209.20	0
227.17	0
231.76	0
236.46	0
248.05	0
253.92	0
164.66	0
183.78	0
184.57	0
191.41	0
194.98	0
197.42	0
202.20	0
202.27	0
107.99	0
142.50	0
148.06	0
155.84	0
164.55	0
174.68	0
176.42	0
177.64	0
229.78	1
230.82	0
246.06	0
249.38	0
260.57	0
264.05	0
266.71	0
273.18	0
266.52	1
279.76	0
317.56	0
330.57	0
337.68	0
339.94	0
344.74	0
348.74	0
214.48	0
281.95	0
291.24	0
295.48	0
297.42	0
299.27	0
306.34	0
307.71	0
236.78	0
246.90	0
259.69	0
260.57	1
262.80	0
270.59	0
271.36	0
296.63	0
93.89	1
185.78	0
197.33	0
216.26	0
220.77	0
224.59	0
234.01	0
236.63	0
293.38	0
361.57	0
362.66	0
369.23	0
371.32	0
388.06	0
392.68	0
394.65	0
135.69	0
259.51	0
276.76	0
295.07	0
296.89	0
301.47	0
308.55	0
308.90	0
199.98	0
230.41	0
232.59	0
236.78	0
237.77	1
254.13	0
255.58	0
255.85	0
243.88	0
298.45	0
302.14	0
304.81	0
306.48	0
312.53	0
312.70	0
313.35	0
311.56	0
332.01	0
338.85	0
345.95	0
346.77	0
350.90	0
352.37	0
355.46	0
255.21	0
264.93	0
271.87	0
274.60	0
275.80	0
286.42	0
288.28	0
290.23	0
269.09	0
277.93	0
280.88	0
286.60	0
295.16	0
299.34	0
299.98	0
310.78	0
229.17	1
232.20	0
239.92	0
251.72	0
254.95	0
276.36	0
277.19	0
279.09	0
303.82	0
306.79	0
306.95	0
322.32	0
326.73	0
327.29	0
331.57	0
335.15	0
158.45	0
203.82	1
235.92	0
262.92	0
263.78	0
264.95	0
271.69	0
275.50	0
260.22	1
293.33	1
323.83	0
324.86	0
330.90	0
338.03	0
342.69	0
343.80	0
32.13	1
39.12	1
266.25	0
281.49	0
286.20	0
287.68	0
295.86	0
297.59	0
221.00	0
240.16	0
244.78	0
251.79	0
262.56	0
273.38	0
274.07	0
278.64	0
316.91	0
319.37	0
333.01	0
341.69	0
343.12	0
351.55	0
352.58	0
356.47	0
251.35	0
252.22	0
253.55	0
264.48	1
265.12	0
268.82	0
273.26	0
276.80	0
304.76	1
319.58	0
320.20	0
323.02	0
326.44	0
327.59	0
332.33	0
336.60	0
342.82	0
370.01	0
374.23	0
398.71	0
401.40	0
420.11	0
425.16	0
426.69	0
349.33	0
357.56	0
361.15	0
363.51	0
366.06	0
369.93	0
371.12	0
372.51	0
339.80	0
365.75	0
383.58	0
384.67	0
389.08	0
396.46	0
398.48	0
399.36	0
242.67	0
269.91	0
303.59	0
310.40	0
317.43	0
325.04	0
327.43	0
333.39	0
138.81	0
172.99	0
180.21	0
182.07	0
185.22	0
185.60	0
197.39	0
199.15	0
276.52	0
283.49	0
295.97	0
305.66	0
306.73	0
307.40	1
313.58	0
314.48	0
278.48	0
338.99	0
346.73	0
353.78	0
368.24	0
373.66	0
378.02	0
378.11	0
376.59	0
395.53	0
397.14	0
399.76	1
410.80	0
410.88	0
413.31	0
420.71	0
33.60	0
43.05	0
52.57	0
60.38	0
92.83	0
94.95	0
135.78	0
144.75	0
168.27	0
189.99	0
198.18	0
212.57	0
236.92	0
242.29	0
276.94	0
290.65	0
221.62	0
229.57	0
234.02	0
235.95	0
236.21	0
247.84	0
248.99	0
256.41	0
159.80	0
165.46	0
173.23	0
174.05	0
174.99	0
180.46	0
185.35	0
197.58	0
223.40	0
242.13	0
246.81	0
250.98	0
285.92	0
291.48	0
312.96	0
320.85	0
258.98	0
268.98	0
269.06	0
271.27	0
282.49	0
286.39	0
292.49	0
292.87	0
232.95	0
244.64	0
247.93	0
256.63	0
257.39	0
263.48	0
264.48	0
265.40	0
204.46	0
212.44	0
216.70	0
219.07	0
228.77	0
232.33	0
237.10	0
242.21	0
109.21	1
143.35	0
155.47	0
155.93	0
156.25	0
159.70	1
165.37	0
167.85	0
28.07	1
29.75	1
260.94	0
279.81	0
281.48	0
282.12	0
287.15	0
287.38	0
103.76	0
118.15	0
124.61	0
128.03	0
128.43	0
137.12	0
139.33	0
156.55	0
208.60	0
217.23	0
223.36	0
232.01	0
261.75	0
268.27	0
307.65	0
316.50	0
226.83	0
238.68	0
245.29	0
250.78	0
258.03	0
258.88	0
270.97	0
275.91	0
188.96	0
191.51	0
194.02	0
197.45	0
218.07	0
219.83	0
220.69	0
226.98	0
92.45	0
96.97	0
107.42	0
117.14	0
118.63	0
119.80	0
153.52	0
172.98	0
176.90	0
182.70	0
186.68	0
197.43	0
230.40	0
235.56	0
285.52	0
289.64	0
265.73	0
280.49	0
284.90	0
287.27	0
292.44	0
297.99	0
300.56	0
301.37	0
286.85	0
290.32	0
304.50	0
311.04	0
325.91	0
327.59	0
359.55	0
360.50	0
243.73	0
260.45	0
261.40	0
268.92	0
269.41	0
270.73	0
273.98	0
286.29	0
186.42	0
191.96	0
192.37	0
203.31	0
203.83	0
205.19	0
212.62	0
235.76	0
83.84	1
85.77	1
91.84	1
97.98	1
99.64	1
104.02	1
133.30	0
163.23	0
124.47	1
199.32	0
206.66	0
216.15	0
217.04	1
220.21	0
226.64	0
230.09	0
247.63	0
255.70	0
269.66	0
293.89	0
294.55	0
294.59	0
300.16	0
301.80	0
93.30	1
138.72	1
262.71	0
262.75	0
270.74	0
276.91	0
283.04	0
284.19	0
225.78	0
251.54	0
255.88	0
258.37	0
262.06	0
267.37	0
271.84	0
273.74	0
184.43	0
218.38	0
230.83	0
248.08	0
252.12	0
260.64	0
270.24	0
274.48	0
156.01	0
205.14	1
210.22	1
220.12	0
222.17	0
224.57	0
225.52	0
232.68	1
30.47	1
43.27	1
45.20	1
46.65	1
294.54	0
309.90	0
320.31	0
324.25	0
240.92	0
246.65	0
259.18	0
281.11	0
285.42	0
294.50	0
304.45	0
307.27	0
143.24	0
168.18	0
195.41	0
221.74	0
228.53	0
233.71	0
238.44	0
240.03	0
195.49	1
216.83	1
223.13	0
237.77	0
254.27	0
273.69	0
274.46	0
288.38	1
166.32	1
177.15	0
197.22	0
226.98	0
274.83	0
276.75	0
278.84	0
281.09	0
140.39	0
360.49	0
368.35	0
378.05	0
384.37	0
386.46	0
387.47	0
389.15	0
279.40	0
368.86	0
373.78	0
386.70	0
388.14	0
391.49	0
396.22	0
396.55	0
137.05	0
153.37	0
155.65	0
163.39	0
167.31	0
168.88	0
168.96	1
171.14	0
219.99	0
226.10	0
236.57	1
242.06	0
246.99	0
257.61	0
260.35	0
266.07	0
219.46	0
229.17	0
243.73	0
267.76	0
271.44	0
274.03	0
276.29	0
276.69	0
127.81	1
148.92	1
157.84	1
230.99	0
244.64	0
254.10	0
255.82	0
255.93	0
34.42	1
42.80	1
49.05	1
50.41	1
304.70	0
317.84	0
327.99	0
329.63	0
174.01	0
181.10	0
186.14	0
189.25	0
193.89	0
199.51	0
199.67	0
202.53	0
199.87	0
212.09	0
223.32	0
224.80	0
224.82	0
227.34	0
231.94	0
234.57	0
158.17	0
162.17	0
171.74	0
190.47	0
190.85	0
198.23	0
200.43	0
201.49	0
395.77	0
419.27	0
420.46	0
432.43	0
432.61	0
439.29	0
443.72	0
444.64	0
493.76	0
519.92	0
521.87	0
526.78	0
529.98	0
535.39	0
537.96	0
552.25	0
348.22	0
378.23	0
390.88	0
396.63	0
414.28	0
414.43	0
419.94	0
420.02	0
195.93	0
222.50	0
226.05	0
226.34	0
227.40	0
229.83	0
231.37	0
231.57	0
282.66	0
299.64	0
309.74	0
314.45	0
318.88	0
321.26	0
327.30	0
328.57	0
171.09	1
182.29	1
186.12	0
189.11	0
192.24	0
196.27	0
197.84	0
198.41	1
226.53	0
226.53	0
238.33	0
242.03	0
250.85	0
253.05	0
260.36	0
265.27	0
220.35	0
234.16	0
234.61	0
234.94	0
237.89	0
241.32	0
243.32	0
244.03	0
280.68	0
291.91	0
298.82	0
302.47	0
303.10	0
307.55	0
309.46	0
311.22	0
301.53	0
329.69	0
333.68	0
341.71	0
341.78	0
342.20	0
344.04	0
344.96	0
178.83	0
183.24	0
183.72	0
187.58	0
188.55	0
193.49	0
195.60	0
196.39	1
237.47	0
241.91	0
245.28	0
247.17	0
247.83	0
262.41	0
271.60	0
276.03	0
162.77	1
164.94	0
165.21	1
166.81	0
181.50	1
185.58	0
188.57	0
196.58	0
296.89	0
297.94	0
303.66	0
305.14	0
312.97	0
315.44	0
323.20	0
341.09	0
301.81	0
310.67	0
313.27	0
315.11	0
317.69	0
323.13	0
327.05	0
332.11	0
237.46	0
240.39	0
261.39	0
261.65	0
261.70	0
263.04	0
264.76	0
266.61	0
180.96	0
186.38	0
195.93	0
198.69	0
200.80	0
207.80	0
208.30	0
209.21	0
240.67	0
243.05	0
245.30	0
251.51	0
255.50	0
256.13	0
256.85	0
257.08	0
281.51	0
294.91	0
299.07	0
306.09	0
307.50	0
307.81	0
310.97	0
315.66	0
220.02	0
227.76	0
240.60	0
241.74	0
243.83	0
250.55	0
251.17	0
251.35	0
274.21	0
277.64	0
300.58	0
301.66	0
302.51	0
306.99	0
308.36	0
308.82	0
109.57	1
114.89	0
119.08	0
127.38	0
139.83	0
140.88	0
143.77	0
145.41	0
199.88	0
212.30	0
212.45	0
217.12	0
217.63	0
219.34	0
226.34	0
228.01	0
223.17	0
226.21	0
228.19	0
230.01	0
238.68	0
244.11	0
244.94	0
245.03	0
299.65	0
309.33	0
315.73	0
320.81	0
324.34	0
324.71	0
326.98	0
328.40	0
216.09	0
224.45	0
226.54	0
231.25	0
232.75	0
234.79	0
237.42	0
245.30	0
112.00	1
137.85	0
155.31	0
173.00	0
174.25	1
175.61	0
176.13	0
179.54	0
237.41	0
246.82	0
248.69	0
250.40	0
254.41	0
259.67	0
262.84	0
270.23	0
255.61	0
276.30	0
283.00	0
284.18	0
285.81	0
287.30	0
291.19	0
291.61	0
101.91	1
114.81	1
115.15	0
122.83	1
144.25	0
150.98	0
155.77	0
161.34	0
282.19	0
296.42	0
304.91	0
306.96	0
313.64	0
316.97	0
317.68	0
323.34	0
456.44	0
478.56	0
485.45	0
486.27	0
486.37	0
488.69	0
489.17	0
492.71	0
281.40	0
317.23	0
326.56	0
330.37	0
332.20	0
333.24	0
335.58	0
336.59	0
266.71	0
281.42	0
293.00	0
293.17	0
296.72	0
300.82	0
303.13	0
305.10	0
328.17	0
350.70	0
353.13	0
355.75	0
359.24	0
365.74	0
367.89	0
368.77	0
560.48	0
560.65	0
574.03	0
590.73	0
592.61	0
598.20	0
599.40	0
602.08	0
186.42	0
195.18	0
202.74	0
203.43	0
207.64	0
208.34	0
211.58	0
216.25	0
344.02	0
360.08	0
363.48	0
368.38	0
370.70	0
374.12	0
378.25	0
382.57	0
338.04	0
339.54	0
355.63	0
362.25	0
369.14	0
372.65	0
376.02	0
376.72	0
215.01	1
252.27	0
253.72	0
273.06	1
275.22	0
275.68	0
279.60	0
279.82	0
261.63	0
274.81	0
275.93	0
289.68	0
295.00	0
300.76	0
304.13	0
311.42	0
174.80	0
178.36	0
186.43	0
187.08	0
194.48	0
202.34	0
202.36	0
203.43	0
212.92	0
216.72	0
219.89	0
222.57	0
224.77	0
232.88	0
235.92	0
236.09	0
193.07	1
218.26	0
221.23	0
223.00	0
223.91	0
231.32	0
232.05	0
235.53	0
121.03	0
122.06	0
138.79	0
145.27	0
158.39	0
162.77	0
168.95	0
171.73	0
183.15	0
200.56	0
202.02	0
203.30	0
205.45	0
205.78	0
208.46	0
209.34	0
149.08	0
156.07	0
169.66	0
176.96	0
179.42	0
187.54	0
189.00	0
196.65	0
137.94	0
173.13	0
175.40	0
179.86	0
180.86	0
185.67	0
186.08	0
186.47	0
259.08	0
266.33	0
277.89	0
287.83	0
290.39	0
291.69	0
292.12	0
293.70	0
247.60	0
320.59	0
356.38	0
357.07	0
357.85	0
363.94	0
368.00	0
378.93	0
167.57	0
186.81	0
193.12	0
194.30	0
218.64	0
221.59	0
226.88	0
229.20	0
90.28	0
98.69	1
123.91	0
136.45	0
138.49	0
148.31	0
158.15	0
159.57	0
225.05	0
226.23	0
228.92	0
231.47	0
231.74	0
232.31	0
232.58	0
239.34	0
291.50	0
306.38	0
309.47	0
315.04	0
315.83	0
316.65	0
319.27	0
323.48	0
283.18	0
310.63	0
317.98	0
320.92	0
322.46	0
323.77	0
326.03	0
328.68	0
115.84	0
129.17	1
148.28	0
149.47	0
164.64	0
170.26	0
170.76	0
174.03	0
205.17	0
207.20	0
209.54	0
209.83	0
211.03	0
212.40	0
221.61	0
224.92	0
199.11	0
201.41	0
204.97	0
210.87	0
213.76	0
217.77	0
218.70	0
220.94	0
229.01	0
236.07	0
240.67	0
245.98	0
252.50	0
255.32	0
256.36	0
256.61	0
196.36	0
209.94	0
218.67	0
219.49	0
219.59	0
225.19	0
226.80	0
229.07	0
84.41	0
103.13	0
116.50	0
124.87	0
132.97	0
135.70	0
137.19	0
143.29	0
262.09	0
263.07	0
282.03	0
283.11	0
286.87	0
289.11	0
289.92	0
295.51	0
212.74	0
215.95	0
222.04	0
223.76	0
223.85	0
228.56	0
236.76	0
236.80	0
110.17	0
126.13	1
174.66	0
176.95	0
178.19	0
189.24	0
193.81	0
197.30	0
191.05	0
195.21	0
197.85	0
198.94	0
201.65	0
205.03	0
206.37	0
215.65	0
157.07	1
185.23	0
198.11	0
205.14	0
208.10	0
208.99	0
219.05	0
220.42	0
167.23	0
189.24	0
208.49	0
210.12	0
211.13	0
214.78	0
218.31	0
220.52	0
143.59	0
175.09	0
177.50	0
177.94	0
179.67	0
184.60	0
186.02	0
190.70	0
278.19	0
293.48	0
302.82	0
307.06	0
311.36	0
312.49	0
313.49	0
317.96	0
290.82	0
298.62	0
307.12	0
323.96	0
324.06	0
333.46	0
335.36	0
337.72	0
254.32	0
266.60	0
271.28	0
273.13	0
273.98	0
276.02	0
276.93	0
279.90	0
165.36	0
186.15	0
193.23	0
195.54	0
198.47	0
198.78	0
206.19	0
210.55	0
353.57	0
356.20	0
361.63	0
370.42	0
373.65	0
396.76	0
399.90	0
402.62	0
269.44	0
292.50	0
318.69	0
321.99	0
322.98	0
326.01	0
326.28	0
332.31	0
160.94	1
165.76	1
167.78	0
177.43	0
180.28	0
189.67	0
198.99	1
201.27	0
181.82	1
227.67	0
230.95	0
242.46	0
257.72	0
259.64	0
260.62	0
264.05	0
237.78	0
242.05	0
243.49	0
252.80	0
256.27	0
257.89	0
266.50	0
267.27	0
229.44	0
238.74	0
247.24	0
267.39	0
272.05	0
274.04	0
274.63	0
279.82	0
227.76	0
237.86	0
243.66	0
250.25	0
251.82	0
252.02	0
252.72	0
253.24	0
81.69	1
106.11	0
115.87	0
124.83	0
125.52	0
133.77	0
139.64	0
145.96	0
144.77	1
185.39	0
197.60	0
199.19	0
199.88	0
201.68	0
209.26	0
223.33	0
303.67	0
311.61	0
313.76	0
315.59	0
322.16	0
323.24	0
324.94	0
325.87	0
100.53	1
162.95	1
256.18	0
265.42	0
269.98	0
270.39	0
275.33	0
275.39	0
207.13	0
213.21	0
231.88	0
232.31	0
233.99	0
237.10	0
239.09	0
240.74	0
191.10	0
231.56	0
242.48	0
260.18	0
262.21	0
267.81	0
267.91	0
267.99	0
118.46	0
123.43	0
126.70	0
126.78	0
129.07	0
130.90	0
132.14	0
140.27	0
222.47	0
236.47	0
249.09	0
253.85	0
253.95	0
259.26	0
259.68	0
262.83	0
119.78	0
121.68	0
125.86	0
129.25	0
129.64	1
131.85	0
132.80	0
134.78	0
180.33	0
182.87	0
187.04	0
191.22	0
201.71	0
202.93	0
208.25	0
211.53	0
148.46	0
154.92	0
172.43	0
179.09	0
181.54	0
181.61	0
187.73	0
193.68	0
201.29	0
212.75	0
222.46	0
229.77	0
235.08	0
237.69	0
238.84	0
245.34	0
104.39	1
139.21	0
143.21	0
154.24	0
167.30	0
167.54	0
169.69	0
171.96	0
275.84	0
283.24	0
284.07	0
284.10	0
308.50	0
311.52	0
314.55	0
316.05	0
251.79	0
259.31	0
270.40	0
275.35	0
276.11	0
277.94	0
278.58	0
282.12	0
120.38	0
141.86	0
146.62	0
156.20	0
157.64	0
162.85	0
163.73	0
164.86	0
263.02	0
263.69	0
269.66	0
275.48	0
278.36	0
285.28	0
291.10	0
291.89	0
181.71	0
181.88	0
226.07	0
228.00	0
232.14	0
232.62	0
233.34	0
233.44	0
219.46	0
235.03	0
245.67	0
246.43	0
248.00	0
251.83	0
253.14	0
254.33	0
102.95	0
107.43	1
129.34	0
130.66	0
139.40	0
142.79	0
146.00	0
147.48	0
252.06	0
252.98	0
264.66	0
266.55	0
267.88	0
268.25	0
273.85	0
274.08	0
89.21	1
95.11	1
97.98	1
98.37	1
98.72	1
103.77	1
107.51	0
109.19	0
38.88	0
131.96	0
142.70	1
166.45	0
176.11	0
187.01	0
189.28	0
195.04	0
78.36	1
157.41	0
181.72	0
202.52	0
207.48	0
209.90	0
213.54	0
217.47	0
57.22	1
131.65	1
147.41	1
162.74	1
214.11	1
231.62	0
245.02	0
249.62	0
11.17	1
12.81	1
25.13	1
33.08	1
43.09	1
48.22	1
267.18	0
273.73	0
27.97	1
174.34	0
175.05	0
175.64	0
177.39	0
177.56	0
177.96	0
178.41	0
140.50	0
179.84	0
180.46	0
181.17	0
185.20	0
191.44	0
194.32	0
194.36	0
141.90	0
142.40	0
150.43	0
197.60	0
204.20	0
217.59	0
217.62	0
218.66	0
147.43	0
156.16	0
159.14	0
165.35	0
212.55	0
217.80	0
225.03	0
225.51	0
244.14	0
271.73	0
271.81	0
274.96	0
279.02	0
282.13	0
303.94	0
305.52	0
160.02	1
263.14	0
293.59	0
305.14	0
305.99	0
309.05	0
311.53	0
316.54	0
30.42	1
74.87	1
75.92	1
78.00	1
149.00	0
162.66	0
182.17	0
182.53	0
203.96	0
230.77	0
246.88	1
258.10	0
268.28	0
269.27	0
299.42	0
301.08	0
82.93	1
284.75	0
287.09	0
287.52	0
295.13	0
296.55	0
297.94	0
298.57	0
135.61	1
162.63	0
178.95	0
198.15	0
202.24	0
204.17	0
204.18	0
209.01	0
260.01	0
269.34	0
283.68	0
291.24	0
292.42	0
293.27	0
296.89	0
298.21	0
195.21	0
240.55	0
243.82	0
252.40	0
253.02	0
253.06	0
253.72	0
255.93	0
78.85	0
186.48	0
189.77	0
194.79	0
198.84	0
199.11	0
201.09	0
201.90	0
103.72	1
145.73	0
150.31	0
154.18	0
165.08	0
168.26	0
168.67	0
170.87	0
43.73	1
79.34	1
104.00	0
105.97	0
109.52	0
112.41	0
115.64	0
120.41	1
141.43	1
143.67	0
151.66	1
152.71	0
162.31	1
164.51	0
173.72	0
176.63	1
135.92	0
146.41	0
148.30	0
152.48	0
156.44	0
160.24	0
163.40	0
165.98	0
205.43	0
220.09	0
225.59	0
225.92	0
228.45	0
233.25	0
234.04	0
242.07	0
21.17	1
25.82	1
34.32	1
80.00	1
122.92	0
136.54	0
141.40	0
142.52	0
202.99	0
264.05	0
276.39	0
282.06	0
285.46	0
292.29	0
295.05	0
295.42	0
383.35	0
389.50	0
391.54	0
394.53	0
403.63	0
406.53	0
407.49	0
409.34	0
285.80	0
291.86	0
304.61	0
315.11	0
320.50	0
321.50	0
324.54	0
324.61	0
85.18	1
103.90	0
117.31	1
117.90	0
120.80	0
137.43	0
140.24	0
142.30	0
188.42	1
205.47	1
209.77	0
212.94	1
255.56	0
257.84	0
257.97	0
258.93	0
159.70	1
170.42	0
175.14	0
187.00	0
192.86	0
194.87	0
195.02	0
195.47	0
200.19	0
201.31	0
216.60	0
218.72	0
219.04	0
219.04	0
221.76	0
222.58	0
358.12	0
377.96	0
381.55	0
385.98	0
386.72	0
391.15	0
393.59	0
393.82	0
470.66	0
473.57	0
475.82	0
478.02	0
480.06	0
480.83	0
481.85	0
481.85	0
190.14	0
196.92	0
197.53	0
200.31	0
201.21	0
202.58	0
205.42	0
205.51	0
255.37	0
260.36	0
261.19	0
309.39	0
319.73	0
322.82	0
324.42	0
327.71	0
177.43	0
181.21	0
188.24	0
189.00	0
192.89	0
193.87	0
195.64	0
198.16	0
288.85	0
291.38	0
297.07	0
299.15	0
303.35	0
308.50	0
310.16	0
310.52	0
418.68	0
420.65	0
430.69	0
433.40	0
433.92	0
436.18	0
447.19	0
447.28	0
315.36	0
320.01	0
324.95	0
330.63	0
334.60	0
341.46	0
342.63	0
342.98	0
167.46	0
167.95	0
175.10	0
176.28	0
183.19	0
190.04	0
193.09	0
195.36	0
110.23	0
116.66	0
117.24	0
125.20	0
127.33	0
128.40	0
128.74	0
128.81	0
299.97	0
304.02	0
306.37	0
308.92	0
311.22	0
315.33	0
315.39	0
316.19	0
123.85	0
125.29	0
131.39	0
131.73	0
152.30	0
171.86	0
172.56	0
175.72	0
192.22	0
198.47	0
198.55	0
199.30	0
206.51	0
214.51	0
218.05	0
219.00	0
176.56	0
185.30	0
186.86	0
187.38	0
191.53	0
191.64	0
191.86	0
194.32	0
200.40	0
203.08	0
206.52	0
209.15	0
211.84	0
222.75	0
228.06	0
231.10	0
199.82	0
203.76	0
208.65	0
211.67	0
211.80	0
213.88	0
213.95	0
215.92	0
167.21	0
168.07	0
173.33	0
178.58	0
179.14	0
179.18	0
179.24	0
182.11	0
141.33	0
156.77	0
162.48	0
163.51	0
169.60	0
176.78	0
177.14	0
179.72	0
160.56	0
179.80	0
179.86	0
183.24	0
183.57	0
184.29	0
185.67	0
186.02	0
96.59	0
110.71	0
112.44	0
113.55	0
117.15	0
118.05	0
119.63	0
120.06	0
42.24	0
52.46	0
59.45	0
80.18	0
162.10	0
186.12	0
189.29	0
195.76	0
72.54	1
85.55	1
93.11	1
144.05	1
205.12	0
210.82	0
218.96	0
222.73	0
226.82	0
240.20	1
278.77	0
290.88	0
313.56	0
319.68	0
321.44	0
323.27	0
77.39	1
295.71	0
297.40	0
300.45	0
306.14	0
308.33	0
309.24	0
309.60	0
112.28	1
138.83	0
154.25	0
176.10	0
176.86	0
189.50	0
191.52	0
191.61	0
213.77	0
228.21	0
230.30	0
237.40	0
244.14	0
247.24	0
249.98	0
251.44	0
204.26	0
211.96	0
214.53	0
215.30	0
218.81	0
223.70	0
223.97	0
228.61	0
85.51	0
110.11	0
118.86	0
118.94	1
122.90	0
127.95	0
131.00	0
133.63	0
276.40	0
278.72	0
284.83	0
285.76	0
288.40	0
289.57	0
291.52	0
294.09	0
235.08	0
236.02	0
248.57	0
248.67	0
249.73	0
251.76	0
252.39	0
252.67	0
248.01	0
248.92	0
260.90	0
267.52	0
270.52	0
287.95	0
288.33	0
290.36	0
130.18	0
130.90	0
137.09	0
140.15	0
141.92	0
144.34	0
152.66	0
156.89	0
242.55	0
265.80	0
269.07	0
273.82	0
275.96	0
277.95	0
278.28	0
279.65	0
266.39	0
269.00	0
270.15	0
271.40	0
279.29	0
281.05	0
283.44	0
284.42	0
189.66	0
193.48	0
193.87	0
197.96	0
200.40	0
204.41	0
206.40	0
207.59	0
168.64	0
178.75	0
179.28	0
182.21	0
187.22	0
187.73	0
191.75	0
194.82	0
357.72	0
361.27	0
361.35	0
361.48	0
362.62	0
363.69	0
364.02	0
364.07	0
302.27	0
315.02	0
316.73	0
317.23	0
319.33	0
320.96	0
322.36	0
324.01	0
332.93	0
351.67	0
355.37	0
357.31	0
360.28	0
363.48	0
365.38	0
368.59	0
309.17	0
313.43	0
313.51	0
319.85	0
321.25	0
323.35	0
327.06	0
330.15	0
201.99	0
222.01	0
223.08	0
223.37	0
223.61	0
224.62	0
226.37	0
229.13	0
153.97	0
155.78	0
162.75	0
164.72	0
167.73	0
168.28	0
170.04	0
175.65	0
94.97	0
108.26	0
120.81	0
120.86	0
122.40	0
122.80	0
123.00	0
123.04	0
257.76	0
258.47	0
259.29	0
261.13	1
264.71	0
264.80	0
268.45	0
268.57	0
123.78	0
126.31	0
132.20	0
134.74	0
135.45	0
149.11	0
153.23	0
158.01	0
130.23	0
133.58	0
137.65	0
140.17	0
140.56	0
149.46	0
150.91	0
155.30	0
353.41	1
367.39	0
367.61	0
375.42	0
376.10	0
390.86	0
400.32	0
402.74	1
572.31	0
585.83	0
586.53	0
588.36	0
593.43	0
594.03	0
595.99	0
600.02	0
151.83	0
155.46	0
161.82	0
167.77	0
169.19	0
171.09	0
171.28	0
172.03	0
264.47	0
282.54	0
287.05	0
287.14	0
289.79	0
291.26	0
301.15	0
303.94	0
231.72	0
247.09	0
247.53	0
248.84	0
251.06	0
254.22	0
256.09	0
258.06	0
156.46	0
157.45	0
164.12	0
164.70	0
165.17	0
168.90	0
170.14	0
179.91	0
88.65	0
91.18	0
93.38	0
95.25	0
95.39	0
96.47	0
98.44	0
101.10	1
21.68	1
25.92	1
34.86	1
35.87	0
41.20	1
64.13	1
71.51	1
71.85	1
229.06	0
242.29	0
255.43	0
255.48	0
256.29	0
267.40	0
269.42	0
270.15	0
371.31	0
385.61	0
397.88	0
400.33	0
411.51	0
411.98	0
413.02	0
416.85	0
215.25	0
217.94	0
227.63	0
236.13	0
239.46	0
241.01	0
243.30	0
245.81	0
255.74	0
285.93	0
291.54	0
293.44	0
294.72	0
298.27	0
304.71	0
305.39	0
150.90	1
195.95	0
205.15	0
214.42	0
226.16	0
234.62	1
240.29	0
240.72	0
204.62	0
208.32	0
253.19	0
308.19	0
326.38	0
328.45	0
332.01	0
333.66	0
140.31	0
155.03	0
159.51	0
162.27	0
167.35	0
168.51	0
172.07	0
176.82	0
149.91	0
157.17	0
158.83	0
163.94	0
166.47	0
173.51	0
175.08	0
175.56	0
130.08	0
131.27	0
145.71	0
160.83	0
162.60	0
163.38	0
163.71	0
166.25	0
52.29	1
90.00	0
90.24	0
92.19	0
93.18	0
99.50	0
99.51	0
99.57	0
4.96	1
18.17	1
18.55	1
25.40	1
27.18	1
44.50	0
71.01	1
71.13	1
177.62	0
221.53	0
232.88	0
235.98	0
237.49	0
237.97	0
245.51	0
248.44	0
196.10	0
234.49	0
245.63	0
248.80	0
251.44	0
255.77	0
256.04	0
256.88	0
180.61	0
199.92	0
200.92	1
205.80	0
206.90	0
211.94	0
218.48	0
219.72	0
239.79	0
243.24	0
246.55	0
249.26	0
250.26	0
251.31	0
251.70	0
252.33	0
231.65	1
237.42	1
239.71	1
247.45	0
260.02	0
264.37	0
270.25	0
272.44	0
246.58	0
250.38	0
250.86	0
253.20	0
254.37	0
262.58	0
269.47	0
271.36	0
191.29	0
200.36	0
205.36	0
206.25	0
216.66	0
217.21	0
221.79	0
221.84	0
214.75	0
216.62	0
218.58	0
220.94	0
221.92	0
225.05	0
225.31	0
230.50	0
109.90	0
138.29	0
142.08	0
148.19	0
150.86	0
170.47	0
171.84	0
175.95	0
242.25	0
244.26	0
246.14	0
250.39	0
259.22	0
272.33	0
272.77	0
275.69	0
251.29	0
254.94	0
256.92	0
257.83	0
266.43	0
267.74	0
273.08	0
273.46	0
219.78	0
223.39	0
226.65	0
229.38	0
232.22	0
233.97	0
234.91	0
235.11	0
251.08	0
255.89	0
260.86	0
269.61	0
271.36	0
286.79	0
286.87	0
297.42	0
150.59	0
160.16	0
163.29	0
166.94	0
171.61	0
176.28	0
176.51	0
178.64	0
145.76	0
147.11	0
148.89	0
148.92	0
156.04	0
159.63	0
160.24	0
161.47	0
161.76	0
190.61	0
191.43	0
197.16	0
197.21	0
201.57	0
206.13	0
206.36	0
128.13	1
187.33	0
202.36	0
203.66	0
203.68	0
207.47	0
207.69	0
209.08	0
25.91	1
137.52	0
139.99	0
145.42	0
154.70	0
169.96	0
170.10	0
173.30	0
29.74	1
37.45	1
89.26	0
92.12	1
97.81	0
100.37	0
100.51	0
100.52	0
2.45	1
4.08	1
14.67	1
24.74	1
25.10	1
28.63	1
43.66	0
71.81	1
155.02	1
181.25	0
209.70	0
213.46	0
214.08	0
233.26	0
239.57	0
239.61	0
120.19	0
206.13	0
248.49	0
263.35	0
267.93	0
272.72	1
273.03	0
273.42	0
158.99	1
222.43	0
243.93	0
250.98	0
253.41	0
259.82	0
263.86	0
264.72	0
9.67	1
207.47	0
212.10	0
212.11	0
213.74	0
216.78	0
218.02	0
219.24	0
6.23	1
107.08	0
132.74	0
135.94	0
144.73	0
146.06	0
164.37	0
166.57	0
23.32	1
216.16	0
216.62	0
217.64	0
218.84	0
220.09	0
220.90	0
232.18	0
26.65	1
136.91	0
244.41	0
248.51	0
248.69	0
250.16	0
255.75	0
256.76	0
29.63	1
144.05	0
218.16	0
220.91	0
221.66	0
221.83	0
226.94	0
230.75	0
156.74	0
235.41	0
236.51	0
239.47	0
241.06	0
249.77	0
259.26	0
259.58	0
198.63	0
203.56	0
204.10	0
214.57	0
217.90	0
218.20	0
220.24	0
222.69	0
192.29	0
211.36	0
239.69	0
240.92	0
244.13	0
245.21	0
247.16	0
251.98	0
107.29	1
109.61	1
112.77	1
130.18	0
144.37	0
147.10	0
149.12	0
150.00	0
265.21	0
272.00	0
275.14	0
280.65	0
282.23	0
286.32	0
287.31	0
288.17	0
217.93	1
362.73	0
408.56	0
447.00	0
452.43	0
452.93	0
463.06	0
467.00	0
246.48	1
300.39	0
332.84	0
370.72	0
376.03	0
388.95	0
390.80	0
394.05	0
238.42	0
245.84	0
247.95	0
260.25	0
263.08	0
264.08	0
267.23	0
267.60	0
147.29	0
169.63	1
169.93	0
181.30	0
184.99	1
190.70	1
192.43	1
194.31	0
208.80	0
211.45	0
213.55	0
221.11	0
230.44	0
234.75	0
242.57	0
245.51	0
200.34	1
205.70	0
212.00	1
213.29	1
213.74	1
217.44	0
222.05	0
224.17	0
219.45	0
229.00	0
271.52	0
277.20	0
282.25	0
286.70	0
291.39	0
291.50	0
177.39	1
227.62	0
244.68	1
273.67	0
285.17	0
286.42	0
286.86	0
290.45	0
151.12	0
190.13	0
210.50	0
219.60	1
260.86	0
305.72	0
316.18	0
320.10	0
189.58	1
193.25	1
196.02	0
198.51	0
199.25	1
204.55	0
205.85	0
207.67	0
81.88	1
132.42	0
147.07	0
160.33	0
162.67	0
163.22	0
163.37	0
165.90	0
138.25	0
144.34	1
169.29	0
187.08	0
207.20	0
229.84	0
230.08	0
238.21	0
69.31	0
122.98	1
146.19	0
163.97	0
165.73	0
165.93	1
169.47	0
173.37	0
41.53	1
436.02	0
477.57	0
478.51	0
502.50	0
504.22	0
509.05	0
517.49	0
73.14	0
97.99	0
108.99	0
121.83	0
140.82	0
141.47	0
142.33	0
143.57	0
151.41	1
153.05	0
159.06	1
175.29	0
177.04	0
177.74	0
178.62	0
181.33	0
41.84	1
75.15	1
190.63	0
193.23	0
194.50	0
196.07	0
206.22	0
208.51	0
9.41	1
15.66	1
110.07	0
123.50	0
138.27	0
151.17	0
151.36	0
155.35	0
48.32	1
125.97	0
132.08	0
139.73	0
141.36	0
143.62	1
146.25	0
148.11	0
28.17	1
53.41	1
53.76	1
54.62	1
55.25	0
57.70	1
61.28	1
67.73	1
36.50	1
159.41	0
215.33	0
225.07	0
245.07	0
266.48	0
273.14	0
278.92	0
14.49	1
365.17	0
390.84	0
402.29	0
407.49	0
414.59	0
416.02	0
416.77	0
32.84	1
206.65	0
213.63	0
221.77	0
221.99	0
223.38	0
229.54	0
232.89	0
25.23	1
208.39	0
238.64	0
240.56	0
249.64	0
253.98	0
254.89	0
266.67	0
19.68	1
150.65	1
164.39	1
202.83	0
206.40	0
211.95	0
216.52	0
221.21	0
20.66	1
123.98	0
191.57	0
196.24	0
197.82	0
236.90	0
256.56	0
289.50	0
81.10	0
89.25	0
98.34	0
103.70	0
108.43	0
115.91	0
122.64	0
127.46	0
280.44	1
290.58	0
303.74	0
308.91	1
315.73	0
318.40	0
320.84	0
322.76	0
36.29	1
197.79	0
247.08	0
263.85	0
268.90	0
271.53	0
273.83	0
274.54	0
204.44	1
239.43	0
241.85	1
255.48	1
261.82	0
264.20	0
268.74	0
269.01	0
288.67	0
306.55	0
312.63	0
314.28	0
315.56	0
316.47	0
318.02	0
318.14	0
146.07	1
163.04	0
203.29	0
226.58	0
228.94	0
231.18	0
231.58	0
232.39	0
70.41	1
96.67	0
106.11	1
114.10	0
114.85	0
118.38	0
118.71	0
122.94	0
127.89	0
152.52	1
179.43	0
201.82	0
212.95	0
219.14	0
219.92	0
223.01	0
46.62	1
74.41	0
108.93	1
208.24	0
220.82	0
229.87	0
230.95	0
231.97	0
7.18	1
8.27	1
201.35	0
212.15	0
212.24	0
214.26	0
221.40	0
223.58	0
3.10	1
5.86	1
105.98	0
129.01	0
132.89	0
144.04	0
145.92	0
165.89	0
6.40	1
22.30	1
204.88	0
215.51	0
215.66	0
215.75	0
216.44	0
216.49	0
5.48	1
24.53	1
113.60	0
131.70	0
216.11	0
241.63	0
245.20	0
247.22	0
4.57	1
30.62	1
120.54	0
145.36	0
221.05	0
222.38	0
225.64	0
226.56	0
15.02	1
164.81	0
246.29	0
250.41	0
265.27	0
269.19	0
275.06	0
280.39	0
51.72	1
150.87	0
159.45	0
187.34	0
188.77	0
207.30	0
214.07	0
215.43	0
33.49	1
143.60	0
152.00	0
168.50	0
169.45	0
169.96	0
170.66	0
171.26	0
7.92	1
136.10	0
138.92	0
141.52	0
142.16	0
150.96	0
151.83	0
152.90	0
10.17	1
114.83	0
154.21	0
155.69	0
171.40	0
188.75	0
191.93	0
193.61	0
8.78	1
117.56	1
153.67	0
180.51	0
186.50	0
189.69	0
190.38	0
192.54	0
8.03	1
24.71	1
135.39	0
137.52	0
143.00	0
155.06	0
155.96	0
159.23	0
97.18	0
99.82	0
103.59	0
112.69	0
121.88	0
126.78	0
128.42	0
131.84	0
140.94	0
200.29	0
215.45	1
222.27	0
238.50	0
248.52	0
250.90	0
254.76	0
142.96	0
243.48	0
269.90	0
288.98	0
295.38	0
296.10	0
296.54	0
302.23	0
269.13	0
271.86	0
277.79	0
287.09	0
291.64	0
298.61	0
300.49	0
305.66	0
193.57	0
201.39	0
216.69	0
217.09	0
222.22	0
224.33	0
225.13	0
226.20	0
48.09	1
64.49	1
64.57	1
99.05	0
106.75	1
107.58	0
107.75	0
109.05	0
15.56	1
17.48	1
24.55	1
27.03	1
36.34	1
40.35	1
41.34	1
45.06	1
60.48	1
149.02	1
166.77	0
176.37	0
184.14	0
188.48	0
193.98	0
196.19	0
15.84	1
79.01	0
79.22	0
121.62	0
145.76	0
184.50	0
194.10	0
212.86	0
12.81	1
81.76	0
112.31	1
135.45	0
154.62	1
159.04	0
207.29	0
208.73	0
2.18	1
8.74	1
10.88	1
194.90	0
198.41	0
204.83	0
205.91	0
207.72	0
1.46	1
3.37	1
7.92	1
103.26	0
130.48	0
133.61	0
143.84	0
144.88	0
3.56	1
6.34	1
26.04	1
196.93	0
200.24	0
207.92	0
208.50	0
209.13	0
3.01	1
6.88	1
27.77	1
122.41	0
127.98	0
144.21	0
222.61	0
223.10	0
1.63	1
5.28	1
31.67	1
112.35	0
114.53	0
144.34	0
215.69	0
217.45	0
3.10	1
12.74	1
169.49	0
232.61	0
237.55	0
246.00	0
248.84	0
256.32	0
6.79	1
49.69	1
127.98	0
143.26	0
176.82	0
188.57	0
189.59	0
190.57	0
12.97	1
142.90	0
180.21	0
186.66	0
209.17	0
225.85	0
231.35	0
237.71	0
5.18	1
109.65	1
113.33	1
114.40	1
135.64	0
140.86	0
146.44	0
152.99	0
10.42	1
163.16	0
202.75	0
214.79	0
233.75	0
234.64	0
253.63	0
255.77	0
15.29	1
233.52	1
238.06	0
374.32	0
432.70	0
454.18	0
478.57	0
483.47	0
17.96	1
248.16	0
252.61	1
318.49	0
345.08	1
348.51	0
387.31	0
395.14	0
14.40	1
181.98	0
182.59	0
183.85	0
226.91	0
230.30	0
230.52	0
238.76	0
43.63	1
193.98	0
202.19	0
202.65	0
209.41	1
217.77	0
219.81	0
226.17	1
207.93	0
247.35	0
250.16	0
259.74	0
265.70	0
266.26	0
267.60	0
271.31	0
404.47	0
413.39	0
417.20	0
430.15	0
435.19	0
435.92	0
436.75	0
436.75	0
134.09	1
155.51	1
158.51	1
158.64	1
202.43	1
207.11	1
221.43	0
221.72	0
167.82	1
168.22	1
171.38	1
192.39	1
200.05	1
202.07	1
212.51	1
441.33	0
216.76	0
219.19	0
220.09	0
226.38	0
235.10	0
245.88	0
247.73	0
247.80	0
114.11	1
179.35	0
193.56	0
199.05	0
200.00	0
205.14	0
205.83	0
208.68	0
278.14	0
278.35	0
281.46	0
283.17	0
284.24	0
287.25	0
289.52	0
289.94	0
82.46	1
91.94	1
102.89	0
103.09	1
104.78	1
131.10	0
132.68	0
134.42	0
19.69	1
84.05	1
99.48	0
100.06	0
116.48	0
117.45	0
123.80	0
126.06	0
82.06	0
174.99	0
179.88	1
181.75	0
208.78	0
216.76	0
218.27	0
226.54	0
27.29	0
136.00	0
146.51	0
147.17	0
147.39	0
152.72	0
152.89	0
157.02	0
20.75	1
59.10	1
76.01	1
143.57	0
185.64	0
188.56	0
190.23	0
190.25	0
2.79	1
8.50	1
16.35	1
106.33	0
121.36	0
134.80	0
134.87	0
146.68	0
25.39	1
48.15	1
73.00	0
76.27	0
76.82	0
78.99	0
79.12	0
84.19	0
8.92	0
20.84	0
38.63	0
41.87	0
42.72	0
44.16	0
45.97	0
47.96	0
184.48	0
216.55	0
229.77	0
238.62	0
242.46	0
243.55	0
244.78	0
249.53	0
157.67	0
172.88	0
177.70	0
216.00	1
226.92	0
232.56	0
234.57	0
237.91	0
284.88	0
300.17	0
300.34	0
304.26	0
307.49	0
309.26	0
310.71	0
311.19	0
124.12	0
143.39	0
147.62	0
170.05	0
182.30	0
186.47	1
187.04	0
187.26	0
283.94	0
301.11	0
303.02	0
314.13	0
321.28	0
322.71	0
323.22	0
323.71	0
436.66	0
441.48	0
451.95	0
453.39	0
454.31	0
457.31	0
462.18	0
462.98	0
249.89	0
262.32	1
274.87	0
279.53	0
281.57	0
286.88	0
287.05	1
290.17	0
172.71	1
186.96	1
224.56	0
227.74	1
230.73	1
231.02	1
234.56	0
243.43	0
191.12	1
191.61	1
192.69	1
201.27	1
214.92	1
218.91	1
220.02	1
447.16	0
229.65	0
241.82	0
264.20	0
277.62	0
278.37	0
284.82	0
288.75	0
290.51	0
323.06	0
325.20	0
328.57	0
329.15	0
329.55	0
331.69	0
332.16	0
332.41	0
358.17	0
374.92	0
375.67	0
380.01	0
380.14	0
381.57	0
383.69	0
384.28	0
337.18	0
344.43	0
344.67	1
361.81	0
362.47	0
368.94	0
374.02	0
375.81	0
479.17	0
480.70	0
484.43	0
487.13	0
487.18	0
493.20	0
494.63	0
495.33	0
113.33	1
118.36	1
126.31	1
129.86	1
134.11	0
151.98	0
156.51	0
159.98	0
32.58	1
45.45	1
45.60	1
45.64	1
47.84	1
49.54	1
52.44	1
57.17	0
92.84	0
95.83	1
131.40	0
153.39	0
153.53	0
157.73	0
160.51	0
164.69	0
79.24	1
104.19	1
156.80	0
169.41	0
175.52	0
194.84	0
206.33	0
208.05	0
144.37	0
153.34	0
161.89	0
204.36	1
213.23	0
216.69	0
221.94	0
248.18	1
76.96	1
112.61	0
119.80	0
123.07	0
132.01	0
134.87	0
135.81	0
138.32	0
54.58	1
108.80	1
127.64	1
140.08	1
152.27	1
152.29	1
227.78	1
236.13	0
11.67	1
14.64	1
16.91	1
32.13	1
40.63	1
53.70	1
53.79	1
166.53	1
160.46	0
165.72	0
170.79	0
172.55	0
173.22	0
178.90	0
180.43	0
181.28	0
236.34	0
236.56	0
239.04	0
240.07	0
240.80	0
240.88	0
246.07	0
247.75	0
197.63	1
230.03	0
231.74	0
232.35	0
234.30	0
235.11	0
235.45	0
242.93	0
219.70	0
220.49	0
237.31	0
244.80	0
245.41	0
245.43	0
245.49	0
251.67	0
188.96	0
198.31	0
198.45	0
203.98	1
204.36	1
205.35	0
210.52	0
210.60	0
52.53	1
68.22	0
80.53	0
98.53	0
100.80	0
109.99	1
113.11	0
114.66	0
193.45	0
193.69	0
193.86	0
199.42	0
199.48	0
200.04	0
200.68	0
201.24	0
345.44	0
345.50	0
346.03	0
346.09	0
347.58	0
348.28	0
351.51	0
352.15	0
179.65	0
183.88	0
197.87	0
214.42	0
215.52	0
216.31	0
218.05	0
218.68	0
82.60	1
105.08	0
143.48	0
148.21	0
149.42	0
149.89	0
157.66	0
165.89	0
73.00	0
76.13	0
78.72	0
178.66	0
184.30	1
186.85	0
189.30	0
191.60	0
253.00	0
259.67	0
261.62	0
262.61	0
267.76	0
276.95	0
277.91	0
278.40	0
229.37	0
234.98	0
238.56	0
240.10	0
246.94	0
248.39	0
253.11	0
253.77	0
268.34	0
276.70	0
279.12	0
283.37	0
291.42	0
294.35	0
294.59	0
295.93	0
346.97	0
347.17	0
354.60	0
385.41	0
393.74	0
398.43	0
400.80	0
402.44	0
618.13	0
626.57	0
637.58	0
642.61	0
651.56	0
659.23	0
660.18	0
660.43	0
280.04	0
300.64	0
304.42	0
305.58	0
318.15	0
318.73	0
319.61	0
326.14	0
55.65	1
72.92	1
83.84	0
91.70	1
92.84	1
96.37	1
103.10	1
126.51	0
114.35	1
204.56	0
210.28	1
215.49	0
230.48	0
234.72	0
234.90	0
240.59	0
12.67	1
19.70	1
86.73	1
256.29	0
274.92	0
288.23	0
290.99	0
293.13	0
118.99	1
128.58	1
133.43	1
137.67	0
150.74	0
154.97	0
155.05	0
170.50	0
141.01	0
176.42	0
180.93	0
183.99	0
191.22	0
193.15	0
197.08	0
197.10	0
282.44	0
292.84	0
293.06	0
297.16	0
307.22	0
315.54	0
315.81	0
315.82	0
306.67	0
358.44	0
361.15	0
363.95	0
365.26	0
365.85	0
379.26	0
381.84	0
78.12	1
78.95	1
120.63	0
128.60	0
128.71	0
134.04	0
139.13	0
141.21	0
35.93	1
43.67	1
98.77	1
104.22	1
113.59	0
130.77	1
131.80	1
137.50	0
127.69	0
151.34	0
196.19	0
216.34	0
216.87	0
222.02	0
226.98	0
233.53	0
56.55	1
61.42	1
62.90	1
70.83	0
90.56	1
91.26	1
91.96	1
94.00	0
134.65	1
188.06	0
195.67	0
208.62	0
213.14	0
218.30	0
223.69	0
229.21	0
151.79	0
158.77	0
158.79	0
159.54	0
161.58	1
164.32	0
166.50	0
169.44	0
311.71	0
313.54	0
314.19	0
317.93	0
319.58	0
320.01	0
320.91	0
322.41	0
145.47	0
165.13	0
172.68	0
174.06	0
185.66	0
189.33	0
190.78	0
192.29	0
245.59	0
257.91	0
259.85	0
263.76	0
271.35	0
273.57	0
274.64	0
278.54	0
182.81	0
189.36	0
195.43	0
198.90	0
199.63	0
202.81	0
206.18	0
212.14	0
261.86	0
328.54	0
328.85	0
329.02	0
330.41	0
333.02	0
333.13	0
334.89	0
50.34	1
51.97	1
52.67	1
57.57	1
63.50	0
64.58	0
65.06	0
67.27	1
75.23	0
77.99	1
118.58	1
119.30	0
162.70	1
167.80	0
189.61	0
191.56	0
180.72	0
190.26	0
200.74	0
224.46	0
227.32	0
227.47	0
234.10	0
234.37	0
240.53	0
271.74	0
274.30	0
277.01	0
278.67	0
279.88	0
280.32	0
285.62	0
55.43	1
80.64	0
83.07	0
89.44	1
89.78	0
97.61	0
101.50	1
112.45	1
32.39	1
54.44	1
98.64	1
127.50	1
133.36	1
136.79	1
143.75	1
165.19	0
17.99	1
23.02	1
30.92	1
31.10	1
54.28	1
60.26	1
80.35	1
82.04	1
105.68	0
105.99	0
112.16	0
113.47	0
113.82	0
114.75	0
114.90	0
122.47	0
259.55	0
299.49	0
303.79	0
307.18	0
310.04	0
319.14	0
320.92	0
324.95	0
235.20	0
241.45	0
247.38	0
281.33	0
285.09	0
289.31	0
293.68	0
295.05	0
366.64	1
372.03	1
373.62	1
376.65	1
379.76	1
380.69	0
382.78	0
383.58	1
210.44	0
215.69	0
217.13	0
217.44	0
229.09	0
232.11	0
233.03	0
242.98	0
63.40	1
265.62	0
265.79	0
272.43	0
274.67	0
277.06	0
280.27	0
284.65	0
23.14	1
71.10	1
82.93	0
98.21	0
102.70	0
105.85	0
106.21	0
109.12	0
184.14	0
187.38	0
190.42	0
191.14	0
192.58	0
193.81	0
195.33	0
196.51	0
177.95	0
184.50	0
186.72	0
191.53	0
193.27	0
196.45	0
197.84	0
202.35	0
32.09	1
74.74	1
88.00	1
92.19	0
137.32	0
137.81	0
140.95	0
150.53	0
84.30	1
94.55	1
110.43	0
114.86	0
116.65	1
121.82	1
124.72	0
126.09	1
204.15	0
215.29	0
217.88	0
220.92	0
222.08	0
222.21	0
224.28	0
225.28	0
205.39	0
219.75	0
219.97	0
222.15	0
227.98	0
231.45	0
233.09	0
235.34	0
186.95	0
191.90	0
192.11	0
208.09	0
208.86	0
208.97	0
212.53	0
215.37	0
231.33	0
237.92	0
238.09	0
247.91	0
249.56	0
251.39	0
252.31	0
254.46	0
355.18	0
355.56	0
363.84	0
376.24	0
380.76	0
383.63	0
384.39	0
384.48	0
173.05	0
183.98	0
189.17	0
190.23	0
192.33	0
193.36	0
199.51	0
201.74	0
152.19	0
194.87	0
195.03	0
207.26	0
208.04	0
214.66	0
214.96	0
216.04	0
51.81	1
66.51	1
79.82	1
85.63	1
101.36	0
101.62	1
103.05	1
109.95	0
103.35	0
196.77	0
203.08	0
206.28	0
224.72	0
227.21	0
230.72	0
231.08	0
137.09	1
210.48	0
218.66	0
223.45	0
225.03	0
226.79	0
228.59	0
229.28	0
185.82	0
198.21	0
222.05	0
225.10	0
229.82	0
231.91	0
232.44	0
235.06	0
103.55	0
112.94	0
118.91	0
119.72	0
132.38	0
144.67	0
147.53	0
154.78	0
209.17	0
209.45	1
209.69	1
211.51	1
213.22	1
218.20	0
222.13	1
222.84	1
113.99	1
115.89	1
178.25	1
190.04	0
204.88	0
210.30	0
213.99	1
222.39	0
19.94	1
25.84	1
26.88	1
81.38	1
283.43	0
295.62	0
310.04	0
310.91	0
57.28	0
77.24	1
80.46	0
101.62	0
101.80	0
102.17	1
103.51	1
111.27	0
217.68	1
226.85	0
229.75	0
235.45	0
235.59	0
238.51	0
240.28	0
240.75	0
82.37	1
173.61	0
195.18	0
200.29	0
205.87	0
207.14	0
208.01	0
210.52	0
233.47	0
235.38	0
235.95	0
240.96	0
246.08	0
246.16	0
246.38	0
246.85	0
189.39	0
194.41	0
205.35	0
206.15	0
208.06	0
209.84	0
211.00	0
212.39	0
120.02	1
141.73	0
161.19	0
165.18	0
170.02	0
170.75	0
173.23	0
176.11	0
193.63	0
196.72	0
199.44	0
205.86	0
208.88	0
210.00	0
210.98	0
211.05	0
218.02	0
221.30	0
222.74	0
225.23	0
229.84	0
231.85	0
232.20	0
233.55	0
153.30	0
153.51	0
160.70	0
171.66	0
174.44	0
176.30	0
180.30	0
183.60	0
195.68	0
200.61	0
216.01	0
217.42	0
218.82	0
218.85	0
221.42	0
223.07	0
284.61	0
287.27	0
292.17	0
292.93	0
296.93	0
298.23	0
298.52	0
302.64	0
179.22	0
181.25	0
185.68	0
194.28	0
200.99	0
201.32	0
201.47	0
206.36	0
164.29	0
177.55	0
186.20	0
191.75	0
192.08	0
199.97	0
202.95	0
204.15	0
218.73	0
242.46	0
260.53	0
283.81	0
286.51	0
290.61	0
296.07	0
302.93	0
212.94	0
223.12	0
228.68	0
229.02	0
231.63	0
233.41	0
236.21	0
238.23	0
470.26	0
474.62	0
483.34	0
485.40	0
485.50	0
488.18	0
489.96	0
495.70	0
283.87	0
346.84	0
347.89	0
349.06	0
353.45	0
354.18	0
355.00	0
355.08	0
245.38	0
319.66	0
322.02	0
324.98	0
326.61	0
327.96	0
334.62	0
334.75	0
194.62	0
204.29	0
206.59	0
212.39	0
215.52	0
218.08	0
223.57	0
224.40	0
26.17	1
27.40	1
30.22	1
38.45	1
50.82	0
65.35	1
81.41	1
83.69	1
206.20	0
219.35	0
223.17	0
255.56	0
266.81	0
267.09	0
274.65	0
288.03	0
256.51	0
298.99	0
300.18	0
302.91	0
306.25	0
307.86	0
310.41	0
313.40	0
211.96	0
217.94	0
218.15	0
220.31	0
223.39	0
228.68	0
236.56	0
237.90	0
169.59	0
172.64	0
181.71	0
188.80	0
190.84	0
193.05	0
193.68	0
194.92	0
232.01	0
281.35	0
287.83	0
295.34	0
295.45	0
297.81	0
299.30	0
299.57	0
278.67	0
280.82	0
284.25	0
286.00	0
291.53	0
292.50	0
293.09	0
296.08	0
185.61	0
186.53	0
188.67	0
199.15	0
201.68	0
201.93	0
204.22	0
204.34	0
247.97	0
249.35	0
250.77	0
256.76	0
257.62	0
261.58	0
263.67	0
265.62	0
165.23	0
175.04	0
175.28	0
182.27	0
185.07	0
189.75	0
190.02	0
190.64	0
204.53	0
206.49	0
241.31	1
243.44	0
248.87	1
249.36	0
253.39	1
253.78	0
214.30	0
258.46	0
262.24	0
263.16	0
265.66	0
268.88	0
270.61	0
272.38	0
215.45	0
226.96	0
230.93	0
232.30	0
233.58	0
234.37	0
240.85	0
243.39	0
128.85	0
132.35	0
140.89	0
142.24	0
143.22	0
143.88	0
144.22	0
147.20	0
292.66	0
306.93	0
308.11	0
328.83	0
332.76	0
333.52	0
334.86	0
340.04	0
278.96	0
279.09	0
282.85	0
285.66	0
292.14	0
295.01	0
300.44	0
301.61	0
322.11	0
335.03	0
336.98	0
348.30	0
350.05	0
350.24	0
350.37	0
354.43	0
555.26	0
555.70	0
557.56	0
558.00	0
559.50	0
559.85	0
569.75	0
571.07	0
144.65	0
148.36	0
152.20	0
172.43	0
175.86	0
179.04	0
179.33	0
179.95	0
139.23	0
179.12	0
181.65	0
183.99	0
187.66	0
190.40	0
190.60	0
191.50	0
154.83	0
161.81	0
163.65	0
166.84	0
169.07	0
178.82	0
179.03	0
180.98	0
246.17	0
255.42	0
260.48	0
262.98	0
263.95	0
264.94	0
267.61	0
268.57	0
148.86	1
152.51	0
152.63	1
156.45	1
160.29	1
165.23	1
167.06	1
173.86	1
109.54	1
182.28	1
230.47	0
245.89	1
246.06	1
266.64	0
278.81	0
279.01	0
21.20	1
26.09	1
28.63	1
96.37	1
294.77	0
306.11	0
316.05	0
320.80	0
76.76	1
84.75	0
99.82	1
104.75	0
109.11	1
109.43	0
111.46	0
112.63	0
166.42	0
179.19	0
212.74	0
222.11	0
226.38	0
227.69	0
233.22	0
242.32	0
133.65	1
191.83	1
235.75	0
240.08	0
240.23	0
242.10	0
244.20	0
245.16	0
136.69	0
138.05	1
144.87	0
149.68	0
150.91	0
156.68	0
158.37	0
158.81	0
173.97	0
178.34	0
189.24	0
190.75	0
196.18	0
203.33	0
203.74	0
204.97	0
104.47	0
107.50	0
117.03	0
120.89	0
136.75	0
150.45	0
160.46	0
162.44	0
162.10	1
164.11	1
167.52	1
168.96	1
179.43	1
189.15	1
202.23	1
209.44	0
302.71	0
309.72	0
320.58	0
368.34	0
376.09	0
383.78	0
389.22	0
392.62	0
370.50	0
379.13	0
391.92	0
393.01	0
393.23	0
393.38	0
395.52	0
396.87	0
72.13	1
93.16	0
93.44	0
95.83	1
97.29	0
97.45	0
117.67	1
120.22	0
176.71	0
227.78	0
234.15	0
235.50	0
237.75	0
242.63	0
244.57	0
254.89	0
194.92	0
210.49	0
213.99	0
237.89	0
246.86	0
250.04	0
250.06	0
252.37	0
227.00	0
232.89	1
236.65	0
254.53	0
254.55	0
266.62	1
267.13	0
272.44	0
204.19	1
226.29	0
231.31	0
245.19	0
246.78	0
248.20	0
249.13	0
258.97	0
234.17	0
408.42	0
410.51	0
413.21	0
419.78	0
420.65	0
422.87	0
425.14	0
223.63	0
226.68	0
227.97	0
233.87	0
236.02	0
244.57	0
245.01	0
245.11	0
182.96	0
183.90	0
188.92	0
190.93	0
204.10	0
207.13	0
213.32	0
217.08	0
184.75	1
188.41	0
195.99	1
201.63	1
204.38	0
223.27	0
224.02	1
225.05	1
312.47	0
314.18	0
329.14	0
331.49	0
335.92	0
337.21	0
340.44	0
341.99	0
253.82	0
261.48	0
262.31	0
294.95	0
295.07	0
297.14	0
302.88	0
304.87	0
130.30	0
241.61	0
250.14	0
252.11	0
255.77	0
257.63	0
259.44	0
260.30	0
79.31	1
93.29	1
98.12	1
101.20	1
113.90	0
115.85	1
124.61	1
133.81	1
234.54	0
246.47	0
262.34	0
270.43	0
280.60	0
285.62	0
287.76	0
291.65	0
403.13	0
419.97	0
424.80	0
432.56	0
439.03	0
448.32	0
453.14	0
455.58	0
106.49	0
210.24	0
220.40	0
224.24	0
225.32	0
225.71	0
228.42	0
228.87	0
136.10	1
226.32	0
231.75	0
242.11	0
250.88	0
251.63	0
253.55	0
255.73	0
30.29	1
78.85	0
96.37	0
99.53	0
108.85	0
115.61	1
117.92	0
118.77	1
289.03	0
328.60	0
331.87	0
332.22	0
335.22	0
335.60	0
337.19	0
345.45	0
604.58	0
607.44	0
607.44	0
608.37	0
612.07	0
613.58	0
621.91	0
626.33	0
620.63	0
628.41	0
631.98	0
634.46	0
634.72	0
648.04	0
661.42	0
664.35	0
619.23	0
621.78	0
624.11	0
628.09	0
629.25	0
630.15	0
637.26	0
645.25	0
148.23	1
166.39	1
197.12	1
198.74	1
198.78	0
203.92	1
206.59	0
206.99	0
258.89	0
264.09	0
265.15	0
274.72	0
274.95	0
277.17	0
278.06	0
278.47	0
484.84	0
490.63	0
491.98	0
493.74	0
493.81	0
507.89	0
513.17	0
516.82	0
457.07	0
476.17	0
482.77	0
483.56	0
486.30	0
486.32	0
486.88	0
487.17	0
271.66	0
275.35	0
275.38	0
285.66	0
285.83	0
287.25	0
288.06	0
291.24	0
246.85	0
251.58	0
256.41	0
276.97	0
293.27	0
294.72	0
298.69	0
299.52	0
103.55	1
122.49	1
141.83	0
144.30	1
169.20	0
171.78	0
173.45	1
176.81	1
79.50	0
96.44	0
101.62	0
108.73	0
142.31	0
165.98	0
172.24	0
176.42	0
105.48	0
111.97	0
117.80	0
141.30	0
148.12	1
155.35	0
157.67	0
158.37	0
116.24	1
117.20	1
123.67	1
174.51	0
176.56	0
187.87	0
191.30	0
196.25	0
202.89	0
205.59	0
211.26	0
211.73	0
212.37	0
217.44	0
217.51	0
217.75	0
100.64	1
107.53	1
165.88	0
167.15	0
170.45	0
170.65	0
171.22	0
171.81	0
184.49	0
188.16	0
200.19	0
209.41	1
213.14	0
216.97	0
218.21	0
218.32	0
134.12	1
156.41	0
187.91	0
200.27	0
201.17	0
203.79	0
204.75	0
205.08	0
46.97	1
73.02	1
252.16	0
256.61	0
257.80	0
261.72	0
261.79	0
264.12	0
34.24	1
34.80	1
66.27	1
86.91	0
87.53	0
91.47	0
99.99	0
101.05	1
252.53	0
259.92	0
274.33	0
282.53	0
286.29	0
286.52	0
290.66	0
293.11	0
169.58	0
171.95	0
173.88	0
175.79	0
177.72	0
181.57	0
185.24	0
185.36	0
192.98	0
198.71	0
209.47	0
209.94	0
213.75	0
214.07	0
217.81	0
218.13	0
151.63	0
153.04	0
153.43	0
155.12	0
160.19	0
160.53	0
167.52	0
169.44	0
71.77	1
85.47	1
160.61	1
166.22	1
166.24	0
181.50	0
187.82	0
198.37	0
81.17	0
142.20	0
147.63	0
148.09	0
157.39	0
163.82	0
167.71	0
168.69	0
107.39	0
126.65	0
128.89	0
130.19	0
133.68	0
135.60	0
140.88	0
144.43	0
99.39	0
131.70	0
143.89	0
154.70	0
154.99	0
156.43	0
157.19	0
158.26	0
177.20	0
182.57	0
192.97	0
203.66	0
204.90	0
211.06	0
211.62	0
219.77	0
15.29	1
44.68	1
61.24	1
74.59	1
78.15	1
88.82	1
93.46	1
95.68	1
73.36	0
92.24	0
99.71	0
175.42	0
195.81	0
200.61	0
202.51	0
203.54	0
134.22	0
137.48	0
141.76	0
145.98	0
167.02	0
182.79	0
183.94	0
188.50	0
155.29	0
158.38	0
165.48	0
165.71	0
198.78	0
209.33	0
215.38	0
215.83	0
76.91	1
85.63	1
90.00	0
101.58	1
102.29	1
106.24	1
109.96	1
110.27	0
42.87	1
47.23	1
74.83	1
129.70	1
139.15	1
149.17	1
162.71	1
172.99	1
17.58	1
24.55	1
27.64	1
37.19	1
37.81	1
61.29	1
65.46	1
85.84	1
80.97	1
85.18	1
90.11	1
95.20	0
112.96	1
115.35	1
120.18	0
130.06	1
175.01	0
178.23	0
186.25	0
190.77	0
194.68	0
196.79	0
197.53	0
199.26	0
209.12	0
209.30	0
219.67	0
227.48	0
227.91	0
228.40	0
229.64	0
234.06	0
108.26	0
150.73	0
169.41	1
170.96	0
171.65	0
183.07	0
187.74	0
191.94	0
60.25	1
98.38	1
148.58	0
192.29	0
196.43	0
204.38	0
205.91	0
206.63	0
103.86	1
109.51	1
141.60	0
164.27	0
166.02	0
172.84	0
173.87	0
177.26	0
30.03	1
39.22	0
39.23	1
65.08	1
67.60	0
68.33	1
74.08	0
84.59	0
140.33	1
156.46	0
201.19	0
208.58	0
215.44	0
219.36	0
222.17	0
222.46	0
33.41	1
307.76	0
313.24	0
314.17	0
318.35	0
318.42	0
318.63	0
322.27	0
126.22	1
239.79	0
250.48	0
251.51	0
260.36	0
266.29	0
267.63	0
269.37	0
59.38	1
374.00	0
400.91	0
415.41	0
417.67	0
421.13	0
421.24	0
422.30	0
47.05	0
50.69	1
54.32	1
55.54	1
59.64	1
78.63	0
81.56	0
86.33	0
11.76	1
14.61	1
15.62	1
17.24	1
18.00	1
19.43	1
22.70	1
31.89	1
70.45	0
71.97	0
75.47	1
100.81	1
122.50	1
126.60	0
161.97	1
168.60	0
144.86	1
163.81	1
166.02	1
168.71	1
226.64	0
229.69	0
233.59	0
234.38	0
139.54	0
142.14	0
166.61	0
169.21	0
171.87	0
173.56	0
176.74	0
189.85	0
163.48	0
173.26	0
175.27	0
191.05	0
193.95	0
196.04	0
200.60	0
204.67	0
212.37	0
216.64	0
218.85	0
222.30	0
233.27	0
234.83	0
244.09	0
245.46	0
153.42	1
155.21	1
166.00	1
169.38	1
172.55	1
175.00	0
180.35	0
180.44	1
107.14	1
108.83	1
115.13	1
124.32	1
130.94	1
155.11	1
166.33	1
170.26	1
39.67	1
61.26	1
166.12	1
167.74	1
169.40	1
170.01	1
170.36	1
171.20	1
155.91	1
159.88	1
196.31	0
218.05	1
220.42	0
225.26	0
238.11	0
243.80	0
195.19	0
201.91	0
211.34	0
211.72	0
213.98	0
215.34	0
215.37	0
216.24	0
56.16	1
64.69	1
73.66	1
84.67	0
88.43	1
93.20	0
106.59	0
106.99	0
240.93	0
266.43	0
266.45	0
268.51	0
268.93	0
271.42	0
273.69	0
274.38	0
127.62	0
141.61	0
150.93	0
228.88	0
232.56	0
235.10	0
238.94	0
250.31	0
127.21	0
130.81	0
164.46	0
169.82	0
173.40	0
179.86	0
181.24	0
182.96	0
216.82	0
225.76	0
226.88	0
227.63	0
229.64	0
232.84	0
239.79	0
240.89	0
51.25	1
52.03	1
61.40	1
67.63	1
72.36	1
81.73	1
86.26	1
90.21	0
224.57	0
228.58	0
244.61	0
258.27	0
275.03	0
275.10	0
290.31	0
291.65	0
411.63	0
411.97	0
424.33	0
436.57	0
444.52	0
452.44	0
453.44	0
453.49	0
142.30	1
150.70	1
164.04	0
165.51	0
169.38	0
174.92	0
175.93	1
176.19	0
63.37	1
74.03	0
80.02	1
105.95	0
106.05	0
108.45	0
109.99	1
112.76	0
88.93	1
112.64	1
133.61	0
163.08	1
165.78	0
172.17	0
174.78	0
180.06	0
99.02	1
124.57	1
183.41	0
192.94	0
214.50	0
216.47	0
229.37	0
235.39	0
58.54	1
90.02	1
172.48	0
177.54	0
182.95	0
183.40	0
184.29	0
184.89	0
116.76	0
116.93	1
124.07	0
127.54	1
127.88	0
131.32	0
132.11	0
133.42	1
179.85	0
218.65	0
229.90	0
233.77	0
235.07	0
235.89	0
239.30	0
243.26	0
193.96	0
213.02	0
220.34	0
225.56	0
228.44	0
230.11	0
234.51	0
236.24	0
73.92	0
80.15	1
81.76	0
82.35	0
84.69	0
94.40	0
100.67	0
102.08	0
203.29	0
210.50	0
211.08	0
214.39	0
217.07	0
220.93	0
227.61	0
228.97	1
163.19	0
201.47	0
215.74	0
217.85	0
220.12	0
220.12	0
221.49	0
221.95	0
207.25	0
209.86	0
214.61	0
229.68	0
231.40	0
232.01	0
233.21	0
234.65	0
33.49	1
39.63	1
42.17	1
56.79	1
60.72	1
61.45	0
63.41	1
66.73	0
253.36	0
292.85	0
294.23	0
310.47	0
312.07	0
315.77	0
317.15	0
318.59	0
171.86	1
214.12	1
244.22	0
269.43	0
281.18	0
295.60	0
318.24	0
320.20	0
37.93	1
43.11	1
340.17	0
352.17	0
357.06	0
358.18	0
362.04	0
362.53	0
88.94	0
154.36	0
319.44	0
369.19	0
370.21	0
374.90	0
376.51	0
381.06	0
215.33	1
244.59	1
353.71	0
354.26	0
360.63	0
363.31	0
364.92	0
371.18	0
65.24	1
66.44	1
349.38	0
385.09	0
387.73	0
390.64	0
391.10	0
394.61	0
50.20	0
56.18	0
61.21	0
66.91	0
79.20	0
83.26	1
88.71	0
89.64	0
304.34	0
344.34	0
357.69	0
358.99	0
360.00	0
360.05	0
375.52	0
375.63	0
483.09	0
503.93	0
517.76	0
535.82	0
536.92	0
544.19	0
552.66	0
555.97	0
343.12	0
351.04	0
356.81	0
359.76	0
361.51	0
366.01	0
373.23	0
384.70	0
15.79	1
26.46	1
80.19	0
88.96	0
102.13	0
103.82	0
105.99	0
106.04	0
25.54	1
43.53	1
45.78	1
48.99	0
52.46	1
52.81	1
74.38	0
79.91	0
5.16	1
6.93	1
8.66	1
8.71	1
15.78	1
16.23	1
19.11	1
24.29	1
152.65	1
165.03	0
166.26	0
177.22	0
179.96	1
181.18	0
184.91	0
186.91	0
111.49	1
141.65	1
151.65	1
160.05	0
164.35	0
206.21	0
212.07	0
222.33	0
55.36	1
87.84	1
90.27	1
181.66	0
186.90	0
187.08	0
188.66	0
189.74	0
145.38	0
150.51	1
152.20	0
157.61	0
159.38	0
161.38	0
161.81	0
162.81	0
199.76	0
215.32	0
224.72	0
225.66	0
226.33	0
230.63	0
232.21	0
236.91	0
153.45	0
182.88	0
195.89	0
212.66	0
214.75	0
217.86	0
218.93	0
219.52	0
39.97	1
77.09	1
78.66	1
80.33	1
86.43	1
87.72	1
100.39	1
104.51	1
191.02	0
214.58	0
222.75	0
224.77	0
224.90	0
225.78	0
227.01	0
227.05	0
239.93	0
244.67	0
245.70	0
247.26	0
250.53	0
254.02	0
254.55	0
255.06	0
194.80	0
196.16	0
202.14	0
202.82	0
204.38	0
205.88	0
207.66	0
208.06	0
346.81	1
484.65	0
516.31	0
535.20	0
546.95	0
547.01	0
547.65	0
563.11	0
150.99	1
380.16	0
395.29	0
395.62	0
398.25	0
401.65	0
403.15	0
403.25	0
71.01	1
83.20	1
86.41	1
88.07	0
94.98	1
109.46	0
109.94	1
117.04	0
177.12	0
179.53	0
179.64	0
181.59	0
181.85	0
182.70	0
188.10	0
191.16	0
243.42	0
261.13	0
268.42	0
270.77	0
270.85	0
275.61	0
279.75	0
280.21	0
284.31	0
299.51	0
301.42	0
302.58	0
305.34	0
306.71	1
307.96	0
316.44	0
214.94	0
226.25	0
265.83	0
273.12	0
273.25	0
275.27	0
275.56	0
282.13	0
164.30	1
168.60	0
169.31	0
170.91	0
173.84	0
179.44	0
180.52	0
185.07	0
204.00	0
211.48	0
213.69	0
219.68	0
220.68	0
224.52	0
228.66	0
229.77	0
174.42	0
189.49	0
189.88	0
191.87	0
198.39	0
199.22	0
200.13	0
200.14	0
78.50	0
80.31	0
85.14	0
88.50	0
109.52	0
112.80	0
116.63	0
119.78	0
130.49	1
140.83	1
140.93	1
144.70	0
147.65	0
160.93	1
166.71	0
174.41	0
191.48	0
197.58	0
202.48	0
203.90	0
205.14	0
206.03	0
206.30	0
206.96	0
215.04	0
216.45	0
216.68	0
223.32	0
225.91	0
231.94	0
234.62	0
237.69	0
396.94	0
405.91	0
408.81	0
411.13	0
425.87	0
428.09	1
432.11	0
434.67	0
298.21	0
304.20	0
305.03	0
313.87	0
320.66	0
320.79	0
326.30	0
328.86	0
317.78	0
330.42	1
341.15	0
345.50	0
349.06	0
350.40	0
353.13	0
356.76	0
215.60	0
223.75	0
267.88	0
275.84	0
275.95	0
277.25	0
277.31	0
283.15	0
161.43	0
163.81	0
167.76	0
167.78	0
168.29	1
175.30	0
175.45	0
179.87	0
96.49	1
123.34	1
133.85	1
139.41	0
143.44	0
143.66	0
147.73	0
150.77	0
147.46	0
220.30	0
231.64	0
239.80	0
241.09	0
241.90	0
243.51	0
249.47	0
144.33	0
144.80	0
147.38	0
148.68	0
149.21	0
153.43	0
155.23	0
158.08	0
69.55	1
197.29	0
198.45	0
198.60	0
209.17	0
212.29	0
214.96	0
217.62	0
31.47	1
254.95	0
287.69	0
287.94	0
322.45	0
325.97	0
327.07	0
327.27	0
26.66	1
37.39	1
37.61	1
41.52	1
46.59	0
46.80	1
59.73	1
61.28	0
5.07	1
6.09	1
7.65	1
8.51	1
10.80	1
11.52	1
15.97	1
20.93	1
163.99	1
207.58	1
208.43	0
212.30	0
213.28	1
213.53	1
223.09	0
234.64	0
238.83	0
240.04	0
257.50	0
257.53	0
258.37	0
263.29	0
263.41	0
265.37	0
226.85	0
230.70	0
232.38	0
241.99	0
246.79	0
247.06	0
251.42	0
258.23	0
88.66	1
132.28	1
158.44	0
158.59	0
160.90	0
162.54	0
163.03	0
163.52	0
124.68	0
145.52	0
180.86	0
181.60	0
192.13	0
192.48	0
193.66	0
198.88	0
123.54	1
141.48	0
158.59	1
159.96	0
163.25	0
170.50	1
171.27	1
171.39	0
63.92	1
65.01	1
76.50	1
78.02	1
83.60	1
83.67	1
109.01	0
120.75	1
330.23	0
337.16	0
350.43	0
350.51	0
354.36	0
354.37	0
355.11	0
355.13	0
254.90	0
256.34	0
257.51	0
269.28	0
271.01	0
273.57	0
274.36	0
275.27	0
397.38	0
401.86	0
403.13	0
404.47	0
418.59	0
421.32	0
424.68	0
427.93	0
104.02	0
147.60	0
148.35	0
157.20	0
163.37	0
165.57	0
166.47	0
166.61	0
245.45	0
255.17	0
256.26	0
258.11	0
260.53	0
264.87	0
268.42	0
269.80	0
270.16	0
274.53	0
275.71	0
279.32	0
280.09	0
281.47	0
287.86	0
288.30	0
122.69	0
125.78	0
132.55	0
133.10	0
135.71	0
137.83	0
139.45	0
140.26	0
203.15	0
206.97	0
210.61	0
211.32	0
212.36	0
213.44	0
214.01	0
214.04	0
58.04	1
84.44	0
87.15	0
87.63	0
94.69	0
96.93	0
97.42	0
100.25	0
177.93	0
178.82	0
188.00	0
192.28	0
197.48	0
198.00	0
198.56	0
198.64	0
57.93	1
76.44	1
82.89	1
84.43	0
84.92	1
90.40	1
92.15	0
94.44	1
238.63	0
238.67	0
248.06	0
249.13	0
250.06	0
250.30	0
255.91	0
256.81	0
319.63	0
338.64	0
340.18	0
348.91	0
349.88	0
352.24	0
354.00	0
355.60	0
158.74	0
162.50	0
163.53	0
174.00	0
177.98	0
184.78	0
188.84	0
188.98	0
80.47	1
147.87	0
157.49	0
158.08	0
164.14	0
166.06	0
170.10	0
171.01	0
64.57	1
65.31	1
65.74	1
78.94	1
81.17	1
87.36	0
88.69	1
94.69	0
167.06	0
183.68	0
187.99	0
188.51	0
200.98	0
201.74	0
204.12	0
204.93	0
141.52	1
169.08	0
171.08	0
171.70	0
172.79	0
173.90	0
177.63	0
181.19	0
100.39	0
106.39	0
108.39	0
113.73	0
118.89	0
123.77	0
123.97	0
127.30	0
40.91	1
48.13	1
50.54	1
53.04	1
53.65	1
88.67	0
93.03	1
100.29	1
371.20	0
386.34	1
436.85	0
441.31	0
443.64	0
444.09	0
450.12	0
450.56	0
576.62	0
676.27	0
691.53	0
742.57	0
747.02	0
747.46	0
761.11	0
761.87	0
624.40	0
647.11	0
654.60	0
661.23	0
682.27	0
685.65	0
713.80	0
714.14	0
171.43	0
174.64	0
176.62	0
177.81	0
180.55	0
185.76	0
187.17	0
191.61	0
266.17	0
266.56	0
289.64	0
290.69	0
292.60	0
293.72	0
295.77	0
296.76	0
178.13	0
185.16	0
190.45	0
190.76	0
197.75	0
197.99	0
202.30	0
202.45	0
34.61	1
42.35	1
45.12	1
45.82	1
51.58	1
80.48	0
82.10	1
94.81	1
204.61	0
242.08	0
247.13	0
248.18	0
263.53	0
265.94	0
269.39	0
277.61	0
355.09	0
360.17	0
365.81	0
367.01	0
369.11	0
369.87	0
377.98	0
383.25	0
91.44	0
98.55	1
102.01	1
112.51	0
122.47	0
124.92	1
135.09	0
139.73	0
137.51	1
255.58	0
292.34	0
293.76	0
299.47	0
303.56	0
304.80	0
305.84	0
101.07	1
486.89	0
500.86	0
501.42	0
502.35	0
506.40	0
507.34	0
522.24	0
20.52	1
151.71	0
163.02	0
166.89	0
167.91	0
170.08	0
178.86	0
183.84	0
49.35	1
52.90	1
58.57	1
61.53	1
66.80	1
90.47	0
100.56	1
109.63	1
227.70	0
248.09	0
259.68	0
260.00	0
265.69	0
272.84	0
273.92	0
290.88	0
327.47	0
334.78	0
363.18	0
434.77	1
451.69	1
481.00	1
494.43	1
525.89	0
340.92	1
403.25	1
541.96	1
553.27	1
672.17	0
678.70	0
716.25	0
716.65	0
1285.15	0
1321.09	0
1325.90	1
1334.50	0
1345.60	1
1357.39	1
1357.79	1
1358.92	1
350.81	0
363.34	0
363.52	0
365.00	0
371.55	0
377.48	0
383.86	0
384.44	0
168.19	1
220.18	0
242.55	0
246.23	0
259.55	1
262.83	0
267.11	0
267.65	0
154.41	1
192.26	0
227.25	0
236.76	0
246.19	0
256.59	0
271.03	0
274.31	0
189.76	1
205.21	1
266.08	1
286.48	1
326.10	0
341.45	0
343.28	0
347.02	0
96.82	1
101.06	1
115.87	1
117.20	1
296.91	0
301.67	0
304.34	0
305.72	0
1246.24	0
1276.13	0
1299.08	1
1313.50	0
1329.75	0
1329.85	1
1334.30	1
1339.78	1
271.47	1
308.56	0
351.07	0
362.20	0
363.59	0
366.50	0
367.36	0
368.53	0
152.89	1
452.28	0
454.39	0
463.32	0
465.77	0
469.25	0
469.93	0
471.71	0
49.86	1
64.75	0
100.57	1
207.74	0
208.41	0
210.46	0
212.38	0
213.09	0
74.33	1
125.00	0
130.32	1
141.03	0
146.75	0
147.91	0
147.92	0
148.48	0
77.21	0
169.88	0
206.44	0
208.96	0
211.53	0
221.58	0
232.53	1
237.84	0
292.66	1
408.18	0
543.31	0
567.01	0
567.42	0
567.97	0
569.00	0
569.66	0
35.58	1
194.62	0
196.39	0
198.82	0
199.38	0
200.94	0
208.70	0
208.83	0
32.99	1
201.94	0
205.35	0
205.64	0
207.08	0
207.42	0
208.71	0
210.37	0
13.85	1
217.51	0
241.72	0
246.76	0
250.35	0
254.91	0
257.22	0
258.03	0
3.28	1
129.94	0
132.19	0
133.28	0
134.12	0
137.43	0
139.49	0
141.17	0
244.50	0
248.46	0
248.75	1
253.93	0
255.18	1
256.00	1
257.40	0
261.08	0
198.66	0
203.45	0
214.64	0
246.26	0
280.66	0
281.14	1
282.66	0
283.13	0
63.11	1
69.01	1
99.14	0
99.28	0
116.59	0
124.47	0
124.64	0
136.15	0
40.82	0
63.48	1
122.55	0
127.82	0
132.40	0
133.96	0
139.57	0
140.16	1
48.56	1
52.65	1
64.45	1
76.10	1
149.59	0
170.33	0
172.23	0
174.85	0
12.15	1
12.50	1
13.51	1
14.29	1
104.29	0
106.79	0
107.66	0
112.18	0
1204.03	0
1237.22	0
1291.00	1
1298.07	0
1315.93	0
1320.29	0
1324.43	1
1333.76	1
264.38	0
285.30	0
287.31	0
300.42	0
301.16	0
301.41	0
301.81	0
302.56	0
317.90	0
319.81	0
325.38	0
326.26	0
329.72	0
332.13	0
335.23	0
336.60	0
302.09	0
320.21	0
328.03	0
331.50	0
336.18	0
337.22	0
337.82	0
338.70	0
142.06	0
146.31	1
151.02	0
152.22	0
152.37	0
153.27	0
153.70	0
153.89	0
1194.52	0
1226.17	0
1278.15	0
1283.60	1
1307.27	1
1307.57	1
1316.68	0
1322.04	1
244.30	0
278.74	0
285.35	0
287.79	0
290.91	0
291.06	0
292.46	0
292.91	0
89.33	1
261.11	0
389.07	0
391.07	0
391.72	0
392.16	0
395.04	0
396.47	0
51.54	1
215.75	0
216.30	0
217.81	0
218.13	0
218.61	0
219.14	0
222.03	0
41.55	1
208.69	0
209.72	0
211.42	0
216.65	0
221.01	0
229.80	0
231.36	0
1262.42	0
1300.26	0
1336.14	1
1345.30	1
1346.44	1
1352.27	0
1352.52	0
1352.75	1
363.01	0
370.81	0
381.55	0
387.56	0
391.79	0
396.30	0
398.33	0
405.01	0
348.39	0
348.63	0
352.38	0
357.52	0
359.77	0
360.67	0
363.06	0
363.39	0
205.19	0
211.61	0
224.22	0
247.11	0
247.96	0
252.57	0
252.78	0
254.18	0
174.48	1
186.65	1
192.80	1
202.83	1
204.79	1
212.33	1
212.62	0
216.09	1
258.57	0
264.57	0
268.52	0
271.44	0
272.51	0
273.84	0
274.58	0
276.74	0
1138.86	0
1185.63	0
1213.03	0
1253.12	1
1268.26	0
1278.56	1
1281.02	0
1281.51	1
376.82	0
407.29	0
410.51	0
422.13	0
423.08	0
423.59	0
427.25	0
428.75	0
387.04	0
389.71	0
394.99	0
395.81	0
397.86	0
403.83	0
405.74	0
406.53	0
201.85	0
202.71	0
205.39	0
208.19	0
210.10	0
211.67	0
211.69	0
214.71	0
269.08	0
270.62	0
275.49	0
276.92	0
279.51	0
286.68	0
288.54	0
288.75	0
348.87	0
359.85	0
364.12	0
366.95	0
367.22	0
370.44	0
371.01	0
374.94	0
350.92	0
361.31	0
374.33	0
376.14	0
376.17	0
377.50	0
379.40	0
380.33	0
251.70	1
313.85	1
317.72	0
317.95	0
322.89	0
323.85	0
331.80	0
332.72	0
225.59	0
227.76	0
228.73	0
229.30	0
230.23	0
231.65	0
236.80	0
240.63	0
68.55	1
71.54	1
74.60	1
82.38	0
83.27	0
84.16	0
93.41	0
94.18	0
309.45	0
315.13	0
330.91	0
336.54	0
348.25	0
350.17	0
358.82	0
365.10	0
549.69	1
562.72	0
565.04	0
565.26	0
567.59	0
575.55	0
578.76	0
579.53	0
583.40	0
620.24	0
621.17	0
630.90	0
631.33	0
631.49	0
641.60	0
650.25	0
704.24	0
704.39	0
711.42	0
713.92	0
713.98	0
724.94	0
726.34	0
727.33	0
455.94	0
458.42	0
459.84	0
461.96	0
463.51	0
463.72	0
464.29	0
464.37	0
277.54	0
279.57	0
283.04	0
286.75	0
293.60	0
299.98	0
300.35	0
300.77	0
316.94	0
333.91	0
348.68	0
353.42	0
356.05	0
360.31	0
365.16	0
368.31	0
95.74	1
100.50	1
113.50	1
122.57	0
127.36	0
133.78	0
134.44	0
139.46	0
1191.73	0
1195.02	0
1265.22	0
1271.55	1
1282.30	0
1290.16	0
1308.71	1
1311.82	1
247.57	0
295.55	0
308.10	0
310.87	0
317.80	0
318.68	0
320.80	0
323.66	0
449.24	0
453.50	0
454.21	0
463.32	0
465.45	0
468.08	0
474.41	0
475.29	0
191.20	0
192.84	0
199.11	0
199.28	0
207.86	0
213.20	0
213.58	0
214.79	0
122.87	1
151.51	1
193.77	0
198.49	0
199.08	1
203.06	0
207.09	0
209.57	0
65.63	0
109.62	0
117.66	0
242.82	0
255.84	0
279.84	0
282.54	0
283.75	0
1195.99	0
1200.66	0
1263.71	0
1284.65	0
1289.46	1
1292.80	0
1302.17	0
1312.75	1
277.14	0
294.65	0
304.98	0
306.28	0
307.63	0
309.68	0
313.12	0
313.12	0
527.58	0
532.48	0
542.38	0
546.32	0
546.37	0
549.89	0
552.02	0
553.18	0
542.34	0
546.32	0
549.23	0
557.95	0
558.20	0
559.08	0
560.77	0
562.94	0
512.16	0
515.56	0
516.59	0
519.10	0
520.61	0
521.69	0
523.63	0
523.75	0
590.48	0
591.23	0
592.90	0
593.06	0
593.92	0
593.93	0
595.22	0
597.80	0
188.82	0
204.12	0
209.07	0
214.17	0
230.64	0
235.23	0
239.68	0
247.89	1
180.43	1
191.33	1
293.36	0
296.47	1
307.80	0
310.07	0
315.49	0
330.53	0
72.08	1
75.92	1
137.12	1
177.92	1
227.83	0
232.23	0
235.10	0
236.77	0
228.67	0
234.29	0
237.45	0
243.22	0
247.72	0
247.79	0
253.42	0
258.94	0
40.01	1
55.54	1
56.19	1
68.55	1
73.24	1
74.14	1
94.91	1
98.64	1
170.48	0
181.93	0
188.93	1
192.53	0
194.18	0
195.66	0
197.27	0
197.48	0
181.36	0
184.03	0
190.60	0
195.29	0
203.42	0
204.86	0
206.13	0
208.05	0
71.98	1
90.84	0
102.09	0
104.08	0
106.98	0
107.23	0
109.84	0
113.14	0
129.71	0
136.64	0
142.43	0
142.83	0
156.71	0
160.80	0
164.01	0
164.22	0
22.42	1
26.21	1
26.69	1
27.41	1
27.85	1
28.30	1
32.11	1
32.72	1
154.51	1
154.64	0
158.61	1
165.36	0
170.09	0
174.21	1
178.95	0
179.57	0
186.40	0
186.49	0
190.61	0
193.26	0
197.98	0
229.48	0
235.21	0
241.19	0
206.13	1
237.07	1
239.18	1
303.28	1
308.43	0
312.83	0
313.19	0
313.68	0
138.79	1
169.69	0
193.16	1
216.76	0
223.53	0
229.11	0
229.95	0
230.46	0
128.08	1
128.76	1
134.20	1
140.75	0
185.92	0
187.01	0
187.87	0
189.35	0
133.23	1
184.80	0
235.32	0
239.63	0
240.03	0
242.66	0
255.62	0
261.51	0
100.86	0
141.03	0
144.00	0
184.11	0
193.71	0
194.52	0
197.17	0
197.49	0
164.92	0
178.31	0
178.35	0
184.19	0
189.97	0
193.34	0
199.50	1
199.58	0
139.60	0
217.60	0
219.89	0
225.25	0
235.57	0
255.96	0
256.65	0
261.73	0
80.23	0
110.22	0
112.40	0
112.91	0
113.67	0
116.59	0
117.08	0
117.69	0
91.33	1
104.56	1
132.41	1
144.54	1
170.99	0
175.54	0
183.05	0
185.86	0
39.34	1
44.83	1
91.05	1
96.15	1
112.62	1
128.45	1
131.48	0
131.86	1
14.53	1
16.67	1
18.74	1
18.85	1
27.12	1
28.72	1
32.50	1
37.28	1
19.71	1
39.73	1
103.92	1
144.27	1
146.06	0
149.75	0
155.01	0
157.34	0
19.58	1
122.96	1
145.70	1
158.00	0
176.28	0
177.57	0
187.58	0
190.33	0
6.62	1
13.14	1
17.11	1
97.51	0
129.02	0
141.43	0
142.06	0
143.30	0
93.83	1
173.24	1
260.97	0
264.11	0
270.50	0
283.52	0
285.73	0
291.89	0
74.03	1
273.08	1
356.83	0
416.81	0
418.90	0
442.04	0
445.95	0
454.10	0
129.24	1
179.61	0
197.30	0
199.92	0
201.37	0
202.52	0
202.70	0
207.57	0
114.60	1
119.56	0
122.61	0
123.63	0
130.27	0
131.36	0
132.39	0
138.63	0
120.41	0
126.74	0
153.17	0
173.47	0
196.12	0
196.13	0
196.58	0
203.46	0
104.15	1
188.87	0
225.19	0
233.59	0
239.33	0
241.87	0
243.67	0
245.31	0
25.40	0
48.84	1
52.73	0
70.16	0
70.79	0
78.13	0
79.61	1
82.23	1
240.08	1
241.33	0
244.39	0
246.33	0
250.81	0
251.53	0
258.81	0
259.17	0
110.77	0
126.40	0
188.50	1
201.54	0
204.81	0
205.98	0
208.99	0
209.30	0
189.72	0
201.68	0
230.88	0
236.93	0
243.60	1
247.61	0
253.07	0
259.98	0
62.02	1
171.74	1
176.04	0
182.07	1
184.89	1
186.66	0
187.15	1
187.96	1
17.90	1
161.79	0
253.62	0
287.31	0
307.08	0
313.26	0
314.05	0
317.20	0
25.80	1
223.12	0
252.26	0
253.06	0
253.84	0
258.42	0
260.46	0
265.83	0
70.56	1
153.00	0
157.58	0
166.14	0
166.16	0
167.36	0
173.57	0
185.60	0
274.84	0
276.32	0
277.03	1
289.10	0
291.83	1
292.82	0
302.04	0
302.09	0
256.97	0
276.19	0
291.34	0
318.71	0
319.92	0
324.23	0
330.88	0
331.18	0
84.78	1
135.94	0
183.96	0
201.32	0
219.93	0
222.40	0
231.64	0
233.38	0
34.61	1
70.60	1
99.42	1
181.94	0
218.23	0
219.37	0
225.77	0
226.19	0
17.24	1
37.10	1
60.70	0
255.16	0
256.86	0
259.47	0
271.09	0
273.76	0
22.03	1
41.12	1
238.46	0
245.54	0
287.43	0
289.05	0
303.07	0
304.82	0
162.49	1
165.53	1
166.09	1
166.91	1
167.80	1
168.78	0
171.14	0
176.89	0
148.96	1
177.86	0
188.73	0
189.89	0
198.68	0
198.78	0
202.04	0
204.85	0
157.92	1
158.37	1
168.80	1
170.87	0
179.96	1
210.94	0
212.15	0
214.68	0
190.70	0
239.08	0
241.14	1
256.72	0
257.71	0
265.26	0
272.12	0
273.82	0
153.36	0
213.88	0
223.50	0
254.50	0
259.01	0
262.29	0
263.65	0
265.84	0
245.04	0
255.25	0
258.18	0
260.95	0
262.09	0
267.29	0
268.00	0
268.95	0
145.83	0
157.19	0
168.20	0
172.84	0
175.51	0
176.36	0
177.69	0
181.53	0
190.22	1
206.51	0
225.18	0
244.69	0
268.08	0
270.28	0
270.99	0
271.01	0
117.76	0
122.76	0
154.65	0
156.68	0
160.88	1
165.92	0
171.08	1
173.81	0
125.59	0
148.00	0
160.95	0
166.28	0
175.67	0
179.17	0
180.85	0
183.67	0
195.72	0
239.08	0
255.01	0
257.29	0
258.89	0
262.45	0
263.68	0
268.31	0
69.95	1
77.29	1
79.09	1
84.02	0
91.70	1
92.70	1
95.17	1
104.15	0
233.16	1
253.04	0
278.48	0
288.18	0
288.66	0
290.28	0
290.35	0
299.22	0
85.15	0
99.70	0
118.16	0
134.57	0
138.46	0
145.43	0
146.09	0
148.15	0
261.69	0
281.89	0
293.81	0
297.08	0
306.01	0
307.18	0
308.05	1
310.13	0
228.41	0
234.33	0
243.70	0
245.20	0
246.02	0
248.11	0
251.65	0
252.66	0
250.37	0
255.63	0
257.17	0
258.87	0
259.51	0
263.66	0
269.26	0
269.35	0
205.20	1
213.38	1
214.17	1
214.78	0
222.45	0
226.22	0
227.31	0
227.47	0
248.44	0
254.08	0
254.81	0
255.32	0
257.91	0
265.44	0
267.35	0
267.54	0
103.55	0
105.58	1
119.35	0
119.90	0
121.88	0
123.35	0
125.30	0
126.46	0
142.48	0
166.72	0
174.22	0
200.73	0
209.61	0
229.63	0
233.03	0
234.98	0
78.56	1
209.01	0
212.77	0
216.47	0
216.85	0
217.03	0
218.73	0
218.98	0
37.73	1
47.50	0
57.79	1
60.04	0
60.60	0
63.47	0
70.69	0
79.30	0
232.98	0
253.72	0
262.80	0
274.66	0
275.01	0
275.27	0
275.53	0
279.78	0
201.23	1
305.14	0
342.70	0
348.63	0
349.93	0
357.59	1
357.82	0
358.99	0
76.74	1
97.96	1
119.85	1
121.02	1
124.77	1
129.65	1
131.37	1
139.74	0
195.41	0
208.85	0
224.20	0
257.02	0
264.79	0
268.10	0
268.77	0
274.06	0
139.86	0
179.98	0
188.06	0
189.18	0
195.77	0
199.28	0
201.90	0
202.86	0
207.07	0
221.44	0
225.69	0
263.07	0
276.11	0
288.54	0
290.66	0
291.36	0
258.24	0
260.96	0
264.66	0
267.99	0
295.49	0
297.34	0
299.60	0
301.57	0
153.52	0
164.62	0
169.02	0
173.49	0
177.88	0
181.64	0
185.48	0
190.83	0
101.16	1
120.41	1
146.25	0
150.64	0
155.51	0
157.44	0
162.00	0
165.06	0
136.08	1
231.42	0
232.84	0
235.31	0
243.30	0
244.43	0
247.54	0
249.77	0
155.60	0
175.23	0
296.34	0
300.95	0
301.68	0
302.08	0
303.90	0
309.25	0
231.15	0
254.58	0
284.92	0
284.97	1
288.75	0
291.88	0
291.97	0
294.94	0
149.60	0
158.23	0
166.05	0
179.22	0
188.10	0
197.08	0
197.61	1
207.98	0
166.78	0
174.64	0
207.95	0
216.06	0
220.80	0
225.54	0
229.70	0
229.89	0
155.37	0
197.16	0
277.19	1
282.49	1
304.62	0
309.43	0
312.56	0
317.00	0
162.82	1
176.66	1
234.31	0
255.13	0
299.71	0
299.73	0
306.27	0
313.53	0
115.98	1
120.13	0
121.85	0
129.69	0
130.34	1
130.75	1
131.21	0
131.66	1
127.73	0
142.42	0
147.26	0
148.13	0
156.16	0
159.29	0
160.87	0
161.54	0
128.77	1
160.65	1
176.54	1
216.81	1
227.78	1
249.14	0
256.44	0
260.50	0
63.68	1
67.83	1
109.17	1
119.89	1
123.57	1
135.19	1
138.90	1
141.36	0
23.97	1
33.18	1
34.66	1
42.09	1
44.98	1
49.69	1
50.69	1
53.42	1
44.24	1
59.84	1
124.42	1
149.15	0
159.44	1
161.83	0
167.90	0
170.60	0
47.19	1
122.94	1
152.32	0
183.06	0
191.37	0
191.99	0
192.60	0
193.94	0
11.19	1
130.36	0
149.92	0
150.57	0
164.28	0
181.19	0
182.91	0
187.56	0
14.00	1
124.86	0
134.00	0
135.57	0
136.15	0
138.47	0
158.15	0
158.69	0
56.16	1
234.14	0
245.27	0
245.95	0
245.98	0
249.55	0
253.62	0
254.17	0
131.17	0
134.07	1
134.50	0
140.53	0
152.14	0
158.15	0
158.57	0
159.53	0
59.71	1
84.98	1
87.72	1
88.90	1
105.64	0
106.51	1
106.70	0
107.06	1
212.52	0
212.99	0
220.83	0
238.68	0
238.71	0
239.44	0
244.31	0
244.39	0
110.38	0
114.29	0
169.27	0
186.33	0
196.65	0
197.38	0
199.95	0
200.47	0
156.46	0
167.86	0
182.48	0
194.04	0
197.12	0
207.27	0
211.48	0
216.60	0
110.09	0
145.87	0
165.89	0
166.05	1
167.13	1
171.47	1
173.31	1
174.65	1
236.91	0
238.96	0
247.06	0
264.53	0
264.71	0
267.46	0
274.10	0
278.91	0
177.09	0
184.07	1
209.70	1
219.36	0
227.45	0
234.56	0
235.87	0
238.51	0
146.61	1
186.53	0
218.53	0
222.58	0
222.70	0
233.75	0
242.38	0
243.83	0
169.69	0
183.20	0
196.93	0
198.64	0
205.02	0
207.96	0
216.00	1
221.97	0
187.87	1
189.56	0
195.21	0
220.28	0
237.20	0
274.29	0
285.34	0
296.90	0
106.23	0
106.31	0
114.10	0
123.84	0
124.11	0
129.82	0
131.93	0
132.26	0
164.96	0
169.53	0
181.26	0
208.14	0
216.64	0
219.17	0
226.90	0
233.51	0
94.94	1
209.14	0
213.20	0
216.31	0
216.95	0
217.93	0
221.38	0
223.25	0
49.14	1
49.24	0
50.11	1
52.45	1
55.81	0
57.32	0
63.86	1
68.14	1
112.37	0
173.08	0
227.40	0
231.94	0
234.17	0
241.80	0
242.47	0
244.03	0
170.23	0
174.06	0
202.49	0
207.61	0
219.76	0
223.42	0
223.61	0
224.37	0
202.76	0
217.61	0
227.27	0
243.48	0
274.33	0
275.86	0
276.21	0
276.35	0
105.21	1
114.32	0
136.13	1
144.85	0
152.14	0
160.06	0
166.60	0
167.77	0
121.68	0
146.21	1
151.23	0
163.71	0
169.24	0
173.95	0
184.93	0
186.97	0
80.65	1
114.89	1
167.03	0
185.99	0
205.04	0
216.18	0
217.94	1
232.91	0
23.94	1
26.52	1
47.03	1
318.62	0
327.51	0
328.28	0
328.31	0
332.16	0
68.47	0
124.34	0
163.31	0
174.69	0
211.53	0
222.56	0
226.77	0
239.08	0
178.28	0
192.58	0
194.19	0
206.38	1
213.94	0
218.07	0
223.79	0
224.11	0
177.15	0
197.87	0
214.34	0
225.49	0
226.08	0
227.14	0
230.01	0
240.76	0
88.88	1
211.17	0
211.72	0
215.83	0
218.93	0
219.45	0
222.42	0
227.66	0
44.08	0
47.43	1
51.75	1
52.13	1
55.00	0
57.43	0
65.98	1
72.94	1
111.77	0
183.59	0
219.91	0
234.32	0
242.21	0
242.69	0
244.22	0
249.28	0
178.55	0
203.30	0
203.99	0
206.68	0
213.89	0
227.84	0
228.18	0
236.00	0
251.11	0
291.70	0
313.93	0
329.04	0
341.66	0
348.72	0
352.60	0
354.88	0
107.52	0
124.82	0
139.04	0
152.41	0
155.45	0
162.10	0
163.72	0
164.92	1
130.68	0
140.88	0
152.86	0
167.36	0
174.08	0
179.67	0
192.04	0
193.48	0
206.28	1
215.98	0
217.26	0
222.86	0
224.01	0
224.72	0
227.20	0
227.35	0
264.34	0
277.25	0
284.91	0
285.12	0
285.34	0
287.58	0
289.50	0
291.20	0
91.75	1
99.15	1
103.76	1
107.71	1
111.02	1
115.12	1
115.70	1
119.71	1
27.55	1
38.84	1
43.21	1
48.81	1
49.92	1
51.74	1
52.15	1
54.48	1
85.51	0
86.35	0
86.51	0
90.18	0
92.95	0
94.97	0
98.08	0
98.19	0
24.18	0
136.04	0
138.97	0
142.87	0
143.92	0
165.30	0
171.16	0
173.46	0
203.16	0
212.09	0
218.05	0
226.22	0
247.69	0
249.51	0
257.02	0
258.47	0
195.40	1
196.02	0
221.00	0
229.94	0
230.81	0
234.99	0
235.43	0
237.07	0
216.51	1
231.01	1
236.05	0
239.19	0
244.23	0
248.77	0
252.96	1
265.19	1
87.06	1
171.88	1
173.98	1
174.17	0
179.42	0
207.66	0
221.02	0
222.28	0
94.70	1
153.71	0
161.40	0
170.19	0
172.76	0
175.50	0
179.78	1
181.54	0
32.50	1
148.30	1
167.34	0
184.68	0
193.77	0
199.87	0
207.19	0
228.54	0
41.14	1
124.11	0
132.67	0
161.15	0
163.65	0
165.67	0
175.56	0
196.63	0
12.72	1
100.66	0
125.33	0
158.43	0
162.95	0
163.11	0
163.29	0
165.17	0
23.75	1
150.00	0
153.24	0
171.30	0
180.02	0
203.86	0
211.85	0
212.86	0
19.62	0
89.42	1
104.25	0
106.91	0
118.13	0
119.57	0
121.95	0
123.06	0
94.87	0
95.23	1
111.21	0
112.16	1
117.99	1
123.78	1
125.05	1
126.20	0
50.43	1
64.36	1
85.86	1
102.20	1
135.46	1
147.82	1
148.80	0
149.70	0
16.82	1
46.22	1
49.20	1
70.91	1
93.69	1
100.79	1
114.18	1
127.93	1
9.90	1
11.28	1
12.19	1
12.20	1
19.26	1
24.71	1
37.27	1
37.50	1
17.15	1
25.53	1
56.84	1
64.70	1
131.30	1
145.82	1
152.93	0
158.68	0
10.12	1
20.02	1
118.88	1
138.93	1
150.35	0
157.72	0
164.52	0
172.84	0
2.11	1
6.70	1
11.94	1
14.94	1
96.75	0
128.02	0
139.88	0
140.03	0
7.57	1
100.03	1
173.63	1
252.39	0
260.97	0
265.49	0
267.11	0
270.12	0
13.57	1
86.87	1
254.23	1
303.87	0
308.97	0
344.60	0
370.54	0
389.65	0
6.71	1
100.14	1
138.90	1
181.69	0
197.20	0
198.60	0
204.45	0
205.12	0
37.03	1
57.58	1
75.05	1
78.28	1
81.64	1
84.44	1
89.33	0
91.45	0
171.40	0
192.64	1
208.49	0
220.79	1
220.82	0
221.52	0
226.31	0
232.63	0
117.53	1
141.92	1
192.09	0
208.95	0
221.50	0
222.51	0
222.79	0
224.35	0
32.49	1
42.02	1
135.84	1
139.48	0
143.11	1
146.29	1
153.78	1
153.88	1
20.13	1
25.20	1
155.62	0
240.58	0
247.08	0
270.52	0
285.25	0
287.55	0
18.60	1
31.03	1
177.66	0
236.48	0
254.88	0
259.19	0
260.39	0
261.32	0
13.91	1
80.14	1
152.92	0
155.58	0
160.42	0
163.04	0
168.65	0
175.46	0
74.38	0
79.04	0
106.81	0
115.67	0
140.79	0
143.33	0
143.97	0
146.08	0
131.73	0
167.83	0
170.28	0
180.05	0
194.57	0
196.94	0
198.83	0
199.54	0
64.98	1
65.86	1
97.91	0
103.46	0
168.28	0
171.38	0
185.17	0
198.70	0
28.73	1
34.27	1
71.09	1
91.48	1
180.68	0
196.23	0
197.70	0
200.36	0
12.57	1
12.96	1
24.80	1
72.39	0
233.73	0
237.04	0
240.71	0
248.32	0
18.88	1
21.70	1
31.05	1
233.26	0
237.68	0
244.62	0
298.76	0
299.65	0
75.21	1
86.37	0
88.92	1
88.99	0
95.15	1
100.85	0
106.24	0
106.85	1
28.50	0
29.05	0
31.43	0
33.26	0
34.85	0
34.95	0
41.49	0
47.99	0
217.06	0
219.18	0
219.71	0
221.62	0
223.90	0
225.69	1
227.35	0
228.16	0
