140.17	0
163.76	0
167.45	0
169.26	0
194.25	0
203.60	0
205.17	0
220.44	0
330.77	0
345.65	0
349.10	0
353.47	0
359.12	0
374.97	0
380.79	0
398.64	0
159.91	1
177.13	0
191.63	0
192.09	0
200.44	0
209.67	0
236.90	0
254.35	0
92.73	0
132.99	0
147.80	0
196.37	0
239.97	0
246.80	0
278.17	0
283.79	0
585.20	0
589.41	0
595.37	0
602.80	0
622.05	0
628.82	0
631.82	0
638.51	0
437.22	0
442.08	0
444.60	0
464.28	0
473.96	0
483.42	0
484.70	0
490.55	0
153.83	0
160.45	0
171.10	0
173.69	0
181.92	0
182.53	0
231.87	0
276.88	0
276.95	0
278.40	0
290.61	0
303.89	0
304.50	0
330.57	0
339.10	0
364.97	0
205.65	0
208.93	0
217.17	0
223.21	0
231.79	0
243.86	0
255.81	0
257.15	0
238.46	0
244.16	0
246.76	0
257.01	0
271.87	0
272.59	0
272.89	0
282.43	0
252.92	0
260.69	0
265.94	0
276.84	0
286.06	0
290.74	0
291.77	0
298.10	0
89.21	0
96.34	0
114.56	0
120.63	0
149.21	0
182.54	0
230.93	0
241.88	0
203.90	0
215.73	0
223.58	0
236.65	1
261.82	0
291.47	0
297.32	0
311.55	0
47.44	0
56.05	1
58.42	1
105.80	0
147.90	0
175.81	0
206.51	0
230.81	0
285.34	0
290.70	0
305.19	0
306.01	0
306.06	0
307.27	0
315.13	0
317.92	0
187.13	0
195.17	0
225.84	0
233.33	0
241.16	0
241.91	0
256.26	0
260.27	0
275.28	0
309.26	0
311.70	0
317.29	0
318.40	0
318.79	0
319.53	0
323.02	0
317.20	0
335.54	0
346.76	0
352.31	0
356.70	0
360.06	0
362.44	0
367.94	0
259.55	0
270.83	0
279.22	0
279.35	0
287.33	0
288.98	0
291.87	0
299.75	0
305.45	0
341.16	0
341.67	0
358.83	0
375.73	0
375.78	0
382.27	0
384.22	0
297.56	0
333.70	0
347.88	0
353.20	0
354.41	0
355.60	0
356.40	0
368.50	0
174.84	0
202.78	0
213.00	0
216.94	0
217.50	0
222.02	0
222.70	0
229.12	0
324.85	0
358.65	0
365.13	0
381.97	0
395.71	0
397.30	0
409.01	0
411.19	0
349.79	0
387.84	0
393.42	0
394.85	0
399.67	0
402.63	0
403.40	0
403.52	0
371.91	0
420.30	0
422.20	0
424.30	0
424.89	0
427.17	0
430.10	0
436.33	0
256.72	0
269.28	0
276.13	0
278.48	0
287.13	0
291.94	0
304.02	0
307.54	0
351.44	0
383.82	0
398.37	0
398.98	0
402.95	0
409.16	0
409.22	0
412.13	0
153.04	0
177.81	0
191.52	0
191.69	0
207.67	0
210.62	0
214.08	0
218.99	0
225.54	0
243.66	0
246.27	0
253.79	0
258.77	0
263.80	0
267.51	0
278.58	0
250.76	0
286.86	0
289.30	0
295.02	0
300.27	0
301.97	0
303.97	0
309.52	0
177.35	0
206.32	0
208.22	0
221.23	0
221.58	0
222.61	0
238.13	0
246.25	0
148.69	1
164.71	1
165.31	0
176.44	1
197.75	0
212.68	0
240.41	0
252.63	0
194.92	0
212.37	0
215.29	0
235.01	0
242.29	0
248.00	0
248.76	0
250.12	0
622.54	0
627.75	0
632.67	0
634.29	0
657.99	0
660.86	0
665.15	0
666.00	0
553.64	0
563.94	0
567.57	0
570.55	0
579.37	0
585.54	0
604.25	0
610.51	0
508.15	0
540.38	0
543.78	0
547.61	0
548.95	0
550.20	0
561.15	0
563.80	0
631.28	0
650.47	0
661.10	0
681.42	0
699.25	0
711.17	0
715.21	0
724.25	0
317.95	0
334.10	0
337.71	0
340.20	0
352.23	0
366.46	0
370.97	0
380.60	0
243.12	0
256.90	0
274.15	0
275.46	0
293.19	0
298.62	0
304.20	0
305.25	0
94.09	0
113.56	0
139.23	0
149.37	0
150.71	0
151.39	0
156.63	0
157.20	0
128.05	0
170.23	0
175.13	0
176.83	0
179.05	0
198.14	0
203.39	0
218.52	0
118.52	0
127.44	0
157.58	0
158.91	0
171.18	0
175.06	0
191.49	0
196.29	0
94.43	0
112.12	0
130.05	0
130.60	0
131.79	0
134.63	0
136.27	0
144.86	0
107.84	0
109.10	0
109.83	0
116.18	0
117.59	0
142.10	0
145.81	0
148.00	0
150.48	0
152.79	0
156.01	0
175.84	0
186.89	0
193.78	0
198.37	0
211.59	0
146.84	0
157.40	0
163.99	0
181.10	0
187.26	0
192.59	0
200.53	0
203.51	0
138.51	0
158.85	0
162.48	0
169.52	0
185.32	0
197.52	0
204.40	0
213.90	0
168.71	0
196.89	0
200.54	0
210.76	0
218.74	0
224.99	0
233.15	0
234.47	0
257.61	0
271.76	0
280.59	0
280.65	0
284.81	0
289.50	0
290.24	0
299.13	0
23.54	1
26.77	0
27.21	1
48.62	1
82.87	0
88.49	0
126.05	0
139.50	0
252.52	0
256.01	0
269.66	0
270.04	0
279.81	0
285.76	0
287.14	0
289.97	0
167.83	0
177.94	0
184.53	0
188.35	0
189.07	0
192.31	0
192.94	0
195.27	0
108.77	0
129.57	0
136.73	0
145.81	0
145.90	0
146.47	0
153.61	0
160.04	1
133.49	0
135.34	0
146.74	0
150.37	0
169.05	0
174.37	0
176.80	0
197.66	0
273.08	0
282.69	0
290.65	0
295.08	0
313.34	0
332.22	0
332.54	0
334.02	1
312.99	0
317.95	0
320.91	0
323.45	0
330.50	0
339.71	0
342.85	0
344.34	0
154.42	0
175.14	0
177.97	0
182.84	0
193.43	0
196.28	0
197.07	0
208.60	0
203.75	0
223.94	0
231.87	0
232.15	0
241.98	0
249.42	0
253.30	0
268.37	0
235.19	0
256.68	0
267.40	0
269.93	0
295.19	0
301.60	0
303.87	0
318.00	0
257.77	0
266.57	0
269.57	0
272.61	0
282.67	0
286.42	0
299.76	0
303.31	0
152.36	0
167.06	0
171.18	0
175.56	0
187.05	0
190.61	0
195.99	0
205.37	0
189.88	0
190.90	0
201.86	0
203.36	0
214.48	0
231.92	0
233.20	0
243.64	0
306.76	0
323.52	0
326.32	0
337.14	0
345.80	0
350.71	0
351.07	0
353.33	0
127.07	0
131.72	0
148.53	0
152.64	0
177.37	0
188.30	0
189.47	0
198.82	0
342.90	1
452.03	0
467.47	0
472.22	0
477.87	0
479.01	0
483.80	0
486.27	0
142.54	0
277.67	0
285.21	0
297.20	0
299.19	0
307.59	0
309.05	0
309.23	0
507.84	0
521.15	0
524.92	0
537.14	0
537.21	0
549.82	0
557.58	0
565.00	0
137.71	0
140.70	0
159.79	0
161.73	0
164.71	0
167.11	0
170.54	0
171.47	0
185.14	0
215.65	0
218.73	0
232.13	0
240.57	0
258.59	0
259.12	0
272.64	0
308.68	0
316.34	0
322.98	0
330.04	0
330.75	0
330.89	0
346.02	0
347.47	0
523.31	0
525.01	0
526.02	0
540.25	0
546.92	0
551.33	0
552.12	0
557.91	0
59.09	1
100.66	0
112.23	0
117.10	0
153.45	0
161.43	0
166.65	0
170.44	0
164.85	0
168.09	0
175.24	0
178.08	0
184.64	0
197.13	0
199.64	0
216.15	0
163.84	0
165.03	0
187.52	0
196.79	0
201.63	0
202.69	0
211.79	0
218.59	0
7.54	1
65.90	0
68.97	0
95.77	0
100.23	0
101.79	0
108.45	0
119.50	0
146.10	0
169.02	0
191.99	0
193.47	0
203.21	0
245.89	0
249.30	0
254.97	0
213.77	0
218.83	0
223.91	0
229.51	0
248.45	0
258.54	0
270.17	0
271.93	0
263.03	0
275.57	0
281.40	0
286.47	0
295.59	0
307.92	0
308.18	0
309.51	0
107.42	0
107.84	0
116.89	0
127.95	0
143.97	0
151.94	0
156.44	0
156.59	0
226.18	0
257.77	0
322.13	0
324.84	0
329.42	0
331.12	0
331.85	0
349.81	0
153.80	0
160.91	0
207.12	0
221.12	0
225.80	0
236.69	0
241.85	0
247.94	0
104.07	0
202.61	0
237.36	1
256.68	0
275.48	0
293.52	0
295.27	0
315.13	0
106.11	0
106.19	0
120.30	0
123.01	0
134.54	1
161.75	0
164.49	0
169.82	0
164.67	0
176.09	0
209.58	0
268.07	0
290.21	0
333.90	0
339.39	0
343.06	0
255.93	1
331.10	0
358.85	0
369.37	0
394.39	0
424.43	0
439.40	0
440.54	0
112.28	0
300.79	0
301.58	0
320.14	0
330.58	0
340.37	0
353.71	0
354.45	0
209.06	0
226.89	0
228.33	0
230.00	0
232.05	0
236.39	0
241.39	0
241.81	0
130.77	1
150.24	0
174.43	0
208.00	0
224.14	0
231.84	0
251.57	0
271.36	0
135.24	1
171.67	0
233.51	0
250.81	0
250.93	0
257.27	0
262.41	0
263.74	0
3.39	1
94.31	0
113.29	0
119.58	0
120.42	0
130.76	0
135.94	0
144.23	0
17.78	1
124.00	0
145.39	0
169.10	0
170.74	0
173.39	0
182.64	0
186.97	0
50.82	1
85.87	0
128.81	0
133.87	0
156.79	0
156.98	0
157.23	0
165.41	0
17.35	1
110.65	0
115.70	0
127.63	0
129.49	0
143.31	0
144.15	0
149.25	0
204.14	0
234.26	0
234.31	0
235.06	0
255.69	0
271.87	0
272.19	0
284.20	0
277.63	0
293.45	0
297.88	0
305.01	0
309.98	0
319.43	0
320.20	0
325.17	0
291.95	1
293.75	0
297.50	0
298.17	0
302.66	0
303.18	0
304.51	0
309.95	1
223.99	0
229.24	0
234.41	0
234.64	0
238.24	0
240.76	0
249.82	0
257.44	0
39.95	1
84.68	0
93.66	0
101.34	0
135.22	0
138.73	0
142.28	0
143.03	0
291.76	0
297.97	0
301.98	0
303.88	0
305.99	0
317.87	0
318.80	0
323.01	0
364.45	0
370.14	0
377.61	0
380.01	0
395.54	0
397.99	0
400.93	0
402.64	0
165.65	0
166.22	0
177.69	1
189.24	0
193.50	0
217.76	0
219.64	0
221.79	0
231.81	0
248.63	0
252.63	0
260.67	0
265.17	0
268.03	0
276.23	0
278.76	0
313.49	0
348.67	0
351.22	0
352.35	0
356.49	0
358.46	0
360.60	0
361.25	0
235.41	0
241.26	0
245.68	0
274.29	0
281.50	0
282.26	0
284.21	0
289.49	0
261.52	0
272.24	0
272.31	0
275.28	0
278.96	0
279.38	0
286.36	0
289.03	0
199.23	0
203.58	0
234.31	0
241.41	0
268.86	0
287.87	0
294.27	0
294.31	0
194.34	0
203.74	0
204.34	0
208.24	0
212.02	0
217.99	0
227.53	0
228.62	0
195.52	0
211.64	0
213.83	0
223.36	0
256.86	0
264.72	0
274.58	0
280.41	0
329.43	0
331.09	0
339.79	0
347.38	0
358.41	0
368.28	0
373.28	0
374.16	0
120.93	0
133.02	0
141.77	0
149.41	0
194.40	0
196.40	0
196.54	0
200.87	0
272.21	0
276.32	0
277.30	0
304.94	0
305.61	0
306.41	0
316.77	0
317.02	0
240.69	0
254.17	0
256.48	0
265.01	0
301.89	0
303.92	0
306.86	0
325.05	0
225.64	0
231.93	0
235.62	0
235.88	0
246.67	0
255.77	0
264.44	0
275.35	0
280.92	0
283.68	0
284.54	0
284.85	0
303.99	0
318.25	0
324.73	0
329.49	0
92.34	0
98.71	0
103.62	0
105.59	0
120.04	0
127.56	0
140.51	0
142.88	0
326.15	0
335.41	0
337.18	0
346.46	0
350.34	0
354.39	0
361.13	0
368.87	0
422.58	0
445.07	0
447.92	0
449.86	0
451.54	0
452.30	0
454.06	0
459.67	0
370.12	0
392.74	0
392.92	0
397.50	0
398.13	0
398.86	0
402.33	0
403.43	0
174.62	0
196.96	0
203.54	0
207.06	0
207.09	0
207.17	0
207.61	0
211.15	0
161.83	0
181.29	0
181.42	0
188.58	0
189.32	0
194.99	0
199.99	0
200.94	0
335.01	0
347.80	0
356.26	0
371.32	0
376.97	0
390.67	0
397.00	0
401.68	0
569.42	0
575.79	0
581.32	0
583.57	0
584.43	0
586.91	0
614.05	0
614.33	0
248.77	0
265.10	0
267.23	0
268.77	0
270.57	0
274.86	0
281.69	0
295.84	0
205.25	0
213.29	0
229.17	0
232.55	0
246.49	0
248.25	0
250.18	0
257.46	0
75.52	0
89.76	0
91.28	0
102.88	0
105.95	0
111.85	0
125.06	0
136.97	0
18.64	1
36.31	1
45.18	1
51.28	0
68.79	1
112.51	0
124.16	0
134.68	0
149.60	0
155.53	0
156.70	0
159.36	0
159.43	0
161.19	0
162.41	0
164.26	0
156.20	0
157.49	0
161.05	0
164.98	0
170.97	0
174.06	0
174.69	0
177.07	0
129.89	1
172.28	0
176.62	0
180.46	0
181.61	0
183.16	1
183.84	0
185.78	0
9.06	1
13.52	1
109.61	0
114.84	0
121.28	0
128.37	0
132.46	0
132.51	0
17.29	1
42.74	1
156.45	0
166.67	0
193.09	0
194.69	0
203.34	0
213.30	0
33.12	1
113.01	1
192.08	0
205.75	0
282.36	0
286.18	0
288.98	0
292.84	0
31.46	1
53.57	1
122.83	0
149.70	0
154.30	0
168.48	0
168.80	0
175.81	0
79.38	0
86.49	0
87.78	0
94.36	0
94.69	0
100.85	0
103.25	0
104.51	0
16.51	1
17.92	1
24.98	1
34.85	1
35.77	0
59.27	1
102.24	0
116.51	0
96.75	1
156.72	1
158.52	0
166.25	0
170.34	0
170.90	0
172.30	0
173.28	0
3.73	1
4.10	1
12.11	1
94.73	0
100.06	0
114.48	0
119.56	0
120.15	0
9.49	1
15.86	1
31.49	1
120.32	0
126.29	0
132.52	0
151.70	0
156.98	0
11.61	1
44.65	1
82.58	0
88.77	0
96.79	1
120.15	0
123.06	0
126.04	0
9.68	1
17.96	1
41.62	1
66.68	0
104.07	0
110.69	0
115.95	0
119.51	0
121.64	1
131.80	0
145.27	0
145.48	0
150.98	0
154.25	0
156.21	0
164.55	0
187.64	0
193.22	0
193.32	0
196.15	0
197.72	0
198.50	0
201.45	0
207.13	0
233.44	0
234.94	0
245.21	0
249.56	0
252.95	0
257.59	0
258.84	0
261.82	0
146.36	0
179.35	0
198.02	0
208.78	0
211.64	0
213.10	0
213.63	0
229.01	0
260.53	1
272.15	0
272.31	0
275.45	0
279.89	0
280.99	0
281.18	0
281.41	0
222.02	0
245.29	0
257.22	0
261.60	0
263.10	0
263.49	0
271.20	0
271.88	0
151.91	0
155.52	0
159.84	0
166.80	0
187.27	0
191.11	0
191.55	0
200.16	0
84.01	0
98.75	0
111.69	0
121.20	0
128.92	0
130.16	0
145.27	0
145.65	0
227.24	0
230.88	0
231.72	0
232.20	0
234.11	0
235.36	0
236.47	0
241.75	0
342.81	0
346.19	0
352.49	0
352.52	0
358.81	0
359.60	0
360.52	0
362.28	0
141.75	0
152.88	0
154.81	0
158.03	1
162.82	0
174.81	0
180.56	0
186.96	1
309.38	0
311.16	0
313.52	0
315.53	0
318.32	0
318.42	0
320.29	0
321.40	0
333.01	0
336.76	0
346.62	0
352.36	0
352.86	0
353.72	0
354.28	0
356.17	0
104.79	1
115.71	0
118.13	1
130.73	0
139.22	0
143.47	0
147.39	0
149.13	0
289.51	0
292.95	0
294.22	0
294.91	0
295.21	0
304.76	0
306.51	0
316.59	0
263.62	0
277.99	0
279.23	0
286.75	0
288.97	0
289.70	0
292.41	0
292.62	0
234.04	0
237.26	0
253.77	0
260.60	0
270.94	0
273.27	0
274.14	0
278.88	0
139.87	0
142.60	0
155.63	0
155.91	0
156.86	0
163.06	0
163.11	0
164.73	0
155.89	0
162.09	0
170.45	0
179.37	0
186.83	0
191.68	0
193.47	0
194.72	0
352.78	0
353.68	0
357.65	0
368.94	0
372.41	0
374.25	0
389.93	0
393.79	0
21.94	1
25.26	1
67.61	0
69.79	0
71.94	0
85.42	0
96.10	0
97.28	0
36.82	1
62.37	0
68.51	0
74.20	0
77.60	0
81.99	0
84.63	0
86.37	0
5.77	1
11.39	1
15.65	1
29.36	1
39.03	1
41.96	0
65.11	1
114.61	0
173.52	0
179.97	0
183.60	0
185.37	0
186.91	0
193.22	0
193.35	0
201.60	0
149.96	0
171.77	0
173.78	0
174.89	0
175.03	0
181.77	0
183.21	0
187.98	0
213.03	0
214.72	0
217.50	0
222.55	0
226.59	1
228.52	0
233.60	0
234.46	0
242.05	0
258.86	0
260.21	0
260.21	0
265.52	0
268.15	0
268.78	0
274.16	0
241.71	0
243.65	0
248.55	0
249.02	0
249.89	0
268.85	0
270.01	0
270.78	0
218.93	0
230.21	1
233.73	0
257.81	0
267.33	0
267.35	0
268.14	0
269.66	0
9.74	1
114.51	0
118.14	0
122.37	0
126.43	0
135.63	0
140.83	0
141.05	0
3.58	1
102.92	0
105.94	0
113.49	0
117.68	0
128.51	0
132.32	0
134.73	0
6.71	0
122.42	0
148.66	0
151.16	0
154.43	0
166.98	0
169.14	0
169.34	0
82.80	1
136.94	0
137.67	0
138.73	0
139.03	0
139.08	0
144.00	0
154.89	0
20.83	1
33.30	1
60.33	0
64.10	0
67.94	0
73.41	0
74.75	0
79.53	0
2.33	1
5.60	1
9.14	1
14.89	1
28.17	1
38.24	1
41.25	0
62.67	1
77.29	1
155.76	0
178.72	0
179.94	0
184.07	0
185.92	0
190.24	0
191.92	0
90.30	0
190.89	0
203.54	0
205.94	0
210.20	0
211.08	0
213.24	0
220.07	0
114.55	1
191.71	1
196.62	1
257.59	0
261.69	0
269.80	0
271.82	0
276.31	0
3.87	1
4.37	1
5.74	1
6.51	1
101.45	0
106.96	0
118.64	0
123.37	0
5.86	1
12.06	1
23.41	1
32.21	1
137.52	0
145.91	0
147.56	0
155.59	0
14.97	1
23.19	1
43.57	1
54.73	1
119.36	0
127.23	0
134.38	0
142.24	0
12.58	1
21.01	1
27.59	1
34.63	1
108.55	0
109.45	0
137.91	0
148.48	0
189.62	0
196.40	0
206.17	0
208.64	0
211.55	0
219.40	0
221.69	0
222.97	0
91.07	1
106.40	0
110.23	0
115.63	0
116.29	0
117.97	0
118.25	0
120.24	0
234.24	1
237.31	0
239.41	0
240.80	0
241.19	0
250.25	0
251.26	0
252.69	0
180.61	0
181.26	0
182.42	0
184.75	0
185.96	0
186.11	0
189.44	0
190.97	0
108.06	0
110.70	1
124.81	0
130.24	0
133.09	0
134.77	1
135.26	0
138.54	0
40.72	1
75.70	0
77.80	0
78.65	0
79.52	0
82.31	0
86.84	0
90.99	0
3.18	1
7.08	1
8.15	1
13.73	1
14.48	1
26.61	1
35.19	1
35.38	0
41.05	1
128.07	1
168.67	1
183.60	0
195.08	0
198.39	1
200.63	0
200.69	0
1.87	1
3.56	1
3.89	1
4.43	1
10.38	1
97.45	0
102.62	0
116.93	0
6.21	1
9.99	1
13.15	1
18.93	1
28.15	1
123.08	0
127.09	0
127.88	0
6.86	1
12.36	1
33.97	1
35.81	1
71.13	0
84.08	1
84.70	0
90.59	0
10.99	1
15.27	1
16.70	1
19.29	1
32.24	1
90.55	0
92.23	0
123.36	0
92.61	0
129.24	0
139.32	0
141.23	0
144.75	0
146.55	0
146.77	0
152.18	0
192.58	0
200.21	0
212.88	0
228.56	0
229.34	0
230.97	0
256.66	1
264.85	0
149.82	1
158.70	1
189.85	0
194.50	0
197.43	0
200.00	0
202.08	0
205.10	0
116.84	1
155.06	0
196.18	0
197.36	0
200.66	0
202.30	0
202.68	0
205.66	0
111.26	0
120.89	0
133.52	1
137.77	0
139.51	0
142.07	0
144.54	0
153.00	1
204.18	0
225.53	0
237.23	0
238.38	0
243.26	0
248.40	0
250.95	0
252.86	0
98.09	1
151.04	0
180.93	0
191.07	0
223.56	0
229.30	0
232.08	0
233.06	0
194.01	0
201.93	0
215.99	0
217.08	0
219.68	0
226.46	0
229.14	0
235.54	0
59.55	1
194.09	0
228.59	0
244.71	0
248.63	0
260.72	0
263.67	0
270.03	0
118.11	0
138.53	1
188.97	0
249.77	0
260.83	0
262.05	0
264.18	0
264.85	0
17.67	1
272.45	0
275.66	0
277.13	0
279.46	0
280.67	0
280.87	0
283.87	0
107.95	1
112.03	0
128.02	1
138.08	0
144.75	0
152.27	0
154.02	0
161.09	0
167.43	0
177.62	1
184.54	0
187.21	0
191.05	0
194.84	0
197.08	0
197.60	0
190.65	0
193.44	0
204.81	0
205.26	0
205.99	0
207.12	0
207.54	0
208.94	0
80.57	1
93.33	0
100.49	0
107.11	0
107.56	0
111.21	0
114.54	0
115.50	0
153.85	0
222.67	0
227.69	0
234.06	0
246.54	1
249.21	0
249.79	0
250.63	0
146.45	0
224.26	0
227.88	0
233.19	0
235.78	0
236.48	0
243.43	0
243.58	0
97.09	1
211.31	0
214.43	0
228.02	0
234.45	0
235.12	0
235.58	0
235.67	0
164.30	0
278.97	0
298.66	0
300.31	0
303.13	0
314.64	0
318.06	0
322.33	0
218.41	0
223.99	0
225.28	0
228.07	0
235.89	0
239.57	0
240.44	0
242.06	0
108.64	0
112.36	0
115.00	0
126.32	0
131.08	0
132.19	0
132.52	0
132.54	0
100.36	0
107.55	0
108.70	0
109.36	0
118.69	0
124.26	0
125.59	0
127.96	0
169.73	0
178.97	0
187.06	0
188.99	0
189.81	0
190.99	0
193.78	0
198.45	0
179.74	0
184.36	0
186.91	0
190.39	1
193.03	0
199.70	0
199.71	0
200.64	0
171.04	0
171.65	0
190.19	0
198.56	0
198.67	0
199.21	0
199.29	0
200.74	0
55.94	1
68.95	1
74.12	1
78.18	0
94.08	0
95.60	0
98.84	0
108.59	0
322.71	0
355.37	0
361.48	0
362.39	0
362.90	0
363.40	0
365.38	0
370.05	0
311.26	0
311.61	0
312.49	0
313.88	0
314.50	0
314.69	0
314.83	0
315.19	0
364.38	0
365.12	0
371.64	0
377.19	0
377.39	0
380.07	0
381.27	0
381.42	0
193.78	0
199.31	0
201.57	0
202.12	0
208.40	0
211.60	0
215.23	0
219.05	0
108.01	0
115.08	0
119.41	0
125.88	0
134.16	0
134.27	0
134.27	0
139.19	0
210.60	0
237.59	0
240.33	0
240.65	0
255.83	0
256.47	0
256.79	0
260.06	0
228.22	0
229.40	0
230.11	0
231.20	0
232.40	0
235.55	0
239.02	0
239.25	0
214.29	0
223.08	0
224.30	0
229.03	0
234.26	0
234.42	0
235.97	0
237.78	0
207.45	0
210.75	0
221.89	0
222.34	0
222.35	0
223.47	0
225.80	0
226.04	0
174.86	1
177.30	0
181.17	0
181.87	0
183.82	0
187.62	0
189.28	0
194.76	0
246.67	0
252.26	0
257.97	0
259.27	0
263.98	0
264.61	0
266.51	0
272.71	0
76.00	1
79.54	1
86.36	0
97.28	0
103.70	0
108.18	0
108.20	0
114.32	0
252.19	0
270.77	0
272.91	0
274.12	0
274.44	0
277.72	0
280.06	0
285.96	0
131.67	0
147.66	0
148.19	0
149.95	0
153.95	0
154.17	0
155.72	0
157.71	0
225.60	0
235.08	0
236.58	0
247.78	0
252.44	0
256.21	0
256.66	0
257.69	0
142.62	0
160.23	0
160.28	1
167.16	0
172.07	0
173.02	0
177.96	0
178.52	0
264.91	0
274.49	0
276.34	0
280.63	0
283.24	0
283.80	0
284.20	0
284.34	0
344.21	0
344.52	0
346.03	0
346.48	0
346.97	0
347.72	0
348.76	0
350.34	0
132.36	1
148.41	0
159.19	1
159.57	0
162.97	0
164.94	0
169.18	0
170.06	0
261.68	0
282.09	0
286.19	0
304.60	0
305.56	1
306.33	0
307.43	1
313.72	0
271.83	0
296.75	0
299.10	0
303.12	0
309.10	0
309.69	0
311.34	0
312.83	0
259.09	0
259.09	0
259.66	0
263.75	0
271.92	0
274.24	0
275.29	0
275.93	0
197.01	0
198.14	0
201.03	0
203.72	0
216.26	0
219.35	0
220.47	0
220.55	0
111.88	0
115.49	0
129.03	0
130.47	0
131.12	0
133.45	0
136.75	0
137.16	0
223.13	0
223.29	0
226.98	0
228.09	0
229.81	0
231.51	0
233.38	0
237.26	0
160.92	1
165.63	0
166.06	0
169.32	0
171.48	0
175.27	0
177.01	0
179.83	0
161.70	0
162.01	0
179.84	0
185.25	0
187.94	0
190.32	0
190.51	0
191.22	0
99.70	0
106.12	0
111.90	0
119.75	0
124.36	0
125.59	0
128.75	0
138.78	0
259.89	0
260.61	0
260.96	0
263.47	0
264.47	0
269.26	0
270.58	0
272.28	0
173.47	0
177.28	0
183.34	0
184.85	0
188.41	0
189.81	0
192.21	0
193.50	0
339.95	0
343.48	0
363.47	0
368.14	0
369.25	0
370.55	0
375.36	0
376.14	0
151.76	0
156.28	0
158.41	0
163.52	0
163.98	0
164.89	0
166.60	0
167.94	0
167.53	1
184.31	0
196.34	0
197.07	0
201.79	0
204.21	0
204.59	0
206.47	0
187.73	0
192.29	0
193.81	0
194.05	0
195.95	0
202.84	0
204.58	0
204.65	0
111.86	0
134.73	0
136.97	0
141.04	0
142.75	0
147.22	0
148.32	0
149.22	0
117.75	1
118.30	0
129.98	0
134.06	0
135.09	0
136.03	0
139.94	0
142.01	0
205.46	0
213.46	0
215.51	0
222.26	0
224.46	0
226.18	0
227.70	0
228.25	0
160.82	0
162.34	0
173.21	0
175.89	0
182.89	0
183.29	0
184.38	0
190.33	0
237.66	0
240.13	0
242.37	0
242.48	0
245.34	0
247.36	0
248.98	0
252.52	0
202.62	0
206.63	0
209.48	0
210.18	0
222.37	0
222.38	0
223.33	0
224.77	0
203.34	0
247.09	0
271.77	0
276.09	0
276.32	0
276.74	0
283.15	0
284.60	0
188.91	0
194.31	0
195.45	0
198.84	0
200.39	0
200.44	0
202.58	0
206.48	0
207.72	0
209.41	0
210.70	0
211.14	0
211.86	0
212.60	0
217.44	0
217.47	0
298.98	0
320.36	0
320.56	0
326.96	0
327.76	0
328.06	0
328.70	0
335.24	0
240.34	0
243.75	0
245.68	0
247.43	0
247.75	0
249.89	0
250.76	0
257.46	0
237.20	0
239.78	0
241.62	0
253.00	0
257.06	0
259.44	0
261.25	0
263.72	0
96.67	0
100.77	0
101.92	1
105.38	1
107.53	0
112.02	0
112.30	0
112.87	0
197.79	1
201.30	0
213.35	0
214.04	0
216.44	0
216.56	0
216.70	0
218.53	0
33.16	1
35.98	1
41.58	1
67.78	0
88.84	0
90.79	0
94.08	0
94.71	0
7.79	1
11.78	1
12.32	1
19.48	1
20.66	1
26.94	1
44.56	1
53.80	1
22.82	1
53.69	1
129.30	1
171.72	1
176.22	0
190.91	1
191.64	0
198.49	0
0.88	1
2.43	1
3.40	1
3.59	1
4.16	1
8.19	1
98.02	0
103.03	0
2.23	1
6.06	1
10.20	1
10.49	1
14.52	1
22.80	1
123.71	0
129.06	0
14.17	1
15.11	1
18.35	1
26.09	1
34.09	1
43.57	1
104.21	0
118.73	0
12.18	1
20.77	1
26.73	1
27.86	1
34.43	1
37.88	1
115.83	0
117.70	0
25.55	1
108.25	0
120.15	0
127.36	0
128.10	0
132.02	0
132.57	0
144.36	0
41.16	1
152.75	0
184.02	0
210.76	0
213.87	0
216.91	0
225.19	0
226.10	0
43.33	1
136.13	1
151.82	1
153.00	1
158.39	0
170.72	0
172.69	0
173.08	0
34.51	1
119.75	1
166.41	0
189.70	0
189.99	0
203.30	0
210.54	0
211.38	0
84.71	0
126.91	0
129.63	0
130.12	0
135.05	0
135.68	0
136.06	0
136.06	0
111.02	0
125.67	0
128.68	0
130.40	0
134.07	0
136.05	0
136.06	0
136.42	0
116.66	0
169.70	0
195.88	1
232.51	0
235.75	0
236.33	1
247.16	1
252.18	0
160.66	1
272.36	0
302.66	0
309.47	0
311.91	0
315.99	0
328.17	0
330.99	0
117.67	0
138.10	0
153.48	0
156.43	0
158.74	0
159.11	0
161.09	0
167.82	0
182.49	0
195.36	0
204.95	0
213.58	0
214.45	0
216.03	0
217.20	0
218.77	0
19.05	1
90.35	0
96.17	0
97.04	0
102.71	0
106.61	0
108.76	0
109.41	0
60.46	0
239.90	0
242.12	0
249.02	0
249.21	0
252.68	0
252.69	0
253.52	0
92.16	1
155.65	1
156.52	1
160.37	0
171.45	0
178.19	1
185.96	0
192.00	1
28.35	1
155.89	1
156.19	1
183.44	0
192.69	0
202.33	0
204.02	0
205.16	0
57.71	1
215.25	0
249.64	0
251.69	0
261.99	0
266.71	0
273.70	0
276.58	0
10.40	1
82.64	0
93.28	0
96.17	0
96.84	0
100.54	0
100.96	0
102.71	0
193.94	0
239.93	0
255.55	0
263.16	0
269.96	0
275.69	0
276.45	0
277.96	0
37.75	1
62.02	1
84.21	0
91.86	0
96.91	0
98.08	0
99.96	0
100.53	0
106.78	1
229.76	0
230.14	0
233.07	0
233.75	0
236.18	0
236.59	0
237.31	0
172.86	0
176.63	1
189.81	0
194.04	0
201.53	0
204.86	0
210.87	0
211.03	0
194.10	0
218.20	0
219.41	0
219.65	0
220.62	0
221.54	0
221.89	0
228.94	0
246.46	0
256.69	0
259.38	0
260.52	0
261.46	0
264.35	0
265.53	0
266.07	0
139.84	0
158.05	0
159.41	0
164.86	0
166.50	0
168.96	0
170.11	0
171.88	0
170.78	0
249.27	0
251.60	0
251.91	0
253.33	0
254.08	0
256.01	0
257.68	0
149.15	1
273.35	0
275.48	0
284.19	0
287.53	0
290.41	0
291.87	0
292.21	0
151.19	1
355.48	0
486.72	0
487.30	0
487.67	0
499.03	0
503.21	0
503.25	0
45.16	1
242.37	0
247.20	0
255.83	0
259.93	0
260.85	0
261.47	0
263.18	0
52.03	1
59.78	1
94.31	0
102.72	0
104.06	0
105.90	0
107.08	0
108.03	0
114.40	1
124.58	0
132.11	0
133.35	0
135.82	0
136.34	0
140.09	0
142.14	0
175.59	0
193.13	0
194.98	1
198.86	0
201.00	0
208.38	0
208.66	0
213.79	0
151.82	0
164.11	0
168.58	0
180.50	0
183.04	0
184.82	0
193.07	0
199.25	0
200.06	1
208.08	1
220.75	0
223.42	1
239.96	0
245.28	0
249.77	0
250.53	0
292.02	0
302.46	0
312.68	0
312.84	0
314.02	0
314.48	0
314.59	0
314.92	0
79.62	1
114.97	0
126.72	0
128.00	0
130.27	0
131.54	0
133.32	0
134.05	0
106.29	0
144.98	0
147.64	1
161.11	0
163.84	1
165.47	1
168.92	1
173.00	0
207.57	0
215.22	0
238.04	0
240.44	0
247.82	0
255.87	0
256.64	0
267.54	0
33.90	1
48.46	1
50.90	1
54.33	1
69.78	1
86.25	0
101.31	0
109.50	0
3.58	1
4.96	1
7.96	1
8.24	1
14.74	1
16.73	1
22.28	1
39.71	1
210.53	0
212.69	0
214.08	0
227.89	0
228.30	0
229.09	0
229.50	0
229.76	0
116.65	1
152.29	1
196.73	0
242.40	0
251.01	0
251.87	0
252.61	0
253.95	0
164.57	0
171.25	0
176.13	0
179.31	0
181.09	0
182.26	0
183.86	0
184.36	0
226.41	0
239.23	0
242.40	0
247.88	0
247.99	0
248.28	0
250.13	0
251.02	0
135.37	0
137.15	0
138.87	0
142.97	0
145.95	0
146.86	0
159.89	0
160.92	0
142.73	0
146.33	0
154.90	0
156.10	0
164.51	0
164.93	0
166.42	0
167.90	0
94.77	0
98.55	0
105.38	0
111.08	0
129.92	0
130.69	0
131.59	0
132.67	0
108.68	0
110.43	0
112.23	0
117.31	0
128.18	0
129.12	0
134.38	0
138.45	0
144.23	0
148.55	0
152.08	0
154.73	0
163.46	0
163.95	0
164.68	0
167.21	0
105.17	0
112.69	0
113.37	0
113.65	0
115.59	0
116.45	0
120.41	0
121.49	0
124.72	0
125.12	0
125.95	0
129.59	0
130.08	0
130.23	0
130.49	0
141.44	0
120.33	0
120.66	0
121.34	0
126.38	0
145.46	0
145.73	0
147.73	0
148.01	0
105.92	0
112.29	0
112.70	0
113.91	0
114.09	0
118.16	0
120.77	0
120.85	0
63.27	1
76.87	1
79.70	0
83.47	0
92.34	0
92.56	0
93.06	0
93.44	0
193.15	0
207.66	0
214.21	0
219.31	0
219.74	0
222.11	0
222.82	0
223.46	0
241.66	0
260.07	0
285.07	0
287.75	0
292.49	0
293.91	0
293.92	0
297.67	0
284.87	0
285.30	0
291.25	0
296.15	0
301.76	0
302.39	0
302.56	0
304.60	0
119.66	0
123.07	0
130.66	0
132.45	0
132.94	0
133.20	0
134.29	0
137.17	0
289.93	0
290.40	0
293.52	0
297.06	0
297.46	0
297.68	0
297.75	0
298.09	0
236.11	0
293.67	0
308.09	0
308.81	0
309.58	0
311.08	0
311.45	0
313.55	0
303.66	0
332.86	0
337.14	0
362.81	0
362.99	0
363.26	0
365.98	0
366.15	0
204.11	0
206.34	0
210.64	0
216.31	0
219.81	0
220.40	0
222.59	0
223.76	0
208.96	0
212.07	0
225.91	0
228.58	0
235.26	0
236.70	0
237.45	0
237.69	0
211.71	1
220.15	0
233.38	1
243.75	1
266.43	0
269.15	0
271.65	0
275.08	0
253.94	0
273.38	0
281.95	0
304.26	0
304.62	0
306.61	0
306.67	0
308.87	0
183.72	0
204.16	0
212.40	0
215.43	0
217.35	0
218.08	0
220.28	0
224.14	0
96.32	0
100.99	0
106.88	0
110.37	0
110.96	0
111.12	1
115.89	0
117.06	0
212.84	0
215.65	0
220.19	0
223.51	0
228.66	0
229.46	0
229.96	0
231.88	0
252.32	0
253.86	0
262.62	0
263.11	0
265.38	0
267.46	0
269.52	0
270.87	0
153.39	0
153.79	0
157.92	0
160.69	0
161.58	0
161.80	0
162.20	0
162.54	0
63.55	1
74.82	0
85.34	0
87.65	1
87.93	1
88.42	0
122.01	0
123.23	0
45.31	1
47.95	1
49.41	1
80.49	0
84.40	0
93.11	0
93.77	0
101.16	0
60.29	1
89.59	0
94.77	0
94.89	0
98.61	0
99.21	0
99.39	0
100.46	0
155.66	0
163.02	0
163.41	0
165.73	0
170.33	0
171.82	0
172.53	0
173.65	0
162.54	0
165.00	0
168.68	0
170.52	0
178.29	0
178.56	0
180.48	0
180.56	0
110.30	0
115.10	0
116.64	0
116.89	0
120.48	0
122.28	0
133.26	0
134.62	0
105.44	0
106.37	0
109.35	0
111.93	0
125.09	0
125.16	0
128.24	0
131.08	0
145.16	0
149.26	0
155.42	0
159.09	0
164.17	0
164.63	0
165.02	0
171.17	0
104.92	0
112.20	0
113.19	0
113.90	0
115.80	0
116.00	0
119.45	0
120.65	0
108.52	0
108.58	0
110.11	0
112.92	0
121.07	0
123.61	0
130.95	0
132.98	0
123.95	0
128.71	0
144.36	0
148.21	0
149.89	0
154.26	0
155.56	0
157.70	0
337.79	0
338.25	0
350.98	0
353.81	0
357.02	0
357.50	0
358.79	0
364.22	0
26.96	1
28.97	1
35.27	1
43.54	1
58.62	1
69.13	1
73.56	0
78.47	0
4.86	1
5.67	1
7.85	1
9.74	1
10.36	1
13.34	1
13.58	1
14.14	1
44.38	0
75.40	0
128.46	0
133.03	0
135.07	0
137.97	0
141.63	0
144.83	0
95.20	0
130.84	1
187.48	0
194.78	0
196.83	0
197.48	0
210.22	0
212.99	0
66.57	1
88.11	1
145.74	1
161.94	1
165.89	1
166.59	1
207.70	0
211.74	0
1.52	1
2.88	1
4.17	1
4.84	1
5.43	1
6.62	1
7.04	1
102.39	0
5.00	1
5.60	1
12.27	1
16.25	1
21.03	1
24.15	1
31.21	1
146.02	0
9.85	1
11.43	1
22.06	1
28.94	1
60.80	1
71.40	1
83.77	1
151.66	0
8.25	1
8.73	1
26.49	1
27.00	1
27.05	1
32.80	1
43.41	1
110.15	0
136.63	1
178.67	0
196.02	0
200.10	0
217.61	0
217.78	0
225.04	0
228.09	0
40.99	1
81.06	1
82.82	1
89.07	0
94.29	0
95.17	1
104.59	0
107.38	0
194.45	0
236.81	0
240.30	0
245.72	0
246.43	0
250.53	0
253.68	0
254.13	0
30.46	1
45.25	1
80.45	0
82.38	0
82.46	0
83.38	0
84.25	0
87.75	0
1.62	1
3.80	1
6.29	1
8.02	1
8.81	1
13.70	1
14.13	1
16.04	1
107.66	0
128.02	0
135.16	0
136.74	0
191.05	0
194.78	0
199.60	0
200.68	0
59.76	1
176.32	0
197.88	0
238.88	0
264.85	0
270.04	0
272.09	0
272.23	0
21.71	1
169.78	0
250.83	0
251.57	0
251.75	0
254.91	0
256.65	0
259.88	0
169.62	0
175.49	0
175.72	0
181.44	0
182.43	1
189.67	0
191.25	0
194.54	0
109.28	1
115.50	1
142.21	1
146.85	1
169.62	0
176.82	1
179.57	1
193.93	0
3.57	1
4.19	1
4.28	1
4.37	1
4.71	1
5.49	1
5.67	1
9.74	1
6.51	1
8.73	1
10.68	1
10.94	1
15.56	1
21.09	1
21.86	1
27.82	1
5.63	1
10.07	1
10.31	1
27.48	1
43.92	1
44.87	1
70.08	1
70.33	0
4.67	1
7.85	1
14.09	1
17.36	1
29.86	1
35.49	1
36.43	1
43.30	1
123.08	0
128.63	0
133.40	0
133.46	0
136.32	1
143.14	0
146.16	0
146.16	0
61.69	1
119.76	0
234.58	0
235.05	1
250.11	0
253.53	0
259.88	0
262.54	0
4.63	1
11.71	1
91.80	0
102.71	0
103.91	0
105.49	0
111.98	0
113.86	0
2.24	1
4.86	1
105.61	0
107.65	0
113.94	0
117.22	0
120.38	0
123.00	0
3.62	1
9.02	0
117.66	0
125.36	0
136.16	0
153.88	0
154.81	0
157.78	0
3.92	1
87.09	1
133.24	0
133.61	0
135.46	0
136.14	0
139.24	0
139.37	0
76.82	0
79.91	0
85.53	0
90.71	1
91.43	0
92.38	0
95.18	0
96.84	0
95.66	1
136.82	1
139.97	0
140.80	0
143.02	0
144.72	0
145.55	0
148.89	0
99.72	0
127.90	0
134.90	0
138.35	0
142.44	0
147.19	0
150.93	0
153.51	0
173.24	0
173.42	0
176.57	0
177.84	0
178.34	0
178.60	0
179.49	0
182.19	0
169.14	0
171.69	0
171.75	0
175.94	0
177.21	0
178.77	0
183.06	0
185.61	0
175.55	0
181.63	0
184.32	0
188.09	0
191.45	0
195.45	0
196.16	0
198.07	0
200.58	0
204.60	1
206.52	0
209.99	1
215.16	0
217.77	0
218.89	0
222.16	0
164.22	0
186.44	0
198.43	0
203.24	0
204.60	0
204.80	0
205.22	0
206.00	0
170.56	0
173.67	0
177.80	0
180.89	0
187.21	0
189.24	0
189.63	0
192.49	0
68.07	1
75.57	1
84.92	1
88.06	1
90.49	0
91.96	0
95.55	0
100.93	1
101.18	0
111.42	1
147.33	0
147.68	1
147.97	0
154.74	1
156.43	1
158.21	0
196.62	0
196.98	0
197.75	0
198.87	0
200.96	0
204.51	0
208.44	0
210.39	0
72.43	0
92.23	0
117.94	0
123.27	0
129.04	0
131.16	0
135.87	0
137.72	0
160.70	0
165.15	0
168.11	0
170.86	0
171.19	0
171.32	0
173.32	0
173.43	0
176.68	0
184.52	0
185.96	0
187.37	0
189.06	0
189.70	0
194.06	0
201.59	0
160.56	0
163.20	0
199.00	0
206.65	0
210.85	0
212.28	0
217.34	0
221.10	0
152.77	0
153.33	0
158.83	0
160.72	0
161.71	0
162.42	0
162.45	0
162.47	0
214.07	1
214.47	0
225.63	0
229.15	0
230.11	0
231.13	0
242.46	0
242.67	0
201.65	0
204.07	0
219.93	0
221.50	0
221.79	0
223.02	0
224.40	0
225.29	0
48.60	1
54.76	0
65.20	0
67.77	1
69.21	1
71.80	0
72.11	1
72.56	0
30.39	0
38.37	0
39.36	0
40.08	0
40.93	0
41.35	0
41.58	0
43.27	0
10.58	1
11.17	1
11.36	1
12.64	1
12.94	1
13.14	1
16.86	1
17.12	1
111.47	1
158.27	0
158.34	0
160.30	0
165.30	0
166.23	0
166.67	0
175.89	0
145.09	0
149.11	0
174.68	0
182.48	0
189.66	1
190.17	1
196.51	1
197.46	0
145.52	1
186.21	0
190.93	0
200.38	0
201.21	1
202.68	0
204.81	0
210.17	0
49.25	1
59.03	1
61.91	1
65.32	1
67.23	1
93.53	0
94.89	1
95.78	0
120.44	1
185.44	0
193.10	0
213.27	0
221.68	0
228.54	0
232.87	0
233.01	0
96.11	1
106.71	1
127.75	0
133.52	0
134.04	0
134.41	1
139.35	0
139.77	0
256.46	0
265.64	0
271.08	0
271.99	0
274.20	0
274.94	0
275.22	0
275.76	0
131.97	0
156.18	0
161.07	1
164.22	0
169.41	1
170.29	1
179.69	1
188.77	0
105.29	1
111.62	1
134.01	1
189.30	0
189.34	0
193.27	0
195.37	0
195.64	0
180.91	0
182.79	0
192.82	0
194.51	0
194.94	0
198.92	0
201.83	0
201.86	0
280.67	0
289.54	0
300.20	0
302.24	0
308.91	0
310.37	0
313.55	0
314.96	0
250.63	0
259.61	0
259.71	0
260.88	0
261.53	0
264.19	0
264.93	0
268.18	0
203.93	0
219.46	0
227.44	0
227.45	0
229.18	0
229.62	0
232.30	0
235.25	0
330.21	0
334.91	0
337.70	0
349.04	0
351.37	0
364.09	0
364.99	0
366.52	0
214.48	0
226.06	0
226.66	0
228.18	0
229.25	0
234.56	0
240.87	0
246.21	0
292.79	0
300.83	0
313.32	0
315.18	0
316.15	0
323.19	0
325.63	0
327.83	0
102.98	0
105.82	0
121.12	0
121.21	0
127.27	0
133.40	0
134.40	0
136.81	0
185.20	1
185.37	0
185.84	0
188.85	1
191.04	1
193.38	1
200.15	1
200.69	0
158.65	1
160.04	1
200.54	0
201.64	1
222.29	0
228.57	0
239.33	0
240.23	0
222.71	0
227.31	0
231.65	0
234.04	0
239.66	0
242.22	0
245.99	0
246.17	0
159.85	1
166.64	0
173.36	1
173.44	1
177.06	0
180.96	1
182.95	1
185.18	0
137.40	1
200.97	0
216.60	0
217.00	0
222.92	0
225.35	0
229.80	0
229.90	0
48.54	1
60.46	1
62.50	1
64.01	1
66.24	1
71.07	1
77.05	1
82.91	0
6.28	1
7.49	1
7.97	1
8.04	1
10.82	1
10.85	1
12.53	1
17.36	1
73.20	1
79.63	0
93.24	1
158.18	0
161.79	0
165.25	0
166.22	0
179.11	0
274.42	0
276.85	0
283.96	0
286.26	0
287.16	0
288.39	0
290.26	0
290.48	0
208.72	0
211.05	0
223.49	0
225.06	0
229.72	0
229.86	0
230.52	0
230.52	0
189.07	0
194.20	0
195.41	0
204.18	0
205.62	0
207.43	0
208.36	0
209.22	0
141.83	1
142.30	1
151.21	0
160.15	1
176.16	1
180.25	0
183.17	0
184.96	0
164.19	0
166.35	0
175.41	0
178.44	0
180.13	0
180.18	0
180.37	0
180.82	0
278.17	0
279.45	0
280.84	0
280.91	0
281.42	0
284.21	0
285.37	0
285.81	0
84.31	1
100.37	1
108.68	0
109.64	1
110.95	1
115.42	1
116.29	1
121.88	1
141.96	0
145.50	0
210.51	0
217.13	0
220.61	0
223.45	0
223.98	0
232.55	0
121.06	0
135.46	1
137.99	0
151.05	0
156.83	0
158.68	0
160.71	0
166.33	0
181.51	1
192.54	0
200.58	0
203.17	0
212.12	0
215.84	0
216.72	0
218.58	0
88.37	0
90.48	0
103.21	1
105.09	0
105.81	0
106.27	0
109.34	0
112.60	1
114.77	0
119.44	1
178.78	1
188.72	1
202.33	1
202.77	0
204.90	0
205.60	0
73.12	1
141.40	0
145.77	0
145.95	0
151.59	0
156.47	0
158.22	0
159.07	0
17.62	1
163.98	0
165.81	0
167.26	0
167.91	0
168.15	0
168.25	0
169.90	0
41.32	1
48.63	1
53.34	1
67.25	0
68.39	0
69.93	0
72.41	0
73.55	0
2.48	1
2.53	1
4.68	1
5.37	1
7.52	1
7.87	1
9.79	1
12.23	1
140.22	1
145.98	0
146.56	0
151.35	0
158.02	0
220.49	0
224.22	0
232.83	0
204.50	0
205.41	0
208.79	0
210.89	0
212.01	0
212.91	0
213.21	0
213.41	0
67.72	1
75.90	1
84.49	1
114.99	0
115.32	0
119.51	0
120.99	0
128.55	1
60.02	1
71.41	1
73.72	1
102.76	1
105.93	1
134.70	1
135.09	1
158.20	0
2.23	1
2.42	1
2.46	1
2.55	1
2.68	1
2.93	1
4.25	1
4.70	1
5.75	1
7.01	1
7.78	1
7.89	1
8.24	1
14.13	1
22.95	1
23.75	1
6.97	1
7.51	1
7.73	1
12.02	1
39.73	1
55.75	0
56.58	1
57.09	1
3.83	1
4.67	1
5.02	1
13.15	1
16.70	1
30.75	1
36.38	1
37.50	1
136.51	0
147.10	0
152.16	0
153.66	0
154.46	0
155.09	0
159.44	0
161.00	0
201.27	0
203.76	0
204.26	0
205.24	0
205.98	0
206.97	0
207.91	0
208.91	0
189.41	0
192.88	0
200.15	0
203.32	0
204.78	0
207.93	0
207.95	0
209.17	0
95.49	0
97.94	0
107.73	0
117.28	0
117.93	0
118.65	0
120.27	0
120.53	0
234.87	0
244.72	0
246.16	0
249.01	0
251.11	0
251.15	0
251.36	0
252.48	0
173.86	0
207.54	0
209.09	0
211.08	0
212.64	0
213.84	0
221.59	0
221.93	0
187.52	0
191.95	0
200.75	0
201.23	0
201.34	0
203.25	0
203.72	0
205.78	0
104.44	0
106.21	0
117.13	0
122.75	0
123.44	0
124.45	0
125.93	0
127.48	0
253.06	0
257.86	0
262.75	0
263.05	0
264.16	0
264.89	0
270.78	0
270.87	0
206.19	0
208.99	0
214.67	0
254.37	0
256.30	0
257.86	0
260.72	0
260.91	0
109.09	0
109.41	0
112.11	0
122.70	0
122.98	0
129.30	1
131.13	0
132.63	1
114.79	0
166.77	0
175.47	0
180.25	0
180.88	0
181.05	0
181.28	0
183.08	0
21.36	1
24.83	1
29.38	1
30.46	1
31.15	1
45.45	1
53.80	1
61.98	1
3.93	1
4.29	1
4.48	1
4.98	1
5.67	1
7.23	1
7.63	1
9.10	1
116.60	0
117.68	1
127.86	1
133.62	0
141.69	0
159.85	0
165.42	0
171.94	0
71.79	1
162.73	0
167.59	0
183.26	0
183.91	0
184.92	0
184.96	0
185.22	0
202.76	0
219.48	0
227.18	0
227.67	0
233.83	0
235.31	0
237.27	0
239.60	0
176.48	1
180.94	1
194.59	1
195.37	0
197.08	0
197.20	1
201.36	1
201.64	0
168.96	0
169.99	0
171.92	0
183.88	0
188.67	0
191.80	0
192.06	0
192.81	0
47.05	1
55.29	1
57.52	1
61.90	1
82.73	0
96.57	0
97.19	0
100.95	0
95.09	0
96.95	0
103.11	0
117.61	0
135.80	0
138.10	0
138.32	0
141.53	0
212.35	0
233.52	0
233.55	0
247.87	0
256.68	0
258.05	0
262.23	0
263.51	0
197.54	0
197.83	0
202.58	0
203.32	0
207.81	0
210.12	0
211.61	0
213.14	0
174.93	0
175.53	0
186.44	0
189.98	0
195.60	0
197.99	0
211.07	0
211.67	0
278.24	0
294.60	0
294.87	0
300.22	0
306.06	0
315.19	0
316.68	0
317.18	0
134.84	0
154.88	0
157.69	0
184.49	0
196.68	1
207.16	1
214.57	0
215.02	1
45.53	1
205.58	0
210.01	0
211.69	0
211.76	0
220.02	0
220.40	0
222.64	0
24.00	1
40.67	1
53.05	1
58.58	1
96.53	0
96.83	0
97.37	0
98.99	0
25.14	1
66.25	1
75.87	1
96.94	1
119.47	1
130.27	1
150.37	1
153.22	1
2.05	1
2.66	1
3.13	1
3.41	1
3.53	1
3.93	1
3.96	1
5.55	1
6.55	1
7.42	1
7.44	1
7.62	1
8.65	1
9.46	1
16.03	1
24.79	1
7.83	1
9.52	1
10.02	1
11.57	1
11.78	1
26.53	1
42.87	1
45.34	1
5.32	1
7.00	1
7.14	1
7.44	1
11.56	1
17.82	1
29.46	1
31.74	1
115.41	0
120.02	0
123.98	0
124.05	0
124.42	0
125.42	0
127.46	0
129.14	0
220.85	0
233.49	0
237.09	0
240.89	0
241.80	0
245.57	0
245.77	0
246.94	0
60.27	1
82.17	1
91.49	1
100.69	1
134.37	1
134.73	0
139.31	0
141.40	0
210.37	0
219.15	0
224.40	0
226.68	0
229.19	0
234.35	0
235.71	0
236.72	0
170.31	0
173.16	0
175.32	0
175.37	0
194.79	0
197.32	0
197.43	0
202.47	0
84.66	0
98.82	0
103.43	0
110.60	0
114.69	0
114.99	0
117.49	0
118.34	0
134.49	0
139.93	0
140.37	0
144.74	0
149.60	0
157.21	0
157.47	0
158.22	0
46.19	1
67.73	1
68.03	0
79.30	1
84.20	0
93.62	0
94.17	0
95.15	0
102.67	0
135.02	0
136.92	0
140.27	0
140.32	0
142.23	0
144.53	0
144.60	0
79.81	1
180.40	0
189.79	0
190.26	0
192.77	0
197.94	0
203.19	0
204.05	0
11.35	1
162.85	0
163.31	0
167.23	0
169.53	0
171.38	0
172.76	0
176.31	0
9.85	1
171.47	0
179.08	0
180.62	0
186.54	0
190.01	0
191.92	0
195.74	0
51.61	1
54.20	1
56.73	1
76.34	1
101.91	0
103.36	0
103.49	0
103.67	0
158.58	0
160.26	1
170.51	1
172.16	1
182.32	0
189.08	0
192.94	0
193.07	0
164.07	0
169.79	0
202.74	0
203.76	0
206.60	0
207.83	0
208.96	0
209.28	0
130.87	0
136.66	0
151.78	0
152.42	0
153.13	0
155.36	0
156.39	0
157.03	0
93.12	1
155.58	1
161.66	0
188.60	0
189.58	0
189.75	0
190.06	0
194.91	0
37.06	1
49.82	1
53.18	1
55.55	1
58.40	1
61.05	1
71.72	1
76.33	1
2.74	1
4.31	1
4.60	1
6.87	1
7.01	1
8.35	1
8.72	1
10.83	1
204.16	0
231.85	1
241.49	0
259.80	1
270.50	0
274.79	0
277.18	0
281.16	0
260.56	0
261.12	0
270.27	0
272.32	0
286.12	0
292.69	0
294.29	0
294.46	0
213.97	0
244.82	0
249.39	0
249.72	0
253.69	0
257.00	0
258.48	0
262.87	0
219.17	0
246.94	0
249.55	0
259.76	0
278.97	0
280.14	1
287.74	0
287.95	0
116.57	0
119.73	0
121.77	0
137.05	0
165.51	0
167.42	0
169.65	0
170.21	0
92.76	1
175.85	0
178.72	0
192.24	0
196.84	0
197.13	0
205.15	0
211.42	0
198.67	1
219.10	0
226.04	0
227.40	0
237.95	0
238.97	0
239.07	0
243.49	0
271.55	0
289.46	0
289.69	0
292.82	0
294.91	0
298.21	0
302.24	0
306.30	0
49.41	1
57.46	1
65.84	1
69.16	1
79.45	0
79.58	1
82.08	1
86.73	0
197.77	0
210.11	0
211.84	0
215.54	0
224.61	0
235.50	0
245.93	0
254.89	0
98.87	1
136.81	1
211.24	0
211.71	0
246.63	0
246.89	0
252.20	0
266.99	0
61.48	0
89.94	1
149.85	1
170.64	0
200.07	0
213.00	1
214.62	1
215.90	0
26.51	1
77.55	1
91.77	0
103.43	1
107.41	0
112.37	0
118.24	0
133.33	0
30.65	1
89.65	1
125.29	0
138.77	0
179.22	0
196.73	0
197.88	0
202.41	0
27.95	1
153.48	0
253.38	0
257.11	0
266.03	0
269.87	0
270.67	0
273.05	0
59.64	1
123.82	1
132.57	0
162.71	0
166.70	0
186.39	0
188.07	0
195.35	0
13.23	1
21.73	1
253.15	0
258.13	0
259.47	0
262.05	0
263.02	0
263.66	0
70.85	1
87.44	1
95.09	1
105.65	1
111.54	0
112.11	0
113.87	0
114.80	0
156.10	0
159.59	0
161.10	0
162.38	0
163.98	0
168.16	0
168.77	0
171.16	0
52.06	1
85.26	0
85.39	0
85.68	0
88.07	0
96.90	0
97.56	0
99.28	0
183.72	0
185.59	0
186.41	0
193.43	0
195.87	0
196.00	0
196.31	0
196.59	0
279.43	0
280.22	0
281.28	0
281.55	0
281.57	0
283.78	0
284.91	0
285.55	0
383.61	0
388.77	0
392.40	0
395.33	0
396.91	0
398.09	0
404.77	0
405.36	0
41.36	0
49.89	0
67.63	1
67.73	0
68.13	0
70.33	1
71.02	0
74.39	0
247.14	0
259.16	0
266.06	0
267.92	0
274.74	0
276.78	0
276.81	0
278.68	0
93.74	1
132.58	0
159.98	1
166.70	0
166.71	0
169.81	0
170.04	0
170.91	0
17.57	1
26.21	1
252.91	0
253.22	0
256.26	0
259.35	0
259.70	0
260.36	0
22.83	1
23.91	1
25.29	1
41.46	1
56.02	1
74.90	0
78.78	0
79.02	0
132.61	0
140.00	0
169.03	0
180.72	0
187.44	0
188.10	0
195.40	0
196.01	0
120.97	0
139.11	0
147.95	0
158.21	0
177.01	0
183.30	0
188.27	0
189.57	1
81.99	0
85.00	0
196.99	0
230.65	0
231.00	0
232.95	0
235.39	0
242.25	0
30.22	1
53.52	1
60.12	1
61.71	1
72.86	0
73.88	1
74.99	0
84.71	1
94.86	0
95.08	1
116.43	1
198.43	0
209.36	0
210.82	0
229.52	0
253.42	0
83.62	1
105.23	1
354.70	0
367.53	0
459.26	0
465.65	0
466.97	0
473.28	0
27.19	1
38.13	1
223.17	0
230.47	0
234.13	0
237.54	0
242.24	0
246.06	0
20.19	1
81.23	1
97.13	1
115.43	1
127.16	0
142.49	1
166.03	0
175.48	0
29.67	1
49.88	1
52.32	1
53.71	1
53.74	1
53.84	1
62.97	1
63.24	1
5.30	1
5.48	1
6.81	1
7.12	1
7.73	1
10.24	1
12.00	1
12.91	1
106.05	1
116.31	0
140.90	1
156.47	1
161.48	0
162.69	0
167.09	0
167.62	0
178.53	0
179.26	0
185.47	0
186.73	0
191.55	0
193.65	0
199.12	0
200.65	0
238.07	0
244.93	0
247.45	0
252.02	0
252.54	0
254.60	0
256.03	0
256.76	0
57.60	1
59.78	1
66.72	1
66.95	1
74.26	1
79.51	1
98.50	0
100.75	0
168.97	0
175.85	0
197.08	0
206.33	0
207.61	0
218.63	0
231.23	0
232.29	0
174.40	0
174.93	0
178.70	0
186.96	0
187.07	0
189.57	0
191.07	0
193.45	0
138.10	0
146.30	1
158.96	0
165.13	0
165.40	0
172.87	0
173.66	0
173.96	0
140.64	1
150.08	0
152.88	0
157.86	0
159.06	0
163.28	0
164.66	0
164.78	0
156.22	0
156.59	0
164.89	0
171.57	0
171.96	0
173.65	0
173.95	0
174.27	0
28.14	1
28.66	1
46.68	1
49.32	1
54.37	1
73.18	1
81.58	0
82.71	0
164.35	0
184.73	0
185.15	0
191.64	0
193.81	0
202.17	0
203.58	0
206.28	0
155.74	0
198.90	0
201.04	0
203.34	0
208.15	0
209.92	0
212.16	0
212.64	0
100.92	1
118.28	1
140.05	0
147.75	0
162.82	0
164.17	0
170.12	0
178.75	0
126.97	1
148.63	0
158.76	0
190.64	0
192.55	0
193.74	0
193.89	0
194.16	1
200.90	0
222.36	0
233.24	0
234.06	0
235.50	0
236.19	0
236.71	0
237.26	0
156.15	0
159.17	0
162.61	0
171.89	0
172.90	0
177.10	0
178.76	0
179.69	0
97.95	0
100.42	1
101.70	0
102.39	1
103.81	1
116.88	0
118.43	0
125.34	0
188.04	0
202.58	0
203.17	0
203.75	0
204.37	0
207.41	0
207.86	0
208.48	0
214.75	0
216.37	0
217.16	0
218.73	0
219.54	0
222.92	0
223.47	0
224.19	0
97.58	0
102.38	0
103.26	0
106.56	0
108.58	0
111.42	0
112.10	0
112.22	0
173.67	0
182.12	0
182.92	0
190.20	0
191.46	0
192.17	0
192.56	0
193.09	0
170.20	0
179.07	0
192.24	0
193.02	0
195.05	0
196.51	0
197.95	0
203.04	0
157.13	0
159.62	1
165.69	1
176.13	0
209.22	0
217.48	0
219.77	0
219.93	0
77.27	0
85.70	0
86.41	0
98.09	0
103.37	0
103.74	0
104.28	0
105.43	0
119.02	0
132.19	0
132.84	0
137.90	0
150.35	0
153.25	0
155.19	0
155.68	0
96.88	0
133.10	0
149.36	0
151.35	0
165.87	0
166.08	0
166.51	0
167.33	0
52.59	1
94.85	1
167.81	0
179.65	0
188.51	0
189.16	0
191.06	0
193.87	0
8.89	1
17.86	1
154.75	0
155.12	0
157.72	0
159.07	0
159.42	0
163.78	0
79.77	0
84.83	0
160.48	0
165.17	0
171.37	0
173.82	0
179.30	0
183.96	0
26.24	1
28.38	1
31.44	1
34.12	1
36.17	1
36.85	1
39.03	1
43.21	1
1.84	1
3.45	1
3.99	1
4.18	1
4.95	1
4.97	1
5.05	1
5.83	1
67.76	0
106.83	1
114.21	0
124.08	0
182.41	0
184.02	0
184.67	0
184.71	0
277.80	0
298.92	0
318.53	0
325.88	0
327.68	0
331.98	0
332.06	0
333.90	0
267.60	0
316.03	0
335.89	0
338.15	0
340.63	0
344.43	0
345.52	0
347.47	0
200.45	0
202.69	0
220.44	1
221.58	1
223.40	0
227.58	0
235.58	1
239.21	1
264.63	0
279.69	0
285.49	0
291.26	0
296.98	0
300.94	0
303.53	0
309.30	0
147.26	0
151.30	0
153.01	0
155.75	0
156.85	0
159.96	0
161.83	0
164.10	0
181.73	0
182.00	0
182.26	0
182.82	0
183.74	0
184.47	0
184.47	0
184.68	0
243.00	0
255.75	0
275.35	0
280.67	1
281.41	1
283.28	0
286.76	0
290.30	0
115.60	1
144.94	0
153.27	1
154.28	1
156.41	1
161.35	0
161.99	0
168.82	1
147.60	1
157.44	0
196.32	0
221.01	0
222.50	1
234.62	0
239.12	0
243.38	0
266.56	0
277.42	0
287.65	0
290.35	0
295.19	0
295.78	0
298.38	0
302.53	0
178.28	0
229.73	0
231.04	0
238.12	0
240.92	1
241.27	0
249.08	0
252.44	1
206.99	1
212.49	0
214.66	0
214.83	0
215.11	0
215.41	1
216.56	0
218.04	1
216.30	0
236.08	0
240.98	0
243.04	0
254.19	0
266.14	0
267.10	0
267.44	0
245.23	0
250.41	0
261.60	0
262.84	0
263.60	0
264.01	0
264.46	0
264.48	0
56.47	1
67.28	1
70.44	1
79.07	1
80.56	0
82.00	0
82.18	0
83.37	0
1.68	1
2.56	1
3.28	1
5.45	1
5.84	1
6.32	1
6.78	1
8.22	1
163.03	0
167.30	1
171.20	1
181.74	0
182.17	0
186.26	0
187.78	0
191.21	0
181.86	0
192.29	1
193.65	0
208.93	1
244.42	0
249.74	0
251.35	0
251.61	0
230.85	0
265.97	0
270.03	0
275.89	1
279.87	0
283.16	1
287.82	0
288.34	1
288.96	0
318.35	0
332.41	0
341.67	0
348.34	0
352.05	0
353.52	0
356.31	0
336.67	0
336.77	0
338.04	0
339.41	0
340.53	0
343.31	0
343.63	0
346.37	0
174.61	0
177.01	0
178.26	0
180.25	0
182.43	0
187.82	0
188.65	0
189.23	0
140.35	0
141.75	0
145.20	0
145.55	0
147.53	0
147.72	0
148.07	0
149.16	0
79.68	1
105.48	1
130.25	1
143.66	0
143.86	1
146.58	0
151.68	0
157.90	0
49.33	1
72.77	1
159.82	0
162.06	0
169.82	0
173.28	0
175.27	0
175.34	0
156.20	1
172.99	0
191.24	0
232.62	0
235.86	0
245.81	0
248.47	0
254.36	0
99.95	0
260.15	0
261.52	0
264.21	0
264.98	0
265.51	0
265.75	0
266.32	0
106.41	0
115.83	0
142.24	0
142.47	0
148.72	1
153.46	0
155.82	1
157.23	1
4.31	1
4.43	1
5.79	1
5.82	1
6.50	1
6.58	1
6.63	1
7.28	1
152.90	0
153.13	0
169.20	0
191.80	0
193.82	0
202.61	0
203.89	0
209.70	0
195.65	1
201.77	1
206.12	0
206.47	1
210.85	0
214.07	1
222.08	0
223.82	0
60.15	1
110.97	1
116.06	0
125.01	0
154.61	0
159.11	0
165.97	0
172.21	0
8.38	1
18.52	1
158.21	0
160.48	0
160.51	0
161.03	0
162.90	0
163.03	0
200.00	0
203.98	0
214.35	0
218.64	0
218.82	0
219.32	0
220.83	0
225.15	0
177.24	0
178.24	0
191.22	0
234.97	0
243.11	0
245.66	0
246.40	0
247.49	0
248.70	0
254.31	0
261.50	0
262.00	0
262.65	0
264.02	0
265.30	0
268.35	0
122.86	0
126.48	1
130.02	1
156.80	1
164.71	1
170.85	1
171.70	1
174.12	0
118.98	0
146.17	0
154.87	0
196.66	0
208.19	0
213.16	0
214.42	0
218.34	0
120.01	0
131.00	0
132.54	0
138.69	0
142.80	0
145.58	0
149.55	0
155.72	0
75.15	1
88.02	1
101.43	0
114.64	1
117.12	1
118.61	1
123.83	1
141.01	1
32.57	1
56.84	1
75.80	1
120.79	0
153.63	0
154.84	0
155.31	0
155.80	0
104.06	1
115.19	1
116.34	1
116.67	1
116.94	1
117.45	0
119.64	0
120.71	1
133.94	0
144.87	0
157.09	0
165.17	0
165.60	0
166.99	0
168.21	0
169.52	0
246.30	0
248.70	0
250.44	0
258.25	0
261.15	0
262.10	0
267.87	0
269.25	0
67.54	1
68.41	1
77.26	1
83.50	1
84.50	1
88.91	1
93.13	1
99.58	1
206.06	0
237.27	0
240.75	0
242.74	0
248.90	0
248.94	0
251.32	0
253.43	0
223.39	0
228.77	1
238.28	0
243.08	0
243.52	0
245.48	0
245.72	0
247.89	0
160.98	0
183.51	0
192.30	0
194.07	0
196.90	0
198.18	0
199.12	0
199.18	0
127.98	1
149.16	0
153.74	0
153.78	0
154.40	0
156.80	0
157.57	0
158.55	0
163.47	0
164.86	0
167.41	0
169.36	0
169.66	0
170.88	0
170.94	0
172.42	0
197.03	0
201.77	0
207.18	0
210.55	0
210.64	0
211.84	0
211.88	0
212.35	0
234.75	0
236.22	0
239.59	0
242.30	0
242.38	0
242.97	0
243.31	0
246.17	0
300.33	0
303.98	0
308.64	0
316.00	0
317.75	0
320.25	0
320.31	0
320.43	0
171.97	0
175.79	0
182.80	0
186.64	0
187.33	0
188.13	0
190.36	0
194.54	0
97.75	0
105.52	0
107.91	0
108.64	0
113.35	0
113.86	0
115.18	0
118.64	0
37.55	1
45.71	1
48.36	1
48.61	1
51.45	1
53.25	1
58.92	1
60.81	1
3.19	1
3.33	1
3.42	1
4.23	1
4.23	1
4.44	1
4.84	1
5.48	1
111.44	0
114.35	0
125.44	0
125.63	0
130.73	0
130.95	0
144.99	0
145.71	0
286.89	0
288.10	0
303.56	0
306.48	0
306.59	0
310.28	0
311.68	0
312.53	0
302.22	0
302.29	0
302.85	0
303.22	0
304.78	0
304.82	0
304.99	0
306.08	0
247.59	0
254.67	0
266.27	0
266.56	0
268.20	0
271.98	0
272.45	0
276.16	0
276.35	0
277.82	0
282.21	0
282.32	0
283.35	0
284.03	0
284.71	0
286.32	0
312.25	0
313.93	0
315.04	0
316.62	0
321.16	0
329.60	0
330.76	0
331.68	0
266.65	1
267.84	1
269.75	1
281.02	1
284.86	1
289.11	1
292.76	0
300.67	0
175.50	0
181.43	0
185.07	0
190.28	0
194.55	0
196.31	0
196.61	0
198.46	0
353.30	0
360.74	0
362.02	0
363.05	0
364.34	0
364.90	0
366.52	0
367.01	0
191.74	1
205.36	0
206.57	1
207.24	0
209.71	1
212.18	0
212.27	0
213.19	1
296.06	0
311.11	0
315.47	0
317.66	0
319.39	0
321.26	0
323.15	0
323.69	0
128.22	0
130.49	0
132.37	0
132.40	0
132.47	0
137.80	0
140.19	0
141.26	0
220.63	0
240.74	0
243.02	0
248.11	0
249.30	0
249.64	0
249.88	0
250.75	0
261.68	0
297.09	0
299.16	0
299.41	0
304.12	0
304.49	0
306.60	0
307.43	0
289.91	0
289.97	0
293.50	0
296.65	0
300.31	0
301.40	0
302.03	0
302.35	0
163.76	1
171.13	1
172.65	1
173.11	0
173.48	1
178.11	0
178.29	1
179.56	1
104.40	0
105.66	0
106.97	0
109.47	0
109.88	0
110.82	0
111.12	0
114.31	0
117.26	0
119.23	0
128.52	0
130.64	0
131.60	0
135.31	0
135.89	0
136.30	0
238.32	0
245.88	0
246.40	0
248.48	0
249.05	0
262.60	0
262.71	1
264.63	0
266.55	0
270.65	0
270.83	0
273.07	0
276.66	0
280.48	0
284.63	0
289.07	0
270.07	1
272.44	1
286.36	0
286.63	0
293.54	0
295.79	0
300.14	0
300.64	0
231.37	0
249.45	0
260.47	0
262.63	0
270.30	0
270.72	1
271.20	0
274.99	1
266.87	0
279.87	0
283.96	0
290.85	0
299.34	0
299.90	0
300.29	0
309.73	0
280.56	0
311.87	0
318.83	0
319.74	0
320.55	0
323.62	0
324.11	0
324.22	0
45.02	1
172.46	0
210.36	0
210.70	0
214.88	0
216.34	0
220.22	0
220.80	0
213.57	0
214.10	0
217.18	0
218.78	0
220.66	0
224.79	1
226.03	0
227.23	0
214.36	0
217.74	1
241.78	1
248.04	0
254.94	1
260.20	0
261.53	1
269.56	1
270.72	0
274.12	1
279.13	1
281.01	0
294.67	0
299.67	0
305.64	0
314.24	0
269.07	1
270.09	1
281.84	1
284.46	0
284.48	0
285.14	0
285.72	0
287.45	0
240.02	0
248.23	0
257.72	0
258.04	0
258.26	0
259.85	0
260.58	0
262.20	0
85.66	1
87.19	1
128.11	0
168.37	0
170.94	0
172.36	0
172.87	0
176.71	0
230.58	0
253.40	0
254.42	0
262.56	0
264.54	0
269.23	0
269.39	0
270.01	0
294.14	1
313.82	0
332.47	0
332.81	0
338.14	0
338.79	0
339.65	0
342.62	0
113.66	1
126.20	0
128.33	1
128.58	0
128.72	1
131.33	1
132.44	1
133.28	1
193.47	1
292.43	0
305.05	0
308.49	0
308.82	0
316.62	0
318.01	0
321.44	0
161.52	0
170.31	0
194.38	0
206.01	0
209.86	0
213.28	0
214.37	0
214.87	0
322.36	0
332.43	0
337.14	0
337.61	1
343.73	0
344.11	0
347.84	0
351.31	0
289.01	0
347.07	0
350.33	0
357.32	0
361.65	0
362.57	0
362.63	0
363.66	0
190.53	0
195.45	0
195.57	0
196.57	0
201.09	0
202.67	0
203.76	0
206.35	0
315.88	0
323.06	0
330.70	0
331.05	0
332.60	0
333.49	0
333.71	0
340.87	0
239.70	0
251.94	0
252.96	0
253.18	0
256.07	0
258.57	0
258.65	0
260.78	0
303.59	0
305.59	0
307.96	0
309.41	0
310.43	0
313.51	0
315.65	0
318.54	0
190.81	0
193.90	0
194.79	1
198.22	0
204.33	1
207.04	0
207.87	0
209.19	0
308.49	1
312.15	0
319.04	0
321.91	1
321.95	1
325.54	0
328.99	0
333.15	0
313.88	0
320.42	1
322.43	1
330.91	0
331.23	1
360.36	0
361.49	0
368.36	0
232.65	0
233.26	1
233.89	1
235.24	1
239.99	1
246.03	1
249.17	1
254.10	1
8.09	0
8.38	0
8.57	0
9.17	0
9.32	0
9.33	0
9.53	0
9.56	0
328.00	0
335.54	0
335.77	1
340.63	0
343.63	0
346.60	0
347.37	1
352.49	0
314.17	0
324.78	1
325.20	0
327.05	0
334.67	0
336.70	1
338.78	0
350.70	0
276.13	0
279.56	0
285.12	0
286.52	0
288.24	0
291.01	0
291.11	0
291.18	0
237.31	0
293.96	0
299.14	0
315.78	0
316.09	0
316.64	0
318.83	0
319.38	0
309.40	0
310.27	0
315.29	0
315.75	0
328.41	0
329.69	0
329.70	0
330.73	0
267.17	0
312.42	0
316.48	0
319.57	0
320.44	0
321.37	0
321.77	0
323.14	0
181.39	0
188.11	0
191.25	0
191.44	0
194.04	0
195.65	0
196.26	0
198.61	0
242.40	0
256.75	0
281.71	0
293.65	0
301.55	0
305.82	0
307.96	1
317.19	1
297.61	0
330.19	0
330.25	1
331.19	0
332.20	0
334.25	0
335.07	0
335.14	0
203.95	1
232.81	0
245.42	0
247.17	0
247.59	0
252.66	0
252.79	0
258.11	0
238.07	0
257.89	1
277.50	0
278.86	1
285.66	0
288.43	0
288.45	1
289.77	0
290.07	1
303.86	1
305.52	0
320.60	0
322.24	0
331.03	0
337.56	0
341.83	0
278.33	1
281.93	1
291.71	1
304.50	0
305.44	0
305.84	0
308.23	0
308.65	0
258.49	0
262.55	0
267.25	0
269.26	0
270.97	0
271.24	0
273.26	0
277.63	0
203.00	0
240.44	0
244.61	0
245.31	0
249.28	0
249.41	0
251.54	0
252.33	0
177.86	0
180.36	0
184.39	0
193.94	0
203.46	0
205.65	0
207.07	0
209.99	0
332.98	0
338.31	0
338.74	0
340.25	0
341.95	0
342.69	0
343.59	0
344.63	0
295.79	0
307.43	0
310.83	0
313.62	0
317.91	0
319.23	0
321.23	0
322.77	0
276.33	0
280.17	0
280.35	0
281.59	0
285.52	0
289.87	0
291.32	0
291.49	0
371.42	0
376.53	0
377.03	0
378.39	0
383.17	0
383.51	0
388.07	0
389.16	0
333.98	0
346.26	0
349.85	0
353.47	0
357.93	0
361.27	0
366.09	0
375.80	0
467.00	0
487.96	0
488.34	0
494.67	0
496.82	0
496.90	0
497.22	0
499.19	0
175.95	0
181.61	0
183.52	0
190.07	0
191.32	0
193.73	0
195.15	0
197.83	0
302.34	0
303.77	0
304.65	0
306.37	0
306.96	0
307.10	0
308.53	0
311.22	0
292.72	0
296.44	0
296.44	0
300.65	0
302.74	0
305.83	0
306.12	0
306.33	0
348.79	0
363.39	0
371.68	0
379.74	0
380.55	0
392.35	0
395.11	0
396.32	0
331.24	0
340.34	1
362.64	0
369.64	0
373.82	0
384.75	0
385.00	0
386.43	0
150.48	0
157.18	0
158.36	0
163.76	0
167.43	0
171.76	0
174.59	0
176.92	0
334.57	0
334.87	0
335.08	0
336.32	0
336.98	0
337.03	0
337.51	0
337.58	0
279.13	1
358.81	0
365.54	0
366.09	0
373.53	0
374.97	0
375.78	0
378.15	0
254.64	0
263.78	1
268.70	1
270.11	1
275.74	1
277.15	1
277.62	1
277.87	1
12.45	0
13.79	0
13.80	0
13.81	0
14.04	0
14.88	0
15.05	0
16.22	0
501.65	0
503.87	0
506.58	0
507.37	0
507.64	0
509.37	0
511.34	0
516.05	0
363.02	0
365.10	0
366.27	0
366.32	0
366.76	0
367.58	0
370.15	0
370.27	0
322.41	1
326.49	1
334.70	1
352.09	0
353.55	0
353.82	0
355.80	0
356.43	0
311.45	0
312.66	0
318.08	0
320.54	0
324.64	0
326.66	0
326.73	0
327.71	0
280.42	0
295.99	0
301.12	0
301.90	0
304.20	0
304.39	0
305.08	0
305.39	0
348.07	0
354.79	0
355.91	0
356.75	0
358.06	0
361.10	0
361.24	0
365.20	0
250.57	0
252.61	0
266.72	0
269.94	0
270.63	0
271.27	0
271.99	0
273.61	0
292.64	0
305.56	0
305.83	0
308.52	0
309.36	0
309.41	0
310.04	0
311.32	0
232.68	0
244.14	0
244.34	0
245.09	0
245.56	0
245.58	0
246.48	0
247.67	0
296.52	0
304.61	0
309.33	0
310.07	0
310.81	0
313.31	0
313.71	0
313.74	0
337.80	0
351.19	0
352.85	0
355.87	0
356.39	0
361.38	0
362.51	0
362.98	0
199.70	0
201.65	0
202.54	0
206.04	0
206.60	0
211.58	0
212.72	0
213.50	0
242.47	0
245.28	0
246.77	0
247.83	0
250.28	0
251.18	0
252.96	0
253.21	0
152.83	0
154.12	0
157.19	0
164.18	0
165.81	0
169.85	0
170.42	0
174.93	0
301.09	1
308.64	0
310.11	0
313.14	0
317.18	0
320.00	1
320.17	0
327.56	1
296.94	0
319.23	0
323.30	0
323.77	0
327.01	0
332.80	0
334.54	0
337.97	0
463.55	0
471.13	0
473.24	0
479.00	0
482.54	0
484.93	0
485.18	0
485.78	0
251.76	1
269.69	0
270.77	1
275.01	1
276.10	0
276.86	0
279.49	1
279.73	1
302.54	0
306.45	0
309.89	0
315.11	0
316.31	0
317.46	0
318.29	0
322.87	0
304.08	0
309.31	0
331.75	0
354.91	0
356.21	0
357.23	1
361.38	0
366.81	0
341.53	0
366.29	0
379.22	0
402.46	0
402.85	0
405.61	0
408.74	0
418.90	0
199.51	0
202.77	0
207.00	0
212.31	1
219.95	1
229.75	1
230.92	0
232.48	1
28.05	0
29.30	0
30.14	0
31.03	0
31.50	0
33.44	0
33.53	0
34.09	0
235.32	0
266.82	0
268.05	0
274.27	0
276.68	0
278.33	0
278.39	0
283.43	0
172.51	0
175.90	0
177.95	0
179.78	0
180.76	0
181.86	0
184.97	0
186.27	0
137.61	0
143.65	0
151.09	0
152.82	0
155.27	0
155.31	0
155.46	0
157.26	0
248.81	0
248.89	0
251.32	0
251.87	0
252.96	0
254.16	0
258.45	0
258.51	0
177.94	0
178.23	0
178.30	0
180.92	0
181.36	0
181.48	0
181.80	0
183.85	0
278.03	0
279.08	0
280.12	0
281.53	0
284.95	0
285.27	0
285.85	0
287.87	0
276.76	0
279.97	0
285.45	0
288.47	0
294.95	0
295.30	0
298.22	0
298.39	0
121.55	0
124.33	0
132.22	0
134.13	0
135.56	0
135.56	0
136.65	0
137.48	0
170.35	0
172.49	0
172.71	0
172.88	0
174.62	0
174.76	0
175.00	0
178.40	0
131.07	0
132.29	0
134.28	0
135.41	0
135.75	0
136.20	0
147.25	0
152.17	0
104.59	0
109.25	0
121.28	0
122.44	0
123.92	0
125.92	0
127.60	0
131.19	0
222.68	0
229.82	0
231.59	0
236.52	0
238.01	0
244.16	0
244.34	0
244.93	0
248.85	1
265.37	0
280.16	0
280.93	0
281.05	0
286.27	0
289.95	0
291.12	0
181.02	0
239.34	0
242.95	0
247.41	0
247.97	0
249.35	0
252.97	0
257.16	0
105.47	0
112.32	0
122.55	0
125.05	0
127.23	0
130.03	0
130.52	0
131.22	0
178.96	0
184.06	0
184.51	0
189.18	0
192.44	0
192.98	0
194.08	0
194.48	0
114.33	0
119.94	0
120.11	0
121.39	0
123.09	0
123.10	0
123.66	0
124.01	0
101.01	0
106.59	0
110.52	0
122.95	0
124.05	0
126.22	0
126.72	0
128.68	0
166.22	0
173.77	0
176.17	0
176.49	0
184.30	0
185.79	0
187.12	0
188.45	0
263.41	0
268.35	0
296.96	0
309.44	0
310.98	0
317.41	0
317.79	0
321.51	0
272.09	0
273.58	0
287.38	0
289.08	0
291.59	0
296.44	0
297.12	0
297.41	0
144.44	1
147.73	1
149.98	1
152.11	1
154.73	1
155.03	1
157.25	1
161.12	1
60.15	1
72.98	1
73.36	1
74.25	1
75.22	1
75.42	1
76.44	1
76.85	1
199.27	1
199.29	0
213.45	0
227.10	0
228.74	0
239.43	0
243.65	1
245.83	0
168.10	0
169.11	0
171.47	0
176.20	0
176.76	0
183.74	0
183.99	0
184.86	0
176.76	0
180.20	0
183.56	0
184.49	0
185.33	0
186.20	0
188.45	0
189.88	0
86.96	0
93.48	0
105.68	0
109.71	0
110.20	0
110.67	0
111.43	0
114.49	0
13.56	1
17.73	1
36.58	1
38.45	1
57.03	1
64.93	0
68.45	0
70.88	1
150.36	0
150.51	0
151.73	0
156.92	0
166.57	0
166.58	0
170.53	0
170.74	0
115.27	0
118.25	0
129.07	0
129.70	0
137.13	0
137.23	0
137.34	0
137.81	0
148.75	0
151.72	0
164.77	0
167.54	0
168.52	0
169.17	0
172.24	0
172.68	0
86.19	0
91.06	0
110.75	0
112.26	0
113.98	0
114.86	0
115.34	0
118.47	0
172.12	0
172.60	0
176.05	0
178.66	0
187.15	0
187.28	0
193.02	0
194.25	0
49.90	1
87.42	0
89.55	1
92.42	1
92.51	0
93.20	0
99.77	1
103.37	0
157.30	0
157.50	0
166.75	0
171.35	0
172.02	0
177.09	0
179.04	0
180.14	0
116.60	0
122.34	0
134.54	0
135.46	0
137.55	0
137.98	0
139.40	0
139.41	0
85.82	0
94.17	0
109.76	0
109.88	0
111.31	0
111.37	0
113.94	0
116.92	0
7.12	1
13.13	1
32.90	1
33.72	1
56.81	1
63.92	0
65.44	0
66.88	1
129.17	0
133.20	0
134.01	0
136.23	0
141.25	0
145.50	0
152.89	0
156.84	0
119.14	0
125.33	0
129.01	0
131.66	0
132.45	0
133.78	0
135.11	0
143.43	0
131.66	0
139.64	0
144.14	0
146.51	0
150.93	0
151.32	0
154.38	0
156.74	0
106.88	0
114.42	0
119.92	0
120.05	0
121.96	0
129.97	0
134.33	0
134.58	0
144.52	0
158.19	0
165.88	0
166.85	0
169.59	0
170.58	0
171.32	0
173.60	0
163.80	0
166.24	0
166.93	0
171.21	0
181.06	0
183.80	0
185.01	0
187.22	0
133.09	0
138.29	0
145.98	0
155.96	0
156.02	0
156.25	0
158.24	0
158.65	0
63.19	1
87.04	0
101.09	0
110.12	0
114.89	0
124.55	0
125.47	0
126.04	0
134.66	0
135.23	0
140.56	0
143.89	0
153.58	0
159.28	0
160.59	0
161.13	0
97.50	0
100.24	0
107.15	0
107.84	0
117.01	0
117.93	0
119.68	0
120.45	0
230.71	0
237.20	0
238.55	0
239.36	0
240.68	0
241.99	0
242.10	0
242.34	0
171.26	0
171.69	0
172.91	0
176.72	0
177.34	0
177.38	0
179.30	0
180.28	0
408.16	0
414.03	0
415.49	0
417.22	0
424.30	0
425.43	0
426.03	0
428.66	0
205.32	0
206.85	0
217.30	0
218.96	0
221.35	0
221.93	0
223.93	0
224.92	0
256.57	0
263.56	0
263.85	0
266.30	0
267.28	0
267.68	0
268.38	0
269.08	0
788.47	0
789.57	0
792.40	0
793.20	0
793.98	0
795.01	0
795.52	0
796.65	0
134.02	0
139.82	0
140.90	0
144.71	0
151.51	0
153.47	0
156.02	0
156.27	0
27.10	1
53.60	0
54.69	0
65.26	0
73.74	0
79.78	0
86.43	0
86.96	0
46.29	0
54.53	0
61.43	0
65.68	0
69.34	0
76.42	0
78.98	0
81.81	0
47.27	0
53.76	0
68.15	0
71.21	0
76.48	0
76.67	0
87.01	0
88.84	0
158.70	0
158.97	0
169.70	0
172.06	0
173.92	0
176.74	0
176.99	0
179.43	0
326.33	0
332.42	0
334.45	0
334.56	0
335.63	0
340.45	0
341.95	0
342.22	0
513.66	1
515.76	1
517.08	1
520.70	1
520.82	0
520.92	1
521.47	1
525.44	0
287.30	0
289.59	0
290.87	0
295.74	0
299.46	0
299.54	0
299.60	0
300.34	0
164.70	0
165.17	0
167.42	0
168.00	0
168.50	0
170.07	0
173.56	0
173.80	0
424.33	0
425.60	0
429.80	0
430.41	0
430.97	0
434.05	0
436.23	0
436.41	0
197.64	0
206.65	0
207.58	0
208.81	0
212.79	0
215.13	0
218.87	0
220.10	0
409.68	0
417.76	0
424.30	0
431.71	0
432.66	0
433.63	0
434.79	0
434.97	0
591.69	0
602.71	0
606.70	0
606.84	0
611.62	0
612.03	0
612.73	0
613.56	0
42.27	1
54.34	1
54.48	1
54.57	1
56.11	1
56.29	1
56.47	0
56.61	1
168.00	0
168.55	0
176.45	0
177.81	0
178.53	0
182.22	0
183.38	0
184.67	0
167.07	0
168.17	0
169.81	0
171.75	0
173.46	0
173.87	0
174.20	0
174.25	0
33.48	1
203.25	0
205.04	0
205.67	0
208.44	0
212.48	0
214.52	0
214.90	0
6.38	1
141.99	0
142.56	0
144.31	0
147.95	0
149.12	0
149.92	0
151.22	0
20.36	1
164.00	0
166.19	0
167.92	0
170.06	0
171.28	0
171.71	0
178.16	0
99.01	1
102.93	0
105.73	0
108.46	0
109.97	0
110.39	0
111.05	0
111.64	0
105.80	1
116.68	0
119.95	0
129.36	0
130.46	0
131.07	0
131.30	0
131.48	0
31.71	0
36.92	1
39.65	1
42.26	1
48.30	0
53.64	1
56.78	0
63.91	0
4.66	1
4.91	1
5.33	1
6.20	1
6.71	1
7.15	1
7.25	1
8.07	1
136.04	0
145.96	0
162.08	0
167.34	0
167.52	1
177.40	0
183.43	0
184.24	0
229.22	0
295.89	0
299.57	0
300.42	0
302.66	0
302.68	0
303.26	0
303.88	0
150.09	0
159.21	0
162.66	0
164.04	0
165.03	0
167.23	1
170.28	0
170.66	0
220.12	0
220.47	0
225.15	0
228.08	0
228.32	0
229.74	0
230.52	0
231.54	0
155.95	0
164.22	0
166.22	0
167.83	0
169.94	0
171.83	0
175.15	0
181.47	0
249.03	0
251.83	0
260.06	0
265.08	0
265.13	0
266.14	0
267.36	0
269.32	0
102.73	1
102.99	1
109.54	1
112.80	1
115.65	1
118.97	0
120.76	1
122.46	1
158.40	0
159.41	0
160.26	0
163.08	0
167.30	0
168.14	0
170.33	0
177.34	0
106.78	0
121.59	1
124.48	0
125.15	0
126.87	0
127.77	0
128.15	0
130.97	0
270.71	0
279.48	0
280.55	0
281.99	0
282.27	0
282.58	0
289.41	0
290.18	0
19.00	1
22.81	1
26.66	1
35.24	1
38.26	1
38.88	1
40.49	1
40.77	1
2.29	1
2.81	1
3.14	1
3.22	1
3.67	1
4.71	1
4.84	1
5.13	1
216.13	0
221.52	0
226.37	0
227.47	0
251.38	0
256.08	0
259.00	0
259.53	0
230.51	0
252.78	1
281.93	0
282.80	0
295.08	1
295.17	0
300.48	0
301.00	1
246.86	0
252.21	0
263.18	0
268.48	0
269.11	0
271.36	1
272.91	0
278.43	0
240.53	0
245.20	0
251.32	0
275.32	0
276.99	0
278.33	0
281.37	0
289.85	0
110.47	0
123.00	0
131.02	0
132.04	0
132.17	0
132.22	0
132.39	0
132.85	0
157.54	1
167.56	1
172.92	0
176.64	1
177.06	1
177.97	0
179.15	1
180.27	1
144.01	0
146.03	1
160.05	1
167.49	0
169.36	0
170.09	0
176.81	1
180.07	0
85.76	1
98.87	1
150.11	0
161.64	0
167.62	1
171.20	0
189.25	0
193.35	0
7.19	1
8.86	1
18.97	1
155.66	0
157.24	0
157.50	0
158.02	0
160.12	0
127.81	0
154.26	0
155.82	0
159.09	0
166.53	0
169.81	0
173.42	0
174.43	0
191.04	0
226.61	0
246.24	0
259.54	0
267.95	0
268.07	0
272.42	0
272.54	0
196.78	0
207.57	0
208.57	0
210.09	0
211.16	0
211.17	0
211.18	0
212.13	0
132.19	1
138.79	0
141.21	1
145.16	0
145.30	1
146.88	0
147.43	0
147.94	0
108.61	1
109.88	1
110.04	1
110.42	1
111.23	1
114.06	1
116.69	1
117.23	0
136.78	0
170.32	0
177.29	0
196.21	0
205.28	0
206.62	0
213.88	0
215.62	0
64.25	1
82.39	0
82.60	0
85.23	0
86.14	0
86.46	0
87.83	0
92.05	0
139.52	1
203.06	0
206.85	0
215.68	0
216.27	1
221.86	1
222.13	0
223.75	1
198.69	0
221.89	0
222.74	0
237.75	0
246.99	0
253.25	0
253.37	0
254.61	0
43.28	1
43.63	1
52.94	1
54.40	1
60.56	1
63.83	1
67.23	1
69.06	1
152.77	0
183.95	0
188.71	1
189.20	1
191.48	1
205.82	0
208.36	1
208.60	0
190.26	0
221.67	0
225.52	0
225.91	0
226.27	0
232.89	0
234.48	0
234.54	0
275.39	0
275.39	0
281.55	0
288.57	0
291.15	0
291.73	1
291.84	0
294.30	0
203.09	0
254.01	1
254.95	0
257.67	0
273.45	1
285.38	1
285.40	0
286.00	0
204.98	0
213.91	0
216.21	0
221.19	0
221.64	0
227.76	0
228.50	0
236.42	1
221.64	0
244.46	0
254.28	0
256.25	0
258.47	0
258.62	0
260.29	0
261.79	0
205.73	1
208.85	0
209.45	0
212.52	0
214.72	0
215.05	0
218.61	0
219.84	0
210.99	0
238.18	0
254.54	0
257.85	0
257.86	0
259.53	0
260.65	0
260.67	0
176.76	1
178.74	1
213.30	0
215.12	0
216.74	0
217.49	1
219.16	0
219.54	1
156.65	0
218.27	0
219.89	0
227.03	1
227.38	1
228.70	1
231.23	1
236.40	1
201.55	0
220.97	0
223.96	1
225.26	0
226.18	1
230.12	0
233.39	0
233.68	0
10.73	1
13.88	1
14.33	1
23.00	1
160.92	0
162.27	0
162.38	0
162.45	0
250.32	0
261.15	0
264.01	0
272.71	0
278.26	0
278.53	0
281.65	0
283.35	0
112.00	1
158.59	1
160.24	1
160.81	0
163.32	1
164.57	1
165.61	0
167.24	0
95.92	1
173.78	0
219.93	1
237.42	0
243.14	0
247.20	0
250.06	0
252.98	0
134.80	0
167.87	1
180.81	0
185.75	0
188.06	0
202.92	0
209.59	0
213.42	0
192.50	0
211.62	0
250.18	0
263.64	1
266.65	0
278.79	1
279.49	1
283.63	0
204.62	1
259.76	0
261.39	0
261.75	0
270.44	0
276.70	0
286.35	0
295.71	0
156.89	1
187.56	1
188.06	0
189.34	1
193.18	0
194.68	1
196.52	0
199.28	1
314.96	1
317.86	0
322.14	0
324.68	0
324.76	0
330.12	1
338.73	0
339.29	0
247.82	0
259.73	0
263.37	0
269.44	0
275.45	0
282.80	0
284.39	0
290.17	0
145.34	0
176.36	0
176.92	0
188.31	0
189.86	1
191.67	0
192.97	0
194.35	0
183.85	0
190.68	1
199.29	1
201.45	0
203.47	1
205.22	1
205.46	0
207.78	1
79.24	1
107.95	1
113.03	1
135.34	0
150.43	0
168.38	1
180.69	0
195.46	0
9.60	1
11.46	1
12.33	1
22.14	1
161.69	0
163.17	0
163.41	0
163.64	0
195.29	0
213.81	0
229.92	0
238.15	0
238.18	0
242.05	0
244.01	0
244.44	0
230.09	0
239.07	0
262.10	0
284.05	0
286.74	0
286.98	0
287.02	0
288.28	0
278.57	0
308.41	0
310.54	0
332.07	0
339.45	0
340.56	0
343.46	0
347.97	0
155.06	0
155.65	0
163.03	0
185.74	0
188.54	0
189.37	0
197.77	0
200.88	0
246.52	0
249.14	0
252.55	0
255.75	0
259.45	0
259.50	0
264.91	0
265.12	0
273.13	0
280.12	0
280.15	0
281.88	0
283.05	0
284.90	0
285.57	0
291.32	0
386.64	0
391.68	0
392.82	1
401.47	1
403.46	1
409.19	0
412.16	1
412.82	1
442.62	0
444.25	0
446.04	0
446.93	0
452.54	0
454.73	0
455.28	0
455.85	0
540.48	0
583.39	0
583.49	0
586.47	0
586.59	0
592.33	0
592.59	0
594.83	0
216.70	0
241.70	0
244.00	0
245.62	0
247.11	0
247.78	0
247.91	0
248.77	0
455.13	0
456.24	0
456.96	0
459.35	0
461.20	0
461.57	0
463.96	0
465.38	0
157.86	0
163.72	0
178.14	0
178.33	0
178.62	0
179.96	0
180.87	0
183.69	0
181.99	0
190.42	0
193.02	0
196.79	0
199.17	0
200.61	0
201.82	0
211.12	0
284.74	1
301.64	1
302.82	1
311.94	0
316.50	1
317.50	1
325.54	1
326.53	1
441.43	1
457.75	1
462.66	1
495.14	1
524.41	1
538.06	1
548.10	1
562.08	1
279.94	1
294.53	1
303.82	1
311.20	1
317.98	1
356.27	1
378.51	1
383.19	1
339.09	1
342.59	1
349.97	1
359.96	1
377.49	1
387.24	1
418.24	1
422.44	1
205.79	0
227.54	0
238.62	0
241.90	0
249.06	0
251.09	0
251.60	0
253.61	0
173.24	0
182.26	0
194.61	0
225.98	0
236.37	0
240.46	1
243.26	0
256.60	0
205.24	0
220.82	0
227.83	0
261.13	0
275.55	0
284.28	0
286.84	0
287.23	0
278.60	0
286.28	0
305.98	0
310.09	0
317.68	0
324.12	0
324.28	0
326.17	0
301.93	0
309.34	0
318.59	0
320.39	0
322.84	0
325.33	0
330.32	0
333.67	0
124.05	0
136.16	0
146.36	0
149.48	0
153.12	0
155.22	0
157.78	0
158.79	0
258.90	1
271.93	0
291.04	0
300.77	0
307.12	1
308.27	0
309.30	1
312.66	1
188.12	0
223.20	0
241.21	0
248.93	0
250.20	0
252.06	0
256.72	0
257.75	0
138.20	0
139.88	1
140.24	0
145.48	1
145.51	0
149.52	1
152.00	1
153.13	0
184.60	0
207.83	0
208.06	0
232.47	0
233.56	0
234.34	0
236.73	0
237.23	0
272.90	0
284.82	1
294.27	0
296.75	0
300.57	0
307.70	0
315.73	0
316.41	0
398.90	0
400.00	1
402.89	1
426.92	0
440.84	0
441.40	0
462.74	0
497.68	1
276.91	0
296.14	0
306.81	1
310.57	0
312.54	0
322.87	0
332.60	0
335.95	0
301.79	1
303.41	1
339.22	0
364.77	0
377.00	0
394.42	0
396.80	0
402.90	0
257.90	1
276.28	1
280.26	0
299.00	0
304.59	0
311.10	1
313.08	0
318.51	0
215.71	1
220.27	1
225.54	1
227.65	1
472.89	0
473.03	0
475.65	0
480.81	0
120.83	0
124.45	0
130.94	0
134.52	0
135.25	0
135.25	0
139.83	0
140.61	0
226.60	0
237.54	0
248.88	0
270.68	0
273.28	0
274.29	0
281.16	0
283.17	0
121.84	0
148.21	0
154.70	0
164.78	0
164.97	0
166.04	0
168.30	0
170.29	0
213.60	0
231.07	0
233.72	0
239.44	0
241.23	0
244.38	0
248.85	0
249.05	0
154.56	1
157.68	1
169.18	0
189.56	0
191.27	0
193.70	0
194.22	0
197.70	0
271.87	0
277.68	1
318.76	0
322.24	0
335.18	0
337.16	0
339.08	0
339.85	0
171.63	0
175.27	0
178.82	0
179.60	0
180.02	0
180.69	0
181.09	1
182.65	0
212.14	1
217.27	1
284.20	1
295.80	1
306.07	0
314.78	0
323.48	0
327.27	1
271.71	1
287.38	1
326.72	0
346.60	0
366.85	0
370.75	0
371.63	0
371.65	0
101.72	1
102.17	1
128.58	1
141.85	0
146.23	0
147.16	0
147.45	0
147.66	0
220.99	0
255.81	0
263.14	0
267.74	0
272.78	0
283.70	0
289.63	0
293.37	0
463.71	1
666.71	0
670.13	0
670.14	0
672.11	0
672.64	0
675.87	0
676.09	0
178.21	1
490.65	0
513.94	0
515.65	0
517.06	0
517.80	0
518.46	0
519.56	0
24.07	1
173.60	0
183.06	0
183.17	0
183.26	0
184.57	0
185.43	0
185.55	0
50.63	1
184.33	0
188.05	0
188.28	0
188.71	0
188.96	0
190.89	0
192.41	0
338.85	0
343.02	0
361.86	0
383.81	0
384.48	0
386.71	0
388.23	0
391.11	0
413.64	1
436.39	1
522.36	1
625.89	0
667.21	0
678.85	0
679.17	0
682.65	0
329.70	1
343.08	1
347.56	0
366.64	1
385.87	0
391.55	0
392.86	0
395.55	0
250.59	1
264.81	1
314.84	0
323.00	0
331.78	0
332.07	0
339.44	0
343.82	0
93.37	1
125.37	1
159.93	1
160.73	1
163.46	1
169.43	0
169.67	1
170.94	1
18.45	1
19.02	1
21.16	1
21.29	1
21.51	1
21.62	1
22.07	1
22.52	1
43.50	1
62.30	1
81.97	0
85.63	0
100.98	1
167.61	0
172.84	0
173.83	0
126.10	1
157.11	1
161.77	0
173.01	0
174.18	0
180.07	0
186.97	0
189.98	0
128.93	1
135.31	1
141.31	0
146.57	1
150.20	1
153.62	1
154.44	1
160.77	0
157.73	0
159.69	0
161.42	1
193.75	0
196.40	0
197.04	0
200.20	0
202.54	0
227.21	0
237.28	0
245.18	0
246.94	0
256.69	0
259.43	0
259.55	0
267.58	0
141.57	1
144.40	1
156.84	1
157.30	1
159.94	0
160.77	1
161.06	0
161.80	1
54.37	1
68.06	1
73.49	0
89.85	0
93.56	0
93.78	0
98.39	1
103.64	0
17.58	1
56.14	1
72.33	1
87.91	1
89.20	0
112.89	0
118.84	1
121.88	0
5.51	1
6.35	1
7.04	1
12.36	1
12.60	1
16.83	1
156.23	0
157.86	0
16.30	1
35.74	1
39.08	1
43.88	1
62.29	1
68.74	0
69.76	0
72.43	0
1.38	1
1.54	1
1.61	1
1.99	1
4.17	1
4.32	1
4.52	1
5.57	1
129.59	0
135.34	1
152.94	1
164.56	0
187.09	0
193.34	0
195.58	0
197.13	0
28.36	1
33.35	1
52.16	1
79.06	1
85.01	0
90.83	1
107.81	0
109.50	1
5.21	1
9.61	1
9.78	1
11.79	1
15.05	1
18.77	1
19.27	1
160.94	0
219.28	1
219.52	0
227.96	1
242.10	0
243.74	0
250.52	0
253.30	0
253.88	0
240.17	0
244.22	0
246.71	0
257.27	0
258.56	0
259.02	0
259.95	0
260.51	0
106.73	0
112.03	0
113.97	0
119.79	0
120.80	0
123.30	0
124.77	0
125.15	0
214.36	1
260.25	1
263.30	0
266.05	1
269.04	0
271.94	1
277.45	0
277.79	0
167.55	1
223.62	0
230.35	0
238.72	0
249.17	0
254.93	0
262.43	0
270.30	0
59.76	1
69.31	1
70.83	1
95.37	1
98.09	1
107.00	1
107.98	1
108.48	1
90.85	0
93.44	0
107.89	1
112.31	1
115.52	1
117.51	1
121.65	1
131.25	0
190.98	0
213.49	0
218.74	0
240.58	0
245.41	0
265.24	0
273.98	0
281.06	0
141.04	1
173.63	0
177.33	1
199.69	0
236.60	0
239.65	0
243.00	0
243.01	0
51.87	1
89.81	1
179.50	0
184.84	0
186.13	0
187.46	0
190.67	0
191.89	0
155.22	1
158.47	0
168.52	1
171.67	0
175.86	0
180.85	0
188.42	0
189.31	0
181.10	0
183.30	0
184.33	0
188.72	0
188.85	0
190.79	0
190.89	0
190.94	0
204.14	0
210.63	0
211.26	0
213.73	0
216.28	0
216.41	0
221.87	0
222.41	0
134.79	1
139.12	1
139.53	0
141.57	1
154.89	1
157.59	0
159.16	0
159.58	0
201.57	1
230.75	0
234.87	0
243.14	0
243.51	0
248.29	0
249.83	0
255.52	0
151.56	0
202.59	0
226.86	0
253.98	1
274.07	0
280.55	1
286.98	0
289.50	0
199.73	0
232.83	0
265.12	0
286.34	0
288.86	0
298.15	0
300.53	0
304.83	0
100.55	1
103.03	1
116.61	1
125.98	1
127.50	1
130.65	1
132.94	1
138.81	1
74.80	1
102.33	1
111.43	0
118.44	1
123.62	0
128.59	1
128.75	0
132.77	1
116.44	1
201.12	0
214.02	0
235.36	0
236.82	0
241.82	0
246.20	0
248.67	0
138.48	0
158.34	0
162.84	0
163.35	0
169.76	0
173.77	0
175.22	0
176.45	0
126.36	0
134.58	1
137.25	1
146.95	1
148.85	1
148.85	1
150.06	1
152.51	1
223.55	0
235.37	1
242.26	0
245.61	0
247.68	1
248.42	0
265.34	0
266.30	1
245.53	0
276.45	0
280.60	0
286.40	0
297.54	0
321.21	0
323.03	0
324.57	0
180.05	0
184.40	0
191.31	1
193.48	1
197.40	1
199.39	1
202.56	0
202.71	0
114.18	1
147.61	1
185.95	0
189.71	0
224.19	0
225.54	0
228.74	0
233.46	0
149.13	0
184.04	0
184.28	0
185.10	0
195.29	0
215.12	0
215.90	0
216.49	0
236.65	0
238.82	0
243.38	0
244.73	0
247.65	0
247.74	0
247.92	0
248.71	0
215.89	0
225.70	0
244.92	0
248.28	0
253.26	0
257.33	0
257.37	0
257.48	0
109.65	0
110.08	0
110.59	0
110.84	0
113.12	0
113.27	0
113.40	0
114.56	0
64.89	0
76.37	0
78.58	1
83.65	0
86.04	0
90.13	0
90.57	0
96.52	0
152.74	1
156.66	1
157.77	1
158.98	0
161.87	1
165.88	0
174.97	0
179.03	0
238.13	1
245.81	0
246.59	0
249.37	0
251.74	0
255.99	0
260.14	0
261.02	0
276.27	1
277.08	1
279.32	1
287.77	1
295.74	1
297.81	1
301.59	1
303.36	1
88.23	1
97.24	1
115.59	1
121.46	1
129.16	0
137.84	1
138.06	0
139.92	1
235.40	0
244.74	0
245.21	0
246.05	0
247.16	0
247.52	0
249.08	0
251.59	0
97.46	0
102.99	0
104.26	0
105.26	0
108.40	0
110.09	0
110.32	0
111.11	0
131.19	0
138.68	1
144.87	0
164.36	0
165.37	0
169.15	0
170.42	0
174.76	0
81.08	1
83.59	1
178.11	0
182.69	0
193.94	0
197.34	0
203.63	0
203.76	0
123.08	0
128.59	0
129.42	0
142.58	0
146.03	0
147.47	0
148.59	0
149.99	0
63.76	1
108.82	1
125.13	0
126.26	1
137.83	0
140.66	1
147.69	0
148.04	0
77.36	1
150.77	0
153.06	0
155.43	0
157.39	0
157.91	0
158.36	0
158.74	0
79.58	1
82.54	1
83.38	1
84.67	1
86.05	1
87.94	1
96.16	0
97.28	1
212.42	0
233.15	0
242.78	0
244.06	0
245.15	0
246.57	0
248.03	0
248.32	0
95.76	1
123.96	1
127.79	0
131.88	0
143.00	1
143.37	0
143.74	1
144.29	0
64.59	1
153.50	0
164.32	0
176.54	0
177.77	0
182.48	0
194.71	0
197.57	0
29.81	1
34.68	1
36.27	1
38.08	1
38.74	1
45.57	1
46.20	1
47.26	1
1.16	1
3.00	1
3.09	1
3.61	1
4.39	1
4.61	1
4.78	1
4.86	1
111.97	0
135.41	0
153.60	0
154.21	0
176.61	0
183.51	0
184.29	0
186.51	0
150.39	0
151.51	0
153.86	0
154.62	0
154.75	0
162.22	0
163.33	0
164.32	0
101.71	1
107.77	0
113.40	0
116.20	0
117.69	0
119.67	0
119.98	0
121.12	1
65.24	1
94.45	0
105.29	0
111.64	1
116.04	1
116.63	1
117.13	1
117.47	0
10.19	1
28.90	1
39.19	1
58.71	1
79.46	1
82.80	0
102.56	1
112.73	0
5.21	1
7.10	1
10.15	1
12.52	1
13.36	1
17.13	1
20.25	1
21.68	1
47.27	1
201.69	0
211.75	1
213.52	1
214.07	0
218.22	0
230.96	1
234.41	0
53.65	1
231.74	0
263.06	0
272.50	0
275.92	0
278.62	0
280.11	0
282.45	0
57.25	0
113.30	0
115.77	0
116.56	0
119.01	0
119.84	0
121.75	0
122.62	0
144.67	1
153.32	1
153.97	1
155.27	1
160.23	0
160.97	1
161.02	1
171.13	1
220.04	0
220.83	0
228.55	0
230.12	0
236.32	0
237.30	0
245.65	0
245.90	0
132.30	0
139.68	0
144.54	0
144.87	0
146.67	0
148.19	0
148.75	0
150.19	0
27.24	1
27.64	1
38.80	1
39.86	1
42.80	1
45.01	1
45.58	1
48.61	1
98.76	1
118.74	1
128.42	1
144.23	0
146.14	1
147.02	0
151.96	0
153.26	0
88.71	0
91.51	1
96.57	0
106.11	0
106.52	1
109.53	0
116.28	0
126.16	1
107.99	1
113.59	1
117.47	1
127.52	1
136.15	0
136.63	1
138.19	1
139.13	0
68.63	1
80.07	1
82.41	0
103.71	1
111.10	1
112.88	0
113.84	1
116.79	1
56.79	0
83.77	0
90.86	0
101.42	0
107.30	0
144.53	0
157.41	0
169.75	0
107.66	1
126.99	1
154.64	1
167.21	1
185.10	1
213.96	0
238.70	0
244.27	0
120.78	1
131.44	0
139.37	0
145.26	1
146.14	0
147.45	0
156.44	0
156.56	1
165.24	0
182.00	0
195.37	0
198.34	0
200.42	0
201.05	0
206.67	0
211.11	0
186.25	0
197.14	0
205.58	0
225.88	0
234.62	0
238.22	0
238.67	0
240.79	0
137.98	0
138.01	0
147.06	0
147.44	0
148.13	0
150.73	0
151.75	0
151.83	0
128.79	0
159.77	1
164.49	1
193.09	0
193.86	1
195.23	1
195.36	1
200.31	1
106.30	1
120.91	1
124.70	1
126.26	1
129.78	1
130.25	1
132.28	0
137.87	0
112.15	1
162.60	0
176.66	0
177.17	0
187.45	0
190.19	0
192.33	0
196.58	0
189.51	0
202.94	1
225.24	0
234.20	0
234.88	0
235.02	0
235.11	0
235.30	0
139.65	1
147.35	0
149.38	1
152.76	1
153.22	1
154.86	0
156.42	0
156.78	0
58.11	0
69.01	1
79.45	1
94.32	1
94.47	1
94.73	1
95.12	1
95.71	1
62.24	1
64.00	1
90.75	1
92.57	1
102.88	1
142.39	0
153.91	0
160.48	0
183.53	0
197.60	0
198.66	0
207.12	0
216.86	0
217.00	0
221.95	0
224.49	0
85.70	1
96.10	1
110.10	1
114.12	1
119.64	1
126.30	1
133.03	1
140.09	1
95.82	1
153.08	0
163.96	0
217.57	0
220.03	0
223.46	0
226.45	0
227.27	0
184.80	0
210.19	0
225.20	0
238.96	0
243.07	0
256.08	0
259.08	0
259.64	0
135.95	1
136.37	1
190.10	0
211.64	1
215.60	0
217.10	0
218.51	0
226.05	0
228.28	1
230.85	0
231.53	0
240.70	0
242.53	0
244.27	1
245.23	0
248.61	0
147.90	1
155.96	1
166.37	0
168.07	0
168.26	0
192.43	1
196.29	0
198.68	0
210.41	0
264.17	0
266.08	0
271.04	0
271.40	0
272.03	0
276.07	0
277.10	0
107.83	0
108.09	0
108.18	0
111.68	0
112.50	0
114.59	0
115.16	0
116.54	0
64.70	1
65.65	1
71.38	1
71.78	1
80.74	1
83.09	0
84.93	1
85.80	1
105.14	1
188.40	0
193.76	0
193.82	0
204.26	0
204.44	0
215.02	0
215.60	0
190.29	0
208.83	0
250.43	0
262.48	1
265.22	1
271.39	1
275.36	0
295.70	0
15.24	1
15.74	1
20.04	1
172.34	0
173.53	0
176.30	0
176.35	0
176.45	0
44.55	1
44.63	1
57.37	0
157.14	0
157.34	0
158.87	0
163.81	0
164.18	0
145.78	1
252.03	1
252.83	1
254.96	0
261.83	0
266.19	0
267.84	0
279.57	0
64.33	0
104.57	0
118.46	0
121.40	0
133.35	0
135.93	0
136.95	0
142.92	0
206.05	1
207.79	0
211.20	1
211.39	1
219.65	0
223.20	0
223.85	0
225.02	0
219.80	0
230.34	0
239.78	1
255.76	0
276.95	0
284.74	0
285.34	0
291.45	0
90.11	1
396.16	0
396.41	0
396.63	0
401.10	0
401.98	0
405.22	0
406.91	0
110.96	0
134.27	0
144.98	0
146.01	0
147.05	0
149.49	0
149.83	0
152.47	0
109.08	1
162.21	0
177.64	0
191.45	0
197.32	0
200.14	0
200.47	0
201.90	0
126.32	1
227.31	0
269.32	0
291.80	0
309.18	0
309.75	0
310.20	0
310.71	0
80.66	1
412.13	0
413.33	0
425.02	0
426.00	0
431.30	0
432.55	0
432.60	0
88.02	1
97.05	1
97.09	1
97.77	1
101.66	1
104.04	1
105.31	1
105.74	1
1.46	1
1.69	1
2.34	1
3.09	1
3.22	1
4.15	1
4.60	1
4.97	1
158.16	0
160.36	0
166.78	0
174.33	0
180.30	0
197.20	0
204.73	0
205.66	0
61.87	1
110.61	1
143.38	1
162.13	0
164.58	0
165.85	0
170.79	0
173.09	0
179.91	0
207.49	0
235.28	0
259.67	0
274.55	0
278.00	0
283.17	0
284.47	0
203.57	0
204.93	1
204.99	0
231.21	0
248.96	0
254.47	0
266.73	0
269.08	0
134.34	0
142.08	1
158.20	0
167.78	0
185.91	0
188.19	0
192.27	0
195.18	0
179.02	0
182.73	0
187.71	0
190.20	0
192.50	0
196.19	0
197.46	0
198.98	0
150.69	1
156.09	1
158.15	1
167.68	1
169.54	1
187.04	1
202.27	1
203.20	1
2.59	1
3.00	1
3.39	1
3.68	1
3.69	1
3.99	1
4.00	1
4.01	1
6.90	1
8.52	1
8.71	1
9.01	1
10.11	1
10.41	1
11.12	1
11.42	1
10.03	1
10.77	1
11.62	1
12.56	1
12.77	1
13.13	1
25.48	1
34.11	1
7.64	1
9.74	1
10.57	1
10.84	1
12.06	1
15.49	1
17.51	1
27.38	1
156.26	0
170.00	0
173.67	0
175.08	0
176.14	0
180.25	0
180.63	0
190.70	0
128.08	1
129.19	1
147.33	1
161.17	1
167.33	1
169.00	0
172.54	1
173.39	0
221.65	0
223.67	0
231.22	0
231.56	0
234.45	0
235.74	0
235.85	0
236.46	0
174.23	0
181.91	0
186.33	0
188.46	0
188.85	0
188.98	0
189.32	0
191.48	0
158.98	0
165.97	0
171.04	0
175.06	0
175.53	0
180.06	0
182.72	0
184.25	0
249.04	0
253.59	0
255.79	0
257.36	0
258.73	0
258.93	0
259.66	0
259.73	0
187.36	0
199.56	0
205.22	0
206.19	0
207.24	0
209.24	0
209.61	0
210.48	0
153.54	0
157.39	0
157.84	0
161.74	0
162.70	0
165.36	0
166.45	0
166.55	0
124.27	1
125.41	1
127.14	1
131.29	1
131.85	1
132.78	1
133.76	1
136.50	1
1.35	1
1.79	1
2.02	1
2.71	1
2.85	1
3.31	1
3.89	1
3.91	1
149.30	0
154.97	0
159.01	0
159.10	0
169.72	0
170.24	0
172.18	0
173.08	0
178.23	0
179.09	0
179.49	0
179.52	0
181.16	0
182.58	0
186.64	0
190.39	0
55.97	1
95.16	0
108.57	0
128.49	0
133.48	0
134.02	0
134.21	1
134.56	0
74.90	0
108.18	0
130.80	0
137.49	0
140.90	0
141.92	0
142.24	0
143.32	0
119.46	1
126.91	1
129.54	1
130.79	1
136.97	1
141.78	1
141.99	1
142.03	1
136.15	1
165.62	0
165.95	0
166.23	0
169.45	0
170.04	0
170.71	0
171.73	0
94.91	1
95.21	1
96.58	1
99.35	1
102.71	1
106.64	1
107.00	1
107.79	1
139.54	1
179.93	0
192.16	0
241.67	0
246.97	1
247.16	1
247.66	1
247.77	1
112.58	1
167.06	0
201.67	0
213.78	0
228.56	0
229.85	0
232.89	0
247.32	0
96.76	1
130.33	1
133.65	0
151.99	0
158.12	0
161.81	0
163.46	0
164.38	0
38.70	1
44.48	1
81.77	1
86.21	0
90.77	0
91.75	0
92.91	1
94.56	0
24.63	1
32.40	1
33.39	1
33.98	1
44.32	1
83.70	1
88.79	0
89.11	1
5.49	1
6.48	1
6.85	1
7.34	1
7.83	1
8.24	1
11.22	1
15.14	1
109.46	0
151.53	0
181.95	0
213.23	0
214.04	0
215.03	0
226.78	0
230.70	0
216.95	0
254.62	1
261.12	0
278.46	0
280.80	0
290.91	0
295.12	0
297.68	1
231.28	0
261.53	0
263.65	0
269.53	0
270.40	0
270.70	0
272.17	0
272.34	0
110.64	1
127.69	1
128.72	0
140.47	0
152.66	0
156.93	0
158.06	0
162.63	0
72.66	1
75.16	1
118.24	0
119.68	0
122.17	0
124.26	0
127.73	0
128.32	0
139.78	0
150.17	0
151.20	0
160.22	0
162.44	0
174.96	0
180.67	0
186.87	0
283.52	0
307.26	0
315.55	0
319.81	0
320.63	0
324.49	0
328.52	0
331.80	0
150.50	1
155.56	1
159.15	1
178.05	0
178.76	1
183.34	1
184.39	1
193.20	1
38.93	1
50.46	1
80.66	1
87.09	1
87.16	1
110.47	1
110.54	1
131.31	1
1.80	1
1.87	1
2.20	1
2.35	1
2.57	1
3.29	1
3.51	1
3.62	1
5.71	1
5.73	1
7.31	1
7.71	1
8.42	1
8.70	1
9.73	1
12.28	1
4.30	1
8.26	1
9.10	1
9.79	1
10.48	1
10.62	1
11.57	1
37.33	1
4.65	1
6.92	1
7.13	1
7.22	1
7.92	1
9.29	1
19.28	1
19.42	1
124.87	0
127.65	0
137.10	0
146.91	0
148.66	0
152.06	0
161.22	0
163.83	0
104.40	1
135.03	0
140.67	0
140.91	0
142.06	0
142.45	0
142.50	0
143.47	0
150.67	0
155.83	0
159.10	0
159.73	0
160.48	0
161.53	0
163.00	0
163.53	0
208.61	0
210.47	0
215.24	0
216.60	0
220.16	0
221.96	0
226.30	0
227.81	0
194.24	0
232.71	0
235.38	0
235.76	0
236.41	0
236.99	0
238.37	0
238.54	0
115.96	0
123.70	0
123.95	0
126.80	0
128.08	0
128.77	0
129.06	0
138.57	0
177.72	0
214.64	0
216.50	0
219.38	0
220.09	0
222.41	0
223.96	0
224.49	0
47.02	0
65.17	0
68.66	1
71.03	1
75.61	0
80.49	1
84.42	0
86.54	0
158.89	0
161.71	0
183.53	0
194.63	0
199.94	0
200.28	0
200.54	0
205.21	0
216.39	0
221.48	0
227.27	0
228.96	0
230.33	0
230.43	0
230.55	0
233.52	0
200.80	0
207.16	0
210.66	0
211.90	1
218.07	0
220.82	0
229.51	0
231.97	0
25.46	1
90.99	0
96.08	0
96.17	0
96.78	0
99.41	0
100.49	0
100.71	0
222.41	0
239.40	0
241.18	0
247.45	0
252.29	0
254.19	0
254.42	0
256.40	0
405.27	0
405.96	0
406.84	0
408.75	0
410.73	0
419.17	0
421.78	0
423.00	0
146.32	1
154.53	0
180.75	1
185.70	1
188.64	1
191.84	1
192.27	1
195.55	1
239.08	0
247.32	0
248.35	0
250.05	0
252.22	0
253.98	0
254.26	0
256.18	0
180.25	0
182.49	0
184.04	0
184.27	0
184.46	0
185.62	0
186.43	0
188.61	0
45.66	1
53.09	1
54.28	1
55.16	1
57.59	1
60.79	1
61.37	1
64.01	1
11.76	1
11.90	1
13.04	1
13.66	1
15.02	1
15.40	1
16.32	1
16.88	1
77.07	1
87.81	1
108.39	0
111.68	1
120.54	1
132.94	0
183.70	0
192.19	0
139.79	1
207.64	1
212.44	0
233.48	0
236.90	1
246.50	0
250.43	0
268.89	0
123.92	1
149.87	0
162.41	1
162.99	1
164.56	1
176.37	1
177.62	1
182.56	1
221.27	0
231.56	0
240.88	0
242.22	0
242.73	0
247.10	0
249.85	0
250.14	0
139.46	0
143.32	0
153.85	0
164.91	0
167.69	0
169.09	0
170.21	0
171.54	0
111.30	0
119.75	0
125.13	0
128.68	0
128.81	0
129.21	0
130.96	0
131.20	0
74.20	1
79.03	1
79.91	1
116.73	1
119.29	1
120.78	1
127.90	1
136.83	1
56.58	1
73.29	1
95.44	1
115.99	1
151.31	0
176.05	0
176.53	0
179.69	0
127.26	1
127.59	0
131.29	1
133.80	1
136.01	1
141.89	1
142.06	0
143.67	0
88.61	1
218.18	0
218.69	0
221.51	0
233.53	0
246.92	0
251.15	0
251.28	0
64.74	0
100.65	0
104.24	0
129.70	1
134.71	1
146.49	1
146.83	1
158.08	1
99.86	1
102.18	1
183.05	0
183.54	0
188.65	1
209.46	0
215.51	0
216.09	1
36.69	1
43.22	1
48.74	1
58.67	0
59.02	1
61.50	1
74.33	1
76.09	0
1.12	1
1.35	1
2.08	1
2.22	1
3.24	1
4.06	1
4.10	1
5.34	1
150.33	1
152.53	1
171.54	0
178.03	0
178.51	0
180.77	0
181.20	1
186.00	0
191.18	0
194.96	0
209.44	0
213.42	0
214.06	0
231.14	0
242.78	0
242.81	0
266.14	0
271.75	0
277.04	0
278.59	0
279.70	0
281.96	0
282.70	1
285.13	0
68.56	1
115.04	1
122.60	1
129.27	1
158.29	1
173.83	1
179.91	1
188.80	1
43.77	1
66.95	1
67.13	1
86.82	1
101.13	1
170.18	0
184.32	0
185.18	0
230.74	0
237.38	0
239.81	0
247.61	1
251.54	0
255.04	0
255.95	0
264.08	0
126.91	0
173.44	0
175.07	0
175.13	0
175.39	0
178.05	0
181.83	0
184.33	0
111.61	1
115.07	1
116.79	1
127.51	1
128.36	1
133.99	1
137.68	1
140.02	1
137.17	0
140.74	0
142.77	0
143.48	0
144.77	0
146.32	0
148.66	0
149.14	0
143.68	0
144.85	0
145.20	0
145.51	0
146.95	0
146.99	0
147.61	0
147.90	0
111.26	0
112.15	0
113.63	0
115.77	0
122.18	0
124.57	0
126.54	0
126.90	0
72.73	0
113.73	0
123.20	1
131.35	0
131.74	1
131.99	1
133.47	1
134.48	1
110.18	1
122.63	1
126.89	1
155.22	1
159.31	0
162.70	0
163.80	1
168.46	1
75.30	1
115.63	1
151.78	0
152.22	0
180.49	0
186.90	0
199.20	0
201.39	0
135.40	1
172.74	1
182.17	0
190.18	1
190.91	1
201.41	1
202.30	1
202.43	1
74.82	1
104.89	0
111.42	1
112.87	0
115.10	0
118.36	1
119.03	1
130.94	1
42.72	1
104.62	1
116.21	1
169.84	0
175.10	0
176.06	1
180.45	0
200.19	0
129.13	0
134.16	1
134.45	0
137.91	0
145.88	0
148.45	0
150.69	0
152.09	0
212.12	0
218.71	0
220.87	0
226.24	0
227.37	0
230.16	0
230.18	0
230.29	0
119.79	0
136.34	0
140.56	0
142.45	0
143.76	0
144.24	0
146.06	0
146.08	0
37.27	1
38.47	1
39.38	1
41.09	1
43.53	1
49.74	1
52.18	0
58.80	1
6.31	1
6.45	1
6.47	1
6.72	1
6.79	1
7.15	1
7.29	1
7.43	1
37.57	1
59.78	1
66.75	0
75.96	0
80.19	1
83.87	1
89.99	1
149.81	0
167.47	0
185.12	0
212.30	0
213.07	0
227.89	0
229.99	0
230.56	0
237.93	0
73.71	1
105.25	1
114.80	1
120.16	1
125.03	1
127.47	1
128.67	1
131.08	0
173.89	0
182.51	0
184.99	0
187.30	0
191.75	0
202.21	0
228.39	0
235.06	0
61.98	1
68.32	1
68.53	1
74.84	1
76.45	1
80.55	1
85.87	1
89.90	1
137.18	1
171.12	1
181.38	0
196.24	1
229.85	1
243.72	0
246.53	0
260.13	1
100.93	1
177.26	1
195.67	0
205.55	1
217.87	0
261.52	0
268.58	0
275.98	0
125.04	0
137.37	0
139.08	0
139.90	0
141.50	1
141.70	0
143.41	0
148.64	0
98.36	1
118.93	0
125.90	1
158.43	0
164.56	0
165.49	0
175.19	0
180.84	0
110.32	0
186.49	0
206.30	0
206.58	0
207.73	0
209.23	0
209.90	0
210.50	0
309.98	0
317.02	0
319.24	0
320.47	0
321.37	0
324.22	0
328.25	0
329.35	0
180.30	0
184.91	0
189.71	0
202.14	0
208.95	0
216.58	0
233.32	0
235.69	0
154.82	0
156.83	0
168.37	0
177.81	0
183.39	0
187.00	0
191.64	0
191.98	0
104.47	1
131.49	0
142.44	0
147.18	0
147.65	0
150.26	0
151.83	0
152.06	0
32.25	1
44.90	1
46.27	1
68.37	1
71.52	1
72.46	1
98.55	1
119.16	1
1.81	1
1.84	1
2.23	1
2.44	1
2.51	1
3.35	1
3.35	1
3.80	1
5.11	1
6.87	1
7.67	1
7.79	1
8.70	1
10.40	1
10.71	1
10.76	1
3.40	1
4.51	1
8.49	1
9.15	1
10.24	1
10.67	1
10.77	1
10.93	1
4.13	1
5.47	1
6.94	1
7.55	1
7.59	1
7.94	1
10.94	1
16.71	1
72.01	1
76.45	1
85.04	1
86.42	1
88.96	1
91.52	1
95.54	0
102.16	0
1.57	1
2.32	1
2.72	1
3.14	1
3.18	1
3.48	1
4.19	1
4.81	1
47.52	1
91.32	1
103.08	0
106.26	1
110.68	0
115.44	0
117.60	0
130.36	1
37.28	1
42.51	1
57.63	1
75.70	1
99.19	1
109.35	0
109.43	1
109.55	0
127.11	0
127.60	0
177.78	0
187.72	0
217.21	0
220.10	0
230.24	0
230.59	0
32.84	1
39.52	1
59.06	1
60.30	1
64.33	1
74.90	0
77.24	0
80.88	0
17.58	1
18.30	1
18.92	1
19.39	1
27.99	1
54.14	1
68.33	1
70.27	0
6.09	1
6.48	1
7.43	1
7.50	1
7.65	1
8.18	1
8.54	1
12.75	1
64.01	1
76.79	1
77.38	0
78.80	1
79.68	1
86.10	0
100.31	0
104.51	0
108.96	0
114.69	0
115.81	0
117.04	0
120.76	0
124.02	0
125.70	0
126.48	0
79.70	0
87.92	0
139.42	0
140.50	0
145.11	0
152.06	0
153.30	0
157.62	1
138.43	0
143.42	0
152.50	0
159.85	0
161.71	0
161.74	0
163.42	0
164.20	0
91.49	1
204.27	0
217.80	0
232.26	0
239.83	0
242.34	0
255.20	0
255.72	0
71.10	0
127.20	0
134.92	0
136.88	0
141.78	1
141.99	0
142.48	0
144.48	0
23.90	1
115.62	1
124.61	0
141.62	1
152.81	0
157.94	0
160.07	0
164.58	0
12.51	0
100.45	0
164.17	0
180.64	0
206.09	0
207.70	0
207.90	0
208.18	0
102.39	0
103.31	1
214.15	0
232.69	0
238.45	0
239.86	0
240.86	0
243.27	0
69.21	1
76.47	1
78.17	0
79.14	1
86.49	0
88.33	0
88.98	1
89.63	1
53.95	1
117.97	0
134.62	0
142.85	0
144.08	0
144.38	0
158.48	0
166.54	0
17.15	1
165.34	0
169.03	0
179.04	0
186.77	0
189.62	0
197.13	0
204.16	0
35.82	0
128.44	0
143.24	1
154.91	1
156.25	1
158.22	1
160.64	1
161.53	0
16.74	1
32.95	1
45.78	1
46.05	1
61.35	1
73.66	1
84.37	1
108.92	1
0.73	1
1.65	1
1.71	1
2.31	1
2.40	1
2.48	1
3.24	1
3.36	1
2.23	1
4.15	1
6.22	1
6.49	1
7.80	1
8.61	1
10.53	1
10.54	1
1.48	1
3.73	1
3.78	1
8.69	1
9.05	1
10.66	1
11.56	1
11.64	1
1.90	1
5.07	1
5.86	1
7.32	1
7.33	1
7.36	1
7.87	1
10.09	1
130.07	0
140.96	1
143.20	1
146.36	1
147.59	1
149.42	1
150.24	1
150.72	1
16.91	1
18.28	1
19.04	1
19.89	1
20.26	1
21.49	1
21.84	1
23.36	1
166.01	0
167.86	0
169.82	0
170.28	0
170.31	0
175.42	0
179.06	0
179.49	0
136.13	0
137.18	0
138.28	0
139.42	0
140.25	0
140.96	0
141.82	0
143.69	0
218.34	0
218.48	0
229.95	0
230.90	0
232.50	0
232.71	0
232.82	0
234.08	1
108.27	0
151.32	0
156.98	0
176.54	0
244.39	1
264.31	0
275.23	0
277.03	0
107.60	0
128.48	0
138.55	0
141.05	1
144.06	0
144.14	0
151.78	0
154.52	0
131.75	0
132.16	0
133.87	0
134.06	0
141.33	0
147.50	0
148.32	0
164.24	0
76.43	0
102.14	0
104.61	0
105.74	0
123.31	0
126.51	0
128.39	0
138.77	0
86.53	1
98.68	1
101.07	0
104.98	0
105.71	0
108.82	1
113.41	1
114.53	1
162.88	1
187.09	0
199.94	0
203.25	0
204.94	0
205.63	0
207.35	0
207.81	0
110.31	0
149.02	0
154.95	0
155.43	0
158.64	0
158.79	0
167.00	0
169.76	0
148.86	0
151.41	0
151.70	0
154.67	0
156.50	0
156.87	0
159.75	0
159.87	0
94.06	0
108.14	0
110.48	0
117.64	0
118.84	0
119.44	0
119.76	0
120.20	0
117.53	0
123.46	0
133.31	0
138.15	0
139.38	0
147.44	0
147.97	0
149.02	0
159.46	1
160.33	1
167.65	1
174.99	0
196.65	0
199.05	0
199.49	0
199.65	0
124.50	1
125.53	1
137.86	1
140.76	0
144.04	0
145.00	0
145.20	0
147.03	0
197.35	0
198.04	0
201.84	0
202.27	0
202.37	0
202.40	0
204.54	0
204.64	0
117.50	1
136.60	0
138.73	0
139.24	0
139.59	0
141.79	0
142.09	0
142.69	0
246.38	0
290.66	0
297.37	0
298.10	0
301.87	0
302.11	0
304.05	0
304.11	0
229.56	0
248.78	0
249.08	0
250.31	0
250.36	0
251.14	0
255.41	0
258.64	0
382.54	0
383.78	0
385.27	1
387.63	1
390.85	1
392.92	0
393.07	0
394.37	0
287.46	0
316.92	0
327.90	0
336.76	0
337.65	0
363.88	0
364.45	0
374.63	0
255.94	0
268.56	0
284.58	0
287.85	0
289.30	0
295.56	0
295.91	0
298.79	0
296.13	0
296.55	1
299.75	0
305.27	0
306.39	0
308.48	0
308.54	0
309.59	0
167.31	0
168.86	0
169.29	0
171.10	0
171.15	0
171.54	0
172.42	0
173.73	0
70.76	1
79.00	1
79.42	1
81.10	1
81.50	1
83.34	1
84.22	1
84.33	1
10.72	1
11.06	1
11.25	1
11.70	1
11.83	1
12.28	1
12.50	1
12.53	1
34.96	0
36.55	0
36.68	0
37.30	0
37.64	0
38.16	0
38.22	0
38.42	0
172.86	1
177.80	1
184.43	0
185.87	0
186.25	0
188.79	0
192.88	0
193.12	0
155.83	0
157.72	0
161.23	0
164.61	0
174.91	0
182.00	0
183.64	0
183.74	0
116.00	1
117.77	1
122.08	1
126.00	1
128.26	1
128.28	1
128.58	0
128.94	1
