153.19	0
167.82	0
172.68	0
179.99	0
194.44	0
212.26	0
216.90	0
259.13	0
417.72	0
423.68	0
441.45	0
460.59	0
462.09	0
464.74	0
466.89	0
489.62	0
144.17	1
165.41	0
183.08	0
190.91	0
205.60	0
216.94	0
232.16	0
254.69	0
96.34	0
127.62	0
136.66	0
190.49	0
219.69	0
230.37	0
253.73	0
254.41	0
606.87	0
614.65	0
618.25	0
622.49	0
655.34	0
657.93	0
662.34	0
673.03	0
416.63	0
418.98	0
422.20	0
427.73	0
446.91	0
459.70	0
471.35	0
473.54	0
127.66	0
139.44	0
156.58	0
159.66	0
171.83	0
177.24	0
220.82	0
240.12	0
259.21	0
261.01	0
264.42	0
281.64	0
282.25	0
292.47	0
307.01	0
309.88	0
251.09	0
268.93	0
275.39	0
275.98	0
287.68	0
296.92	0
324.41	0
326.43	0
234.97	0
236.24	0
245.42	0
254.65	0
259.75	0
260.78	0
293.47	0
306.56	0
94.18	0
96.20	0
117.37	0
125.53	0
154.99	0
192.67	0
218.94	0
224.37	0
187.46	0
195.47	1
203.70	0
203.89	0
213.92	0
237.36	0
276.23	0
280.28	0
71.25	0
80.39	1
90.00	1
127.17	0
151.52	0
203.31	0
229.88	0
231.87	0
273.12	0
281.04	0
290.56	0
302.70	0
306.47	0
308.19	0
316.86	0
322.26	0
187.11	0
224.52	0
231.67	0
240.45	0
241.14	0
260.34	0
261.01	0
261.11	0
258.56	0
260.82	0
262.98	0
263.99	0
269.19	0
276.52	0
279.30	0
282.22	0
305.93	0
317.88	0
319.28	0
323.12	0
323.74	0
330.60	0
332.80	0
339.03	0
234.54	0
235.69	0
243.66	0
255.77	0
268.54	0
270.03	0
273.30	0
274.68	0
364.82	0
371.25	0
390.75	0
413.99	0
413.99	0
416.26	0
417.89	0
420.78	0
437.11	0
465.27	0
465.77	0
469.23	0
470.44	0
472.38	0
477.95	0
479.85	0
391.45	0
448.21	0
454.63	0
457.28	0
460.11	0
468.19	0
468.60	0
474.73	0
291.25	0
292.84	0
293.40	0
297.32	0
305.81	0
313.75	0
315.78	0
320.99	0
332.82	0
332.92	0
340.95	0
345.53	0
347.49	0
348.03	0
356.11	0
356.22	0
237.38	0
259.14	0
265.29	0
274.06	0
277.46	0
278.78	0
282.57	0
292.33	0
241.12	0
258.52	0
264.11	0
266.17	0
271.00	0
271.41	0
281.28	0
282.42	0
214.26	0
221.05	0
225.05	0
243.95	0
254.13	0
256.52	0
257.21	0
257.36	0
272.47	0
295.02	0
295.06	0
295.62	0
303.37	0
303.72	0
316.54	0
325.29	0
282.59	0
366.62	0
369.78	0
371.69	0
375.61	0
380.86	0
381.42	0
392.83	0
248.65	0
257.67	0
257.70	0
279.40	0
287.54	0
288.69	0
291.09	0
298.02	0
310.18	0
336.33	0
344.69	0
351.48	0
351.64	0
355.67	0
356.42	0
360.08	0
257.88	0
266.44	0
267.47	0
296.70	0
298.32	0
300.87	0
313.56	0
320.44	0
484.40	0
502.76	0
507.45	0
510.29	0
514.09	0
520.77	0
534.07	0
538.58	0
190.52	0
222.93	0
228.07	0
229.55	0
229.87	0
239.22	0
242.58	0
242.66	0
318.35	0
353.73	0
373.87	0
377.48	0
385.33	0
387.90	0
388.71	0
390.83	0
455.16	0
523.05	0
523.25	0
528.94	0
534.68	0
536.62	0
541.62	0
543.12	0
182.95	0
189.52	0
205.23	0
223.53	0
226.19	0
241.23	0
243.92	0
253.01	0
195.94	0
198.68	0
203.16	0
231.38	0
234.31	0
235.16	0
248.37	0
252.64	0
25.60	1
26.05	0
35.77	1
77.82	1
95.92	0
105.86	0
132.79	0
140.85	0
227.86	0
228.53	0
236.63	0
240.24	0
240.99	0
242.92	0
246.15	0
254.31	0
180.12	0
201.92	0
205.04	0
205.26	0
205.55	0
213.18	0
219.29	0
219.74	0
100.24	1
273.33	0
311.46	0
325.97	0
335.66	0
338.02	0
342.01	0
342.83	0
45.53	1
240.89	0
249.49	0
279.63	0
285.19	0
289.43	0
296.26	0
316.08	0
47.51	1
233.26	0
240.55	0
242.53	0
243.08	0
253.61	0
255.31	0
262.33	0
198.09	0
198.41	0
200.93	0
207.72	0
216.98	0
217.52	0
217.86	0
218.11	0
147.27	0
173.20	0
175.09	0
191.39	0
200.11	0
204.77	0
208.76	0
210.98	0
182.05	0
208.37	0
214.23	0
217.58	0
220.59	0
224.29	0
234.89	0
241.61	0
168.07	0
201.64	0
209.17	0
213.07	0
213.84	0
215.45	0
217.30	0
220.58	0
102.67	0
127.79	0
150.26	0
150.99	0
152.40	0
154.46	0
157.00	0
161.66	0
287.08	0
307.30	0
309.64	0
309.69	0
317.80	0
319.24	0
329.99	0
331.85	0
348.63	0
356.47	0
361.00	0
380.12	0
380.48	0
385.59	0
394.54	0
394.67	0
258.49	0
261.62	0
265.14	0
277.58	0
281.80	0
283.59	0
286.39	0
288.36	0
271.78	0
276.69	0
292.70	0
294.05	0
298.68	0
300.51	0
311.53	0
322.27	0
301.04	0
324.93	0
329.72	0
331.00	0
338.44	0
344.03	0
364.54	0
366.44	0
225.65	0
257.99	0
277.84	0
290.31	0
302.43	0
302.81	0
308.26	0
309.09	0
231.60	0
268.87	0
341.84	0
352.49	0
356.97	0
356.99	0
366.99	0
370.49	0
158.25	0
232.68	0
234.05	0
249.19	0
251.59	0
252.04	0
270.16	0
274.82	0
281.78	0
293.76	0
312.08	0
324.89	0
328.93	0
334.85	0
335.71	0
336.33	0
342.49	0
393.27	0
396.42	0
396.69	0
404.05	0
404.44	0
411.01	0
413.27	0
240.65	0
253.56	0
276.46	0
289.68	0
290.74	0
296.48	0
307.08	0
310.81	0
155.98	0
181.65	0
182.71	0
189.65	0
204.02	0
213.30	0
232.21	0
240.22	0
228.93	0
235.57	0
253.07	0
258.43	0
262.64	0
264.14	0
267.46	0
274.03	0
168.25	0
173.07	0
175.28	0
205.99	0
212.34	0
214.47	0
220.14	0
221.72	0
135.96	0
182.50	0
186.82	0
191.85	0
206.55	0
212.10	0
222.66	0
224.93	0
143.31	0
150.91	0
179.33	0
194.13	0
194.36	0
200.57	0
206.89	0
207.14	0
148.45	0
171.63	0
171.92	0
187.14	0
190.27	0
196.44	0
198.58	0
198.68	0
152.89	0
183.42	0
186.05	0
189.07	0
195.70	0
195.74	0
200.28	0
201.12	0
105.58	0
196.95	0
201.44	0
202.04	0
226.14	0
229.20	0
230.32	0
249.69	0
226.27	0
231.94	1
272.66	0
273.97	0
274.87	0
279.54	0
294.11	0
300.09	0
346.96	0
351.72	0
354.48	0
355.88	0
358.46	0
361.25	0
369.26	0
373.32	0
181.47	0
231.20	0
233.45	0
235.60	0
253.66	0
270.57	0
274.12	0
275.57	0
138.56	0
155.87	0
178.23	0
181.50	0
181.80	0
182.02	0
204.98	0
211.96	0
145.01	0
225.98	0
266.37	1
283.28	0
284.04	0
290.19	0
309.34	0
311.72	0
265.55	0
269.32	0
321.17	0
341.80	0
357.63	0
362.38	0
364.79	0
366.49	0
195.66	0
229.78	1
235.72	0
240.97	0
248.67	0
249.30	0
259.94	0
261.41	0
17.60	1
202.51	0
218.71	0
222.69	0
227.06	0
228.15	0
230.11	0
231.33	0
18.07	1
99.69	0
105.92	0
149.86	1
164.75	0
183.97	0
200.90	0
200.97	0
99.43	0
102.95	0
103.58	0
119.40	0
136.46	0
141.07	0
142.59	0
152.39	0
22.63	1
25.59	1
36.26	0
41.34	1
94.16	1
118.86	0
130.23	0
133.25	0
85.55	1
174.08	0
175.54	0
185.25	0
190.05	0
203.30	0
205.98	0
207.69	0
180.07	0
250.62	0
274.25	0
276.46	0
291.10	0
291.23	1
305.39	0
306.67	0
138.48	0
155.74	0
163.87	0
163.95	0
167.30	0
169.92	0
179.82	0
184.00	0
143.54	0
154.62	0
168.89	0
175.08	0
177.69	0
182.66	0
186.93	0
190.31	0
286.84	0
304.83	0
343.36	0
351.03	0
363.83	0
366.77	0
376.97	0
384.22	0
110.80	0
133.95	0
138.86	0
141.20	0
143.42	0
153.17	0
154.33	0
164.44	0
275.94	1
327.95	1
345.93	0
380.30	0
392.52	0
396.56	0
403.83	0
420.23	0
78.10	0
144.77	0
288.64	0
298.97	0
300.27	0
302.27	0
302.86	0
303.59	0
430.43	0
453.86	0
457.88	0
467.98	0
468.61	0
487.54	0
489.28	0
490.60	0
137.48	0
143.70	0
163.44	0
167.45	0
180.14	0
181.65	0
183.65	0
184.70	0
179.64	0
194.19	0
201.83	0
206.10	0
206.55	0
214.49	0
214.66	0
218.62	0
291.04	0
299.07	0
302.58	0
310.12	0
318.34	0
323.78	0
326.36	0
331.46	0
521.52	0
526.73	0
536.56	0
543.14	0
545.01	0
549.09	0
556.17	0
568.43	0
84.67	1
168.55	0
168.58	0
186.81	0
190.79	0
206.54	0
207.71	0
210.99	0
141.30	0
169.40	0
189.44	0
202.36	0
205.93	0
205.98	0
206.47	0
209.75	0
165.56	0
167.25	0
178.54	0
207.31	0
208.57	0
209.84	0
210.49	0
217.37	0
3.42	1
96.16	0
107.43	0
112.70	0
114.75	0
118.51	0
119.85	0
121.60	0
188.25	0
195.96	1
251.42	0
252.58	0
266.69	0
280.16	0
288.15	0
294.46	0
243.34	0
254.71	0
259.93	0
281.04	0
284.33	0
284.97	0
285.29	0
286.53	0
108.02	0
114.89	0
127.94	0
136.46	0
146.18	0
147.92	0
148.04	0
149.50	0
173.16	1
175.20	1
184.63	0
200.49	1
216.48	0
221.89	0
228.24	0
231.54	0
234.68	0
237.55	0
245.88	0
247.89	0
253.60	0
263.38	0
270.35	0
278.02	0
199.50	1
237.24	1
257.28	0
260.04	0
275.11	0
277.57	0
278.98	0
284.74	0
107.36	0
128.06	1
153.27	1
173.76	0
179.87	0
197.49	0
205.90	0
208.41	0
7.77	1
19.64	1
152.68	0
174.41	0
188.15	0
192.78	0
195.69	0
199.41	0
4.68	1
17.54	1
101.03	0
107.69	0
123.12	0
128.95	0
145.30	0
153.12	0
236.65	0
240.99	0
244.82	0
246.60	0
246.66	0
257.20	0
261.20	0
261.87	0
357.86	0
384.34	0
384.81	0
395.92	0
401.69	0
411.74	0
415.29	0
417.53	0
147.51	0
196.52	0
203.15	0
204.66	0
207.42	0
212.00	0
214.25	0
215.75	0
222.27	0
242.86	0
243.89	0
247.93	0
252.83	0
260.76	0
261.25	0
267.07	0
115.27	0
115.82	0
138.72	0
140.08	0
153.68	0
165.47	0
168.79	0
173.15	0
182.81	0
200.70	1
203.49	0
204.48	0
205.08	0
208.66	0
209.77	0
216.39	0
199.46	0
205.25	0
222.73	0
230.27	0
230.80	0
240.55	0
240.75	0
242.22	0
155.74	1
257.94	0
269.49	0
272.09	1
272.27	1
280.81	0
292.99	0
301.57	0
170.09	0
234.77	0
321.65	0
364.45	0
366.99	0
367.09	0
372.08	0
384.33	0
185.07	1
210.15	0
230.87	0
266.40	0
282.92	0
287.25	0
291.46	0
292.80	0
28.05	1
186.20	0
186.33	0
210.09	0
212.42	0
217.20	0
219.95	0
223.14	0
177.79	0
234.53	0
251.13	0
253.21	0
253.51	0
255.78	0
262.17	0
263.47	0
132.64	0
135.66	0
137.46	0
140.49	0
141.78	0
146.52	0
152.43	0
160.67	0
84.82	1
155.81	0
168.25	0
169.29	0
179.24	0
189.92	0
192.63	0
193.83	0
127.12	0
149.58	0
150.03	0
159.94	0
162.70	0
166.26	0
176.98	0
194.07	0
163.04	0
163.13	0
166.66	0
177.99	0
199.75	0
203.45	0
212.04	0
213.89	0
172.54	0
201.22	0
201.70	0
204.08	0
206.46	0
207.85	0
212.03	0
215.63	0
235.16	0
254.33	0
255.01	0
262.30	0
263.98	0
267.14	0
267.77	0
271.23	0
146.88	0
155.42	0
158.33	0
164.12	0
165.65	0
176.68	0
176.93	0
192.18	0
106.90	0
114.69	0
138.19	0
154.62	0
162.33	0
167.98	0
176.55	0
176.82	0
64.98	1
86.18	0
129.85	0
134.29	0
140.66	0
144.46	0
148.35	0
155.09	0
8.33	1
124.93	0
130.06	0
130.68	0
149.95	0
162.15	0
165.27	0
169.32	0
59.71	1
112.66	1
122.50	0
141.28	0
146.86	0
147.44	0
158.82	0
160.89	0
6.42	1
89.70	0
123.22	0
126.61	0
127.41	0
129.59	0
131.36	0
140.57	0
8.53	1
73.41	0
84.48	1
86.21	0
113.67	0
123.27	0
130.14	0
130.71	0
6.95	1
79.26	0
112.25	0
130.58	0
137.45	0
148.27	0
151.55	0
154.77	0
75.63	1
129.03	0
142.38	0
144.33	0
153.22	0
161.99	0
167.23	0
170.56	0
1.62	1
24.08	1
28.76	1
37.85	0
43.82	1
96.80	1
120.65	0
134.13	0
109.06	1
116.06	1
153.83	0
155.56	0
171.69	0
174.45	0
178.85	0
182.81	0
264.50	0
273.85	0
274.77	0
277.97	0
281.19	0
281.56	0
292.32	0
296.86	0
192.25	0
215.47	0
245.64	0
245.94	0
247.47	0
247.62	0
250.36	0
258.98	0
211.64	0
230.97	0
261.92	0
284.18	0
284.59	0
287.70	0
295.77	0
296.54	0
108.98	0
112.43	0
118.15	0
119.88	0
125.29	0
132.11	0
132.65	0
137.13	0
114.78	0
154.89	0
157.28	0
173.12	0
181.39	0
182.61	0
183.00	0
183.36	0
157.05	0
158.37	0
188.41	0
189.60	0
192.28	1
198.40	0
203.77	0
204.12	0
318.34	0
442.98	0
447.87	0
457.27	0
480.67	0
481.79	0
484.97	0
485.22	0
381.42	0
464.92	0
480.22	0
487.06	0
487.29	0
487.44	0
492.53	0
495.58	0
147.53	0
148.59	0
175.96	0
175.96	0
178.26	0
179.49	0
181.53	0
183.27	0
356.34	0
357.49	0
360.90	0
364.70	0
379.62	0
384.46	0
385.83	0
388.53	0
306.65	1
330.57	0
341.92	0
357.64	0
368.21	0
369.46	0
370.96	0
371.98	0
86.96	1
240.08	0
294.07	0
297.40	0
298.52	0
301.80	0
303.70	0
318.50	0
187.12	0
239.56	0
263.21	0
265.83	0
269.84	0
272.62	0
279.48	0
280.38	0
212.50	1
233.01	0
233.77	0
236.61	0
239.35	0
256.50	0
256.86	1
262.51	0
6.50	1
6.81	1
19.10	1
28.94	1
31.32	0
38.27	1
95.62	1
112.99	0
129.66	0
132.60	0
134.10	0
134.66	0
134.84	0
142.30	0
146.79	0
171.00	0
153.73	0
155.65	0
165.59	0
170.64	0
171.24	0
177.04	0
177.88	0
186.70	0
64.20	1
105.60	1
123.73	0
127.63	0
130.71	1
137.21	0
156.22	0
159.97	0
10.39	1
11.09	1
12.45	1
150.69	0
155.46	0
174.52	0
179.20	0
179.75	0
9.24	1
10.56	1
13.37	1
108.02	0
114.70	0
121.86	0
129.03	0
132.47	0
77.94	0
93.90	0
95.96	0
96.36	0
101.70	0
101.89	0
112.18	0
112.93	0
8.62	1
9.67	1
10.63	1
21.11	1
22.64	1
26.00	0
33.78	1
88.82	1
79.91	1
110.38	1
118.93	0
131.03	1
158.33	0
160.81	0
161.35	0
163.84	0
7.14	1
10.08	1
12.98	1
19.60	1
140.62	0
145.25	0
165.39	0
170.79	0
5.08	1
6.09	1
8.74	1
16.35	1
99.77	0
110.99	0
115.94	0
119.41	0
108.81	1
135.13	0
140.03	0
141.31	0
144.25	0
160.64	0
163.54	0
170.07	0
175.77	0
177.70	0
182.89	0
183.57	0
184.41	0
187.15	0
187.76	0
195.31	0
241.83	0
243.94	0
249.90	0
259.13	0
262.64	0
269.18	0
271.08	0
272.13	0
283.99	0
286.02	0
301.08	0
303.66	0
312.17	0
313.22	0
313.28	0
314.54	0
303.00	0
305.78	0
314.68	0
322.09	0
327.99	0
329.21	0
332.04	0
334.12	0
154.91	0
156.67	0
188.35	0
194.17	0
195.22	0
203.50	0
203.51	0
203.78	0
256.91	1
297.43	0
326.53	0
326.90	0
326.97	1
333.86	0
335.14	0
338.54	0
101.88	1
105.76	1
112.60	1
121.71	1
128.05	1
143.50	1
147.09	1
149.25	0
118.94	0
123.97	0
126.04	0
149.11	0
161.62	0
163.33	0
166.22	0
194.02	0
81.53	1
102.55	1
117.23	0
120.55	0
148.80	0
151.16	0
151.59	0
151.64	0
90.69	0
147.62	0
148.94	0
158.42	0
158.53	0
159.61	0
160.50	0
162.14	0
125.67	0
142.90	0
158.85	0
178.17	0
186.17	0
188.51	0
189.60	0
190.06	0
141.78	1
177.01	0
177.81	0
179.94	0
181.10	0
181.72	0
182.68	0
182.99	0
245.36	0
247.66	0
260.24	0
264.21	0
267.22	0
271.78	0
272.98	0
275.20	0
304.20	0
310.48	0
311.45	0
325.42	0
333.21	0
333.77	0
340.03	0
342.06	0
205.08	1
206.88	0
224.11	0
227.10	0
228.28	0
231.57	0
241.78	0
242.60	0
194.56	1
202.27	0
202.58	0
209.78	0
215.35	0
220.22	0
233.78	1
234.88	0
215.59	1
228.51	0
229.97	0
230.47	0
232.66	0
236.35	0
254.06	0
254.28	0
174.77	0
263.33	0
268.59	0
269.89	0
273.81	0
274.10	0
277.21	0
278.09	0
124.31	0
128.33	0
136.86	0
139.42	0
151.02	0
153.41	0
155.54	0
157.62	0
124.91	0
147.33	0
147.65	0
152.53	0
158.69	0
159.57	0
166.02	0
169.69	0
135.32	0
139.70	0
160.07	0
165.43	1
180.94	0
189.02	0
190.71	0
190.99	0
258.32	0
260.58	0
268.19	0
277.33	0
279.09	0
281.79	0
285.75	0
286.47	0
168.66	0
171.12	0
174.86	0
176.95	0
179.97	0
186.19	0
186.54	0
187.16	0
338.93	1
354.40	0
355.33	0
355.56	0
360.75	0
361.01	0
361.40	0
363.07	0
381.62	0
396.77	0
399.67	0
424.21	0
426.08	0
427.19	0
434.17	0
438.59	0
229.05	0
232.29	0
234.01	0
235.74	0
237.01	0
239.61	0
242.65	0
243.25	0
120.93	1
125.02	0
128.50	0
130.66	0
142.74	0
147.04	0
149.05	0
150.12	0
179.70	0
182.95	0
190.86	0
199.61	0
204.61	0
207.73	0
209.62	0
215.22	0
251.55	0
272.03	0
272.07	0
280.17	0
293.91	0
299.57	0
302.29	0
303.95	0
146.97	0
150.21	0
156.30	0
158.51	0
163.49	0
164.03	0
169.28	0
182.87	0
190.97	0
195.13	0
197.29	0
197.78	0
202.13	0
210.65	0
214.58	0
215.29	0
158.10	0
159.54	0
165.17	0
171.95	0
176.93	0
178.03	0
179.82	0
183.85	0
96.56	1
99.56	1
141.39	0
149.66	1
162.41	0
169.35	0
171.19	0
171.91	0
200.69	0
201.34	0
210.71	0
229.10	0
232.65	0
233.01	0
233.69	0
235.54	0
91.46	1
108.65	1
109.92	1
132.11	0
137.77	0
141.30	0
142.77	0
143.14	0
90.83	1
94.13	1
153.69	1
159.78	0
167.82	0
168.04	0
171.66	0
175.93	0
229.05	0
229.16	0
232.96	0
234.21	0
239.14	0
239.93	0
242.66	0
245.85	0
186.99	0
189.28	0
210.98	0
221.28	0
221.29	0
226.75	0
227.11	0
228.48	0
41.29	1
77.30	1
85.63	0
102.72	0
104.14	0
104.99	0
107.84	0
108.48	0
7.73	1
9.87	1
16.59	1
17.09	1
30.11	1
33.22	1
43.48	0
49.80	1
99.06	1
119.52	0
131.04	1
133.71	0
134.11	1
174.34	0
183.66	0
185.13	0
232.88	0
256.28	0
263.91	0
271.78	0
272.28	0
274.17	0
274.75	0
282.53	0
260.26	0
264.27	0
274.24	0
276.83	0
279.01	0
279.05	0
282.49	0
283.39	0
152.14	0
168.28	1
175.00	0
175.48	0
179.76	0
181.71	0
187.26	0
188.11	0
93.84	1
122.13	1
130.54	1
146.55	0
155.33	1
170.77	0
184.14	1
206.28	0
9.03	1
9.47	1
14.65	1
15.59	1
16.82	1
151.60	0
155.43	0
177.89	0
16.73	1
16.80	1
20.23	1
20.49	1
22.92	1
121.44	0
141.26	0
142.11	0
105.74	0
123.26	0
126.72	0
129.85	0
139.86	0
140.55	1
147.05	0
148.40	0
86.38	1
176.00	0
201.95	0
211.28	0
213.94	0
215.00	0
215.77	0
215.94	0
26.60	1
308.22	0
309.17	0
311.03	0
312.77	0
312.99	0
314.93	0
345.90	0
4.57	1
102.67	0
102.69	0
104.22	0
109.57	0
110.55	0
114.50	0
116.74	0
15.76	1
229.00	0
245.84	0
249.59	0
276.56	0
281.60	0
281.92	0
283.49	0
42.84	1
329.84	0
354.33	0
355.90	0
357.21	0
361.14	0
362.48	0
367.03	0
77.12	0
83.05	0
87.11	0
88.76	0
105.83	1
110.00	0
113.09	0
114.09	0
53.10	1
71.88	1
100.42	1
126.25	0
129.66	0
136.50	0
140.76	0
140.81	0
65.19	0
76.29	1
79.49	1
112.97	1
136.23	0
136.70	0
137.62	0
138.62	0
166.23	0
167.86	0
168.66	0
173.07	0
173.18	0
180.50	0
183.26	0
183.77	0
218.69	0
222.31	0
229.74	0
230.12	0
230.19	0
233.17	0
237.25	0
239.23	0
195.64	0
197.30	0
199.70	0
202.63	0
217.21	0
217.50	0
220.56	0
225.08	0
183.84	0
184.48	0
198.85	0
207.53	0
207.87	0
211.30	0
211.33	0
212.27	0
246.39	0
247.79	0
248.99	0
249.77	0
256.28	0
258.48	0
260.71	0
262.88	0
182.42	0
187.10	0
192.84	0
194.23	0
199.16	0
201.65	0
207.27	0
212.60	0
303.67	0
304.06	0
329.57	0
332.55	0
333.88	0
337.07	0
337.58	0
340.06	0
195.99	0
204.35	0
214.01	0
223.19	0
228.77	0
229.67	0
229.95	0
232.56	0
148.06	0
152.11	0
153.66	0
166.05	0
174.40	0
180.90	0
183.64	0
185.22	0
124.55	0
134.16	0
142.12	0
172.06	0
174.05	0
174.38	0
176.65	0
176.82	0
147.93	0
152.50	0
173.93	0
175.96	0
178.94	0
182.82	0
186.42	0
187.75	0
62.88	0
62.94	0
63.13	0
70.59	0
79.50	0
128.92	0
141.86	0
147.64	0
33.26	1
38.50	1
79.35	1
81.48	0
99.46	0
103.03	0
103.26	0
104.75	0
4.38	1
7.36	1
9.59	1
16.92	1
18.20	1
30.78	1
31.76	1
46.82	0
81.11	0
96.64	0
106.11	0
117.99	0
120.18	0
130.46	0
173.64	0
174.92	0
164.23	1
211.94	0
220.25	0
233.37	0
243.54	0
249.05	0
255.77	0
257.73	0
29.18	1
173.91	0
262.88	0
267.26	0
270.74	0
279.60	0
279.90	0
285.59	0
7.75	1
123.07	0
126.74	0
136.19	0
145.54	0
145.73	0
150.36	0
152.08	0
142.28	1
152.78	1
156.82	0
167.10	0
168.02	1
180.30	0
184.18	0
185.84	0
127.93	0
163.40	0
171.05	0
181.45	1
185.14	1
186.30	0
186.33	1
195.32	1
92.38	1
124.05	0
196.50	0
240.44	0
248.34	0
264.38	0
266.93	0
268.94	0
215.55	0
217.47	0
218.67	0
232.16	0
234.16	0
249.04	0
251.47	0
251.97	0
205.31	0
209.32	0
218.17	0
225.25	0
227.15	0
227.63	0
230.43	0
237.30	0
146.68	0
153.40	1
159.45	1
164.33	1
188.90	0
194.19	0
207.17	0
209.83	1
173.00	1
186.34	0
205.81	0
212.12	0
215.83	0
217.32	0
220.82	0
235.38	0
235.96	0
236.44	0
237.28	0
244.97	0
255.81	0
257.46	0
258.31	0
262.90	0
108.21	1
112.66	1
119.32	1
124.19	0
124.24	0
126.23	1
126.92	0
127.27	0
74.50	1
132.07	1
186.51	0
206.78	0
221.05	0
236.96	0
243.50	0
246.38	0
21.99	1
41.20	1
315.83	0
317.78	0
317.82	0
318.59	0
319.29	0
319.49	0
36.05	1
51.30	1
159.15	0
159.17	0
160.35	0
160.45	0
166.42	0
168.26	0
58.79	1
74.80	1
272.04	0
290.97	0
299.10	0
304.57	0
329.27	0
331.54	0
94.87	1
129.26	1
428.57	0
433.83	0
449.08	0
475.12	0
477.44	0
477.86	0
153.83	0
172.09	0
172.10	0
172.83	0
178.49	0
187.41	0
190.71	0
191.49	0
125.19	0
130.04	0
142.72	0
147.40	0
158.97	0
161.56	0
161.58	0
168.12	0
115.03	0
125.79	0
127.73	0
128.88	0
129.55	0
130.15	0
130.23	0
130.79	0
89.58	1
92.07	1
93.36	1
95.29	1
143.34	0
148.51	0
151.11	1
153.76	0
240.05	0
240.39	0
245.90	0
248.92	0
249.35	0
252.55	0
259.32	0
260.83	0
179.21	0
179.65	0
186.09	0
188.74	0
207.89	0
210.88	0
212.88	0
214.05	0
318.42	0
323.19	0
328.30	0
336.15	0
352.74	0
353.54	0
355.22	0
355.29	0
127.57	0
140.95	1
146.61	1
155.78	0
164.76	1
178.00	0
186.59	1
189.37	0
177.17	1
178.12	1
188.23	0
188.26	0
198.92	1
200.54	1
204.66	1
214.64	0
30.22	0
101.39	0
122.68	0
122.85	0
128.63	0
130.69	0
132.71	0
150.36	0
212.84	0
263.89	0
264.05	0
265.82	0
273.16	0
281.22	0
282.56	0
282.92	0
278.02	1
279.79	0
281.48	0
282.64	0
283.82	0
291.52	1
292.24	0
295.35	0
322.69	0
337.89	0
338.96	0
340.70	0
342.54	0
343.32	0
346.38	0
355.50	0
282.60	0
298.14	0
299.86	0
301.84	0
302.53	0
312.54	0
315.86	0
318.52	1
272.42	1
277.80	0
279.82	0
288.76	0
298.65	0
301.06	0
301.42	0
302.37	0
359.36	1
375.87	0
387.16	0
390.75	0
394.65	0
394.89	0
395.99	0
400.00	0
260.14	0
450.28	0
457.20	0
459.54	0
459.61	0
460.15	0
460.79	0
460.79	0
210.43	0
210.56	0
210.81	0
213.09	0
213.80	0
217.19	0
221.42	0
222.53	0
433.06	0
469.47	0
481.39	0
481.98	0
486.52	0
487.98	0
490.02	0
490.71	0
212.00	0
213.04	0
217.52	0
226.04	0
238.33	0
242.46	0
245.35	0
245.41	0
316.73	0
318.53	0
321.99	0
322.37	0
324.07	0
328.64	0
329.48	0
333.97	0
333.97	0
346.77	0
356.83	0
359.82	0
362.31	0
363.12	0
364.23	0
369.16	0
327.95	0
329.35	0
330.33	0
331.29	0
332.44	0
335.21	0
335.36	0
340.43	0
335.74	0
336.02	0
365.86	0
371.05	0
372.28	0
373.64	0
374.99	0
375.10	0
365.38	0
368.32	0
378.22	0
381.01	0
381.09	0
382.40	0
382.65	0
384.54	0
131.11	1
136.90	1
157.47	1
169.18	1
187.69	0
188.77	0
191.26	0
193.91	0
12.34	1
12.66	1
14.11	1
17.79	1
22.22	1
22.81	1
32.80	1
44.49	1
108.96	0
123.36	0
123.45	0
129.16	0
135.55	0
140.91	0
150.99	1
156.95	0
192.54	1
200.70	1
209.48	1
214.26	1
227.68	1
235.83	1
294.65	0
317.69	0
96.94	0
98.08	0
102.11	0
127.35	1
132.68	1
133.00	1
133.27	0
134.52	0
236.57	0
244.58	0
254.85	0
257.51	0
258.16	0
259.97	0
260.54	0
264.55	0
130.20	0
180.09	0
182.67	0
188.11	0
196.45	0
202.12	0
202.39	0
203.54	0
228.76	0
233.99	0
260.73	0
268.29	0
269.13	0
271.14	0
280.43	0
282.06	0
282.51	0
292.91	0
292.96	0
303.85	0
304.23	0
308.08	0
308.72	0
310.40	0
113.12	0
119.11	0
134.99	0
137.33	0
137.83	0
138.58	0
139.93	0
142.50	0
214.24	0
218.14	0
222.53	0
222.58	0
222.61	0
225.66	0
229.02	0
232.02	0
254.95	0
264.26	0
265.98	0
267.43	0
268.94	0
274.10	0
276.11	0
276.94	0
176.09	0
196.85	0
198.23	0
213.73	0
221.14	0
226.03	0
228.75	0
232.05	0
246.35	0
247.48	0
247.67	0
251.76	0
252.63	0
253.14	0
254.17	0
258.13	0
115.82	1
117.13	1
143.48	1
150.43	1
163.59	1
166.86	1
169.81	0
179.38	0
147.56	0
149.12	0
151.31	0
155.96	0
164.37	0
165.21	0
169.52	0
172.81	0
119.28	1
125.48	1
130.95	1
132.12	1
137.84	0
138.61	0
150.13	0
156.20	0
123.76	0
128.13	0
144.76	0
147.42	0
160.24	0
160.93	0
167.14	0
173.91	0
192.40	0
192.89	0
194.45	0
200.20	0
208.76	0
209.48	0
215.53	0
218.15	0
187.18	0
192.52	0
195.72	0
209.93	0
213.90	0
217.50	0
218.15	0
220.83	1
111.07	1
178.14	0
199.44	0
203.72	1
209.23	0
209.94	0
212.74	0
213.79	0
28.19	1
166.92	0
171.94	0
235.75	0
240.37	0
246.69	0
249.64	0
250.56	0
135.47	0
149.76	0
156.31	0
156.38	0
163.85	0
167.42	0
167.57	0
168.55	0
139.29	1
146.90	0
151.23	0
152.13	0
153.63	0
157.94	0
160.61	0
171.00	0
224.08	0
247.63	0
250.57	0
255.04	0
257.57	0
263.90	0
266.69	0
271.51	0
50.90	1
56.70	1
58.44	0
58.55	1
75.56	0
76.30	0
80.07	0
80.34	1
4.28	1
5.72	1
7.05	1
7.63	1
12.49	1
15.47	1
16.80	1
19.86	1
97.71	0
143.73	0
146.05	0
147.28	0
162.80	0
165.68	0
166.54	0
168.00	0
146.68	0
152.07	0
187.60	0
190.41	0
195.00	0
197.48	0
197.90	0
199.91	0
41.28	1
79.45	1
106.63	1
119.33	0
125.29	1
135.02	1
138.80	0
140.25	0
2.54	1
8.38	1
9.77	1
9.79	1
10.97	1
12.83	1
152.37	0
156.93	0
5.16	1
6.70	1
8.02	1
8.76	1
16.70	1
26.14	1
74.22	0
101.91	0
236.51	0
255.99	0
257.30	0
259.15	0
259.29	0
264.25	0
266.31	0
268.17	0
40.21	1
67.63	0
81.36	0
83.63	0
87.03	0
99.94	0
100.36	0
100.56	0
1.48	1
6.79	1
9.58	1
9.93	1
10.57	1
16.91	1
17.34	1
18.13	1
64.59	0
65.15	0
66.07	0
66.50	0
66.82	0
66.96	0
67.91	0
68.63	0
346.01	0
380.05	0
382.39	0
383.56	0
384.39	0
384.91	0
391.65	0
393.31	0
130.95	0
132.32	0
146.79	0
147.33	0
150.24	1
157.68	0
163.20	0
163.66	1
11.74	1
12.07	1
12.93	1
14.02	1
16.83	1
20.45	1
20.90	1
26.17	0
151.78	0
158.60	0
163.98	0
175.70	0
186.38	0
199.96	0
205.53	0
212.44	0
12.17	1
13.82	1
14.48	1
15.59	1
23.08	1
35.21	1
45.06	1
75.31	0
176.75	0
188.74	0
214.76	0
224.60	0
225.15	0
228.09	0
233.90	0
235.17	0
202.07	0
206.26	0
210.79	0
218.00	0
223.58	0
231.40	0
232.85	0
233.06	0
6.58	1
7.41	1
9.45	1
9.49	1
9.73	1
13.10	1
18.51	1
152.32	0
4.37	1
5.74	1
6.94	1
8.38	1
12.16	1
21.90	1
30.59	1
67.33	0
200.44	0
202.56	0
202.85	0
205.47	0
209.60	0
210.92	0
210.96	0
211.25	0
122.25	1
130.04	1
139.12	0
148.30	0
150.69	0
154.03	0
157.36	1
162.34	1
157.42	0
159.56	0
166.95	0
172.11	0
173.68	0
174.21	0
175.07	0
176.42	0
264.51	0
279.75	0
280.35	0
313.83	0
316.49	0
316.80	0
341.20	0
342.10	0
112.94	0
114.73	0
116.13	0
117.94	0
118.31	0
120.50	0
121.26	0
129.88	0
113.96	1
136.80	1
155.40	1
156.93	0
157.32	1
162.90	0
165.41	1
170.63	0
124.94	1
164.25	1
208.33	0
214.45	1
217.12	0
217.42	1
221.01	0
223.32	0
134.32	1
169.57	0
203.10	0
235.12	0
242.20	0
320.16	0
332.11	0
334.16	0
46.58	1
223.56	1
257.64	0
261.52	0
281.31	0
285.66	0
301.69	0
318.73	0
14.51	1
31.82	1
182.24	0
185.68	0
186.36	0
189.91	0
205.41	0
208.94	0
181.54	0
187.07	0
203.36	0
205.98	0
226.97	0
230.48	0
230.75	0
231.15	0
183.54	0
184.33	0
187.14	0
193.47	0
195.19	0
207.62	0
214.05	0
214.38	0
206.95	0
210.02	0
218.04	0
221.85	0
221.87	0
222.13	0
234.42	0
240.70	0
147.24	0
189.48	0
190.63	0
191.74	1
192.60	0
195.28	0
201.08	0
204.70	0
59.89	1
62.57	1
103.97	1
115.05	0
115.73	1
117.12	1
117.75	1
131.00	1
164.15	0
166.23	0
167.19	0
170.71	0
171.58	0
172.79	0
175.74	0
177.27	0
74.93	1
84.24	1
84.76	0
90.31	1
92.20	1
92.72	1
95.81	1
108.76	0
123.76	1
136.71	1
138.09	1
155.67	0
157.15	0
159.05	1
161.89	1
164.14	0
170.35	0
213.98	0
219.65	0
231.10	0
244.47	0
254.40	0
256.44	0
276.14	0
131.40	0
159.16	1
161.67	1
215.21	0
227.62	0
305.07	0
305.50	0
308.86	0
12.71	1
16.95	1
179.80	0
180.74	0
185.24	0
185.29	0
199.11	0
205.19	0
39.57	1
163.26	0
223.82	0
228.03	0
229.16	0
231.02	0
237.33	0
238.33	0
41.29	0
99.11	0
104.15	0
106.31	0
108.26	1
109.84	0
110.68	0
111.87	0
42.23	1
76.38	1
79.82	1
127.22	0
137.95	0
141.56	1
143.86	1
148.06	0
27.90	1
114.64	0
136.15	0
137.84	0
157.95	0
159.94	0
166.22	0
167.84	0
102.13	1
108.43	1
112.13	0
114.63	1
116.34	1
118.92	0
121.09	1
125.66	0
134.68	0
135.27	0
160.06	0
161.65	0
162.06	0
163.16	0
165.29	0
169.17	0
106.16	0
107.59	0
133.67	0
136.25	0
139.05	0
139.61	0
139.74	0
141.09	0
124.67	0
129.29	0
137.83	0
140.26	0
140.88	0
143.36	0
148.03	0
153.24	0
25.02	1
34.29	1
35.48	1
36.79	1
61.48	1
72.37	0
74.37	0
81.09	0
1.73	1
2.29	1
4.93	1
5.02	1
8.54	1
8.65	1
10.76	1
10.81	1
89.29	1
94.03	1
109.79	1
120.41	0
133.84	0
137.03	1
142.04	0
162.96	0
159.28	0
182.99	0
183.02	0
184.04	0
184.16	0
190.18	0
190.32	0
207.45	0
131.42	0
178.71	0
204.41	0
211.04	0
216.84	0
218.78	0
219.22	0
227.05	0
196.39	0
204.34	1
209.99	0
212.64	0
217.63	0
218.88	1
220.74	1
236.59	0
178.58	0
197.88	1
223.55	0
228.10	0
230.61	0
235.56	0
243.93	0
244.09	0
9.48	1
117.64	0
119.05	0
121.36	0
121.83	0
122.54	0
123.84	0
124.11	0
168.20	1
181.98	1
207.18	1
212.54	0
220.39	0
220.87	0
233.40	0
235.87	0
104.66	0
121.33	0
165.92	0
173.89	0
180.78	1
204.33	1
212.18	1
213.43	0
28.00	1
32.21	1
33.31	1
35.70	1
192.29	0
194.64	0
196.12	0
198.61	0
141.31	0
209.20	0
218.35	0
222.42	0
224.10	0
228.94	0
230.74	0
234.76	0
93.29	1
148.21	1
158.39	0
177.14	0
180.63	0
186.11	0
187.09	0
187.69	0
67.46	1
205.59	0
226.51	0
230.50	0
231.88	0
232.49	0
233.74	0
236.45	0
44.41	1
72.53	1
97.05	0
124.50	0
125.84	0
128.75	0
131.48	0
135.42	0
59.47	0
111.03	0
114.61	0
117.62	0
122.49	0
136.44	0
140.17	0
140.89	0
74.66	0
88.47	0
126.66	0
127.59	1
128.44	1
130.70	0
136.92	0
170.23	0
59.36	0
90.69	0
95.50	0
97.32	0
119.82	0
140.81	0
142.07	0
143.55	0
100.81	1
151.62	0
151.77	0
155.01	0
156.92	0
163.83	0
163.85	1
166.06	0
11.50	1
16.20	1
120.11	0
125.76	0
136.76	0
137.37	0
147.87	0
152.07	0
94.84	1
129.17	1
132.34	0
137.71	0
144.20	0
145.83	0
146.24	0
151.91	0
175.40	0
187.48	0
194.65	0
194.71	0
196.84	0
197.54	0
198.02	0
198.03	0
108.24	0
108.65	0
121.94	0
122.15	0
123.15	0
124.69	0
125.58	0
125.63	0
92.49	0
93.51	0
104.75	0
106.46	0
109.07	0
111.33	0
112.02	0
113.64	0
162.86	0
173.95	0
185.29	0
188.22	0
199.18	0
208.39	0
211.84	0
213.32	0
68.15	0
79.71	0
80.97	0
87.17	1
96.77	0
107.06	0
108.28	0
110.21	0
190.44	0
196.39	0
196.62	0
197.60	0
198.44	0
200.44	0
203.26	0
203.82	0
86.37	0
108.36	0
113.79	0
116.05	0
116.27	0
116.94	0
117.33	0
120.10	0
121.62	1
126.09	1
130.92	1
138.87	1
143.25	1
152.62	1
160.16	0
164.91	0
132.86	0
210.20	0
211.11	0
230.99	0
234.54	0
235.84	0
236.01	0
236.72	0
115.61	1
121.42	1
123.61	0
127.84	0
148.95	0
149.39	1
149.59	0
153.98	0
153.63	0
154.15	0
157.09	0
160.58	0
160.74	0
163.09	0
163.81	0
167.04	0
228.49	1
237.28	0
237.77	0
242.67	0
247.80	1
252.99	0
253.09	1
263.07	0
110.07	0
119.98	0
122.45	0
126.60	0
154.33	0
157.47	0
159.84	0
160.36	0
22.42	1
34.43	1
38.41	1
43.27	1
43.39	1
60.73	0
62.70	1
81.75	0
1.91	1
2.40	1
3.24	1
3.31	1
3.37	1
6.90	1
7.22	1
11.05	1
182.53	0
197.20	0
199.66	0
201.98	0
216.81	0
223.09	0
229.76	0
230.35	0
172.97	0
193.25	0
195.46	0
200.11	0
222.76	0
223.46	0
224.66	0
229.34	0
121.02	0
124.64	0
126.16	0
143.18	0
157.53	0
162.43	0
168.00	0
173.73	0
190.41	0
191.60	0
197.79	0
200.19	0
204.19	0
205.15	0
205.50	0
208.06	0
213.23	0
219.47	0
219.53	0
223.03	0
223.51	0
224.15	0
224.19	0
224.21	0
223.51	0
224.13	0
224.40	0
225.78	0
227.88	0
228.95	0
235.12	0
236.19	0
60.73	1
95.52	0
100.97	0
105.52	0
108.35	0
111.17	0
111.90	0
113.43	0
238.43	0
241.47	0
251.68	0
252.36	0
255.34	0
259.08	0
259.20	0
259.50	0
187.31	0
187.65	0
198.62	0
199.92	0
200.00	0
201.36	0
202.54	0
205.12	0
191.23	0
191.53	0
191.77	0
200.12	0
205.45	0
207.09	0
208.18	0
208.90	0
45.23	1
47.43	1
57.68	1
59.82	1
65.06	1
65.83	1
78.11	0
86.58	1
1.15	1
1.86	1
3.62	1
4.57	1
6.13	1
6.86	1
6.99	1
7.03	1
119.63	0
119.88	0
121.41	0
124.70	0
137.47	0
150.05	0
159.84	0
162.71	0
118.23	0
138.06	0
138.78	0
149.97	0
155.67	0
156.51	0
160.57	0
160.78	0
91.01	0
102.91	0
104.62	0
124.31	0
126.92	0
132.32	0
136.93	0
141.73	0
114.90	0
127.18	0
127.23	0
127.65	0
131.10	0
133.56	0
133.79	0
133.86	0
114.50	1
122.17	1
130.70	0
135.61	0
136.57	0
136.83	0
139.98	0
144.05	0
105.26	1
112.85	1
113.86	1
115.32	1
120.28	1
124.70	1
135.90	1
145.89	0
156.44	0
160.70	0
220.87	0
225.75	0
228.22	0
235.60	0
237.81	0
238.65	0
258.41	0
261.51	0
262.38	0
263.61	0
269.72	0
270.70	0
274.50	0
276.42	0
213.82	0
214.13	0
221.37	0
222.73	0
224.94	0
226.58	0
227.18	0
229.50	0
194.10	0
217.96	0
224.33	0
242.38	0
259.56	0
265.89	0
281.70	0
282.91	0
100.02	1
103.25	1
114.01	1
126.11	1
135.41	1
136.99	1
138.13	1
138.72	0
187.19	0
190.74	0
190.87	0
198.86	0
200.66	0
200.81	0
201.02	0
202.84	0
87.97	1
105.01	0
116.77	0
120.22	0
120.68	1
122.91	0
125.34	0
128.59	0
98.70	0
110.29	1
110.57	1
133.21	1
133.77	1
148.90	1
150.40	1
151.67	1
110.10	1
175.91	0
177.54	0
177.68	0
182.02	0
184.47	0
186.45	0
190.57	0
19.50	1
168.10	0
170.13	0
176.29	0
189.66	0
194.91	0
195.83	0
198.76	0
46.81	1
49.20	1
56.64	1
65.79	1
74.34	1
77.92	1
79.39	1
93.63	1
1.31	1
1.31	1
2.57	1
2.61	1
2.95	1
3.20	1
3.54	1
6.83	1
122.74	1
148.31	1
151.35	1
155.23	1
162.14	0
168.21	0
169.27	0
174.33	0
200.47	0
225.65	0
232.45	0
233.15	0
239.30	0
239.57	0
243.18	0
244.96	0
194.52	0
204.58	0
215.67	0
223.16	0
224.47	0
231.43	0
231.50	0
233.96	0
208.60	1
232.20	0
246.93	0
262.29	1
269.31	1
270.97	1
272.41	1
272.57	1
214.08	0
214.50	1
236.62	0
240.89	0
244.05	1
248.05	0
249.72	0
263.01	0
67.53	1
69.32	1
239.65	0
257.03	0
260.22	0
277.42	0
280.70	0
281.91	0
183.67	0
205.89	0
210.36	1
213.85	0
214.97	0
218.95	0
219.41	0
219.47	0
235.96	0
237.02	0
238.18	0
252.30	0
254.38	0
257.84	0
258.29	0
258.68	0
100.00	1
109.64	0
130.55	0
132.96	0
140.37	0
157.07	0
168.23	0
171.53	0
165.90	0
184.35	1
189.46	1
190.44	1
199.48	0
203.59	1
212.32	1
213.71	1
186.47	0
209.78	0
227.82	0
239.86	0
240.40	0
246.58	0
250.09	0
251.86	0
210.37	0
211.91	0
221.39	0
223.22	0
226.62	0
228.14	0
231.61	0
233.29	0
169.54	0
177.08	0
180.70	0
191.04	0
193.39	0
196.04	0
199.16	0
200.05	0
41.84	1
58.84	1
77.13	1
84.46	0
93.71	0
98.90	0
100.66	0
102.46	0
196.14	0
199.57	0
204.08	0
205.00	0
205.84	0
209.01	0
211.30	0
212.43	0
306.55	0
308.82	0
320.81	0
323.44	0
324.47	0
327.68	0
328.49	0
330.56	0
132.51	0
132.69	0
137.19	0
167.51	0
169.72	0
177.89	0
181.05	0
182.67	0
30.56	1
79.54	0
88.74	1
91.43	0
91.78	0
91.87	0
100.70	0
100.71	0
194.41	0
206.87	0
214.48	0
216.26	0
216.87	0
217.93	0
219.57	0
221.03	0
61.42	1
83.35	1
83.96	1
86.22	1
91.80	0
91.91	1
95.24	1
104.30	1
90.07	1
90.39	1
105.84	1
105.94	1
113.43	1
117.09	1
120.99	0
125.97	1
57.04	1
70.87	1
148.12	0
166.79	0
179.08	0
179.90	0
180.18	0
180.94	0
22.59	1
34.29	1
187.39	0
189.81	0
251.25	0
253.93	0
259.19	0
262.77	0
58.28	1
63.10	1
67.56	0
78.58	1
82.18	0
84.51	0
87.07	0
96.49	1
137.95	0
140.96	1
144.04	1
149.26	1
157.65	1
166.48	1
167.12	1
173.67	0
124.29	0
163.71	0
164.18	0
170.25	0
171.09	0
175.98	0
182.49	0
185.58	0
47.15	1
68.09	1
92.18	1
99.69	1
101.21	1
102.60	1
109.95	0
112.43	0
212.08	0
213.43	0
217.77	0
219.20	0
221.44	0
225.14	0
225.19	0
225.53	0
167.45	0
171.03	0
177.06	0
188.16	0
188.18	0
189.58	0
196.01	0
196.65	0
57.36	0
59.72	1
89.09	1
101.17	1
121.11	0
121.53	0
122.98	0
124.01	0
77.14	0
111.69	0
124.69	0
125.34	1
126.86	1
130.15	0
130.55	0
131.60	0
197.17	0
198.33	0
199.70	0
206.85	0
208.27	0
209.60	0
211.26	0
213.53	0
195.04	0
201.50	0
213.71	0
214.99	0
219.51	0
222.65	0
222.74	0
222.99	0
33.84	1
61.60	1
63.91	1
81.30	1
82.13	1
83.90	0
90.36	0
91.26	0
209.43	0
211.94	0
212.69	0
216.74	0
216.95	0
217.16	0
219.72	0
221.37	0
279.94	0
282.90	0
295.43	0
295.94	0
297.00	0
306.26	0
306.33	0
306.92	0
212.08	0
212.10	0
223.95	0
226.64	0
227.31	0
228.63	0
230.06	0
230.42	0
276.03	0
279.98	0
294.43	0
295.48	0
295.53	0
296.92	0
298.43	0
298.46	0
150.84	0
151.59	0
164.87	0
182.80	0
186.41	0
187.68	0
187.79	0
188.97	0
53.14	1
64.11	1
94.31	1
97.14	0
109.42	0
110.95	0
113.09	0
114.05	0
186.77	0
196.14	0
196.38	0
204.88	0
206.43	0
209.33	0
210.63	0
211.08	0
302.81	0
304.61	0
310.85	0
318.13	0
327.68	0
330.72	0
331.26	0
331.31	0
204.03	0
211.74	0
240.19	0
244.35	0
268.84	0
284.26	0
286.50	0
287.98	0
66.27	1
71.83	0
75.90	0
78.32	1
78.99	0
81.60	1
82.19	0
82.82	1
58.38	1
62.32	1
84.09	1
87.40	1
93.47	1
93.72	1
99.50	1
101.32	1
59.89	1
93.07	1
158.08	0
173.14	0
178.47	0
182.35	0
183.97	0
184.48	0
22.24	1
37.61	1
181.57	0
184.57	0
252.09	0
253.58	0
258.12	0
262.51	0
31.71	1
34.59	1
36.70	1
38.68	1
39.31	1
47.20	1
65.56	1
68.66	1
2.39	1
2.86	1
3.57	1
4.73	1
5.14	1
6.78	1
7.42	1
9.44	1
173.89	0
176.13	0
183.48	0
191.05	0
207.03	0
208.62	0
210.47	0
211.67	0
159.67	0
162.53	0
187.12	0
192.99	0
193.08	0
195.90	0
195.91	0
196.12	0
107.85	1
109.60	1
130.09	1
135.67	0
138.47	0
141.40	0
145.35	1
146.25	1
226.10	1
233.54	1
237.10	0
238.68	1
244.37	1
246.43	1
246.76	1
250.07	1
219.94	0
236.57	0
237.54	0
238.00	0
238.12	0
239.90	0
243.60	0
246.78	0
165.18	1
172.38	0
183.64	0
186.03	0
187.29	0
192.39	0
194.48	0
198.34	1
192.79	0
193.36	0
193.78	0
197.19	0
197.96	0
199.02	0
201.74	0
204.63	0
155.94	0
173.81	0
175.98	0
178.01	0
178.72	0
185.04	0
189.92	0
190.00	0
158.01	0
160.76	0
162.16	0
164.02	1
172.05	0
172.81	0
173.52	0
174.21	1
281.85	0
284.99	0
287.89	0
288.66	0
292.19	0
296.96	0
300.16	0
302.87	0
160.44	0
160.75	0
163.54	0
172.27	0
175.88	0
178.26	0
180.84	0
181.61	0
165.94	0
167.73	0
177.76	0
178.80	0
179.46	0
179.90	0
184.64	0
188.69	0
120.33	0
122.71	0
138.61	0
146.61	0
146.87	0
151.78	0
163.93	0
164.65	0
198.89	0
211.69	0
219.67	0
222.38	0
231.49	0
234.27	0
235.12	0
237.72	0
160.73	0
167.86	1
169.77	1
174.14	0
178.31	0
179.40	0
181.36	0
182.64	0
134.10	1
135.73	1
147.51	1
154.31	1
164.32	1
167.09	1
169.24	0
170.06	1
158.28	0
163.56	0
167.45	0
168.17	0
169.73	0
173.65	0
178.50	0
179.92	0
125.62	0
128.90	0
133.34	0
138.43	0
139.78	0
148.99	0
149.38	0
153.87	0
93.94	1
101.35	1
102.09	1
112.88	1
114.91	1
116.19	1
122.46	1
123.32	1
201.19	0
206.04	0
208.92	0
209.20	0
211.33	0
212.35	0
212.45	0
212.56	0
131.63	0
142.66	0
148.39	0
152.67	0
155.24	0
157.54	0
161.79	0
164.13	0
223.25	0
223.92	0
225.47	0
227.83	0
230.19	0
231.55	0
234.98	0
237.83	0
195.55	0
201.47	0
210.14	0
221.99	0
223.41	0
231.31	0
231.77	0
234.12	0
206.81	0
209.50	0
225.01	0
231.90	0
235.13	0
236.48	0
239.85	0
240.54	0
18.45	1
23.05	1
36.92	1
37.22	1
40.16	1
43.17	1
43.95	1
45.37	1
1.13	1
1.23	1
1.99	1
2.47	1
3.01	1
3.18	1
3.59	1
3.60	1
91.59	0
95.40	1
165.62	0
166.01	0
168.56	0
177.34	0
182.48	0
182.77	0
143.45	0
191.86	0
193.61	0
196.89	0
198.58	0
198.67	0
200.46	0
201.69	0
90.06	1
111.02	1
118.02	1
120.70	1
132.39	0
135.57	0
140.58	1
142.00	1
194.03	0
210.87	0
223.98	0
239.76	0
249.80	0
258.35	0
264.52	0
268.93	0
135.81	0
140.95	0
142.72	0
150.93	0
154.43	0
158.72	0
168.48	0
171.38	0
135.50	1
136.76	1
144.79	1
156.32	1
156.53	1
167.65	1
168.99	1
171.88	1
42.33	1
87.72	1
89.43	1
92.93	1
93.63	0
108.52	0
109.67	1
110.77	1
41.20	1
77.15	1
78.25	0
149.84	0
150.61	0
153.91	0
156.36	0
157.73	0
9.37	1
15.15	1
166.29	0
167.08	0
169.16	0
182.21	0
193.94	0
198.46	0
50.35	1
60.66	1
92.58	0
95.31	0
96.84	0
100.13	0
100.73	0
101.77	0
1.83	1
1.85	1
4.93	1
4.93	1
5.13	1
5.22	1
5.42	1
6.25	1
125.88	0
130.65	0
148.49	0
168.84	0
173.57	0
173.75	0
175.54	0
192.22	0
49.72	1
50.30	1
54.03	1
55.20	1
61.13	1
62.64	1
68.86	1
72.09	0
151.89	1
152.64	1
159.23	1
165.19	1
165.92	1
167.15	1
171.08	1
171.42	1
206.39	0
207.28	0
207.31	0
210.56	0
211.29	0
212.55	0
213.14	0
213.27	0
139.08	0
140.05	0
147.31	0
157.62	0
163.30	0
170.11	0
177.59	0
182.78	0
177.87	0
179.87	0
180.03	0
180.24	0
184.04	0
187.40	0
195.81	0
199.55	0
56.83	1
60.89	1
73.30	1
76.00	1
82.68	0
86.02	1
90.39	1
101.87	1
158.67	1
159.18	1
168.51	1
169.76	1
178.00	0
180.12	1
181.86	1
187.54	0
202.67	0
205.17	0
207.10	0
211.45	0
212.27	0
213.00	0
215.02	0
216.58	0
156.34	0
156.70	0
176.85	0
179.80	0
180.36	0
181.03	0
181.16	0
182.02	0
136.57	0
138.12	0
146.87	0
150.57	1
150.92	0
152.33	0
152.80	0
157.61	0
70.25	0
77.90	0
78.99	0
81.00	1
83.02	1
91.71	0
99.44	0
116.28	0
172.90	1
174.33	1
176.23	1
176.61	1
182.00	0
183.40	0
188.31	1
189.80	1
214.28	0
230.91	0
232.37	0
235.61	0
238.35	0
242.71	0
244.52	0
246.12	0
233.10	0
239.09	0
252.49	0
254.83	0
256.42	0
256.46	0
258.37	0
258.42	0
134.71	0
151.69	0
161.85	0
165.54	0
170.53	0
170.68	0
170.82	0
171.42	0
92.14	1
103.19	1
104.05	1
109.97	1
117.58	1
118.24	1
121.48	1
121.89	1
112.04	0
142.20	0
170.51	0
172.61	0
173.46	0
185.03	0
194.05	0
195.52	0
78.15	1
111.78	1
123.76	1
127.43	0
131.69	0
132.24	1
132.32	0
133.32	1
59.65	1
72.65	1
77.44	1
80.78	1
106.38	0
111.35	1
112.91	0
114.91	1
42.63	1
67.96	1
88.23	1
96.91	0
97.67	0
124.19	0
131.71	0
153.43	0
11.21	1
12.08	1
15.32	1
165.22	0
166.55	0
169.63	0
179.95	0
195.59	0
32.65	0
85.17	1
100.13	0
181.79	0
208.07	0
212.85	0
214.44	0
215.17	0
6.42	1
83.73	0
97.01	0
101.09	0
101.98	0
108.08	0
108.33	0
110.63	0
13.82	1
112.99	0
141.02	0
142.26	0
148.19	0
151.69	1
152.19	1
153.02	0
15.64	1
114.43	0
161.32	0
163.50	0
190.29	0
215.02	0
215.53	0
221.87	0
17.80	1
111.49	1
131.08	1
131.59	1
157.80	1
160.93	1
164.00	0
171.65	1
7.47	1
61.08	1
76.80	1
97.29	0
108.15	0
114.69	1
118.43	1
124.22	0
4.57	1
6.56	1
8.27	1
8.44	1
9.67	1
13.09	1
13.70	1
14.47	1
2.40	1
6.27	1
6.36	1
7.98	1
8.30	1
8.61	1
14.50	1
15.35	1
16.68	1
212.77	0
214.98	0
215.04	0
222.12	0
222.16	0
223.12	0
224.07	0
12.12	1
334.29	0
357.15	0
358.02	0
374.19	0
378.32	0
381.12	0
381.28	0
6.69	1
137.39	0
144.35	0
144.99	0
148.01	0
148.50	0
149.08	0
149.50	0
7.47	1
121.44	0
122.14	0
149.56	0
183.90	0
185.78	0
207.78	0
208.46	0
18.41	1
78.08	1
78.11	1
80.90	0
92.91	0
101.70	0
113.75	0
116.04	1
66.16	1
129.97	0
141.31	0
143.74	1
151.25	1
166.15	0
166.44	0
173.43	0
131.23	0
183.08	0
202.61	0
214.14	0
215.07	0
219.77	0
222.75	0
226.74	0
162.24	0
201.80	0
219.43	1
222.11	0
224.36	1
236.68	1
237.89	1
238.71	0
112.58	1
144.51	1
205.61	0
208.36	0
213.75	0
220.42	0
231.99	0
243.37	0
5.92	1
6.39	1
113.50	0
116.26	0
116.57	0
116.88	0
118.89	0
119.55	0
91.95	1
98.94	1
106.37	1
111.99	1
120.73	1
126.15	1
130.90	1
136.25	1
87.10	1
96.21	1
112.41	0
133.21	1
135.75	1
156.38	1
161.00	1
161.53	1
102.37	1
106.28	1
137.36	0
171.08	0
184.95	0
186.15	0
189.87	0
199.02	0
28.92	1
42.80	1
186.14	1
195.93	1
205.19	0
210.09	1
223.65	0
224.65	0
7.78	1
9.85	1
16.12	1
28.60	1
29.39	1
127.29	0
184.74	0
187.77	0
92.07	0
136.87	0
141.26	0
145.90	0
146.12	0
148.59	0
153.37	0
156.46	1
37.80	1
54.57	1
64.65	1
90.97	0
103.15	1
110.46	0
110.88	1
111.54	0
9.95	1
12.13	1
12.20	1
13.68	1
13.91	1
14.16	1
17.81	1
18.80	1
5.37	1
5.93	1
7.11	1
7.30	1
8.13	1
8.47	1
16.64	1
18.15	1
122.86	0
134.23	0
134.97	0
149.74	0
156.15	0
157.62	0
159.93	0
162.54	0
71.42	1
77.35	1
89.09	1
114.09	0
138.86	0
141.19	0
141.22	0
141.66	0
129.72	1
138.48	0
138.98	0
146.75	1
170.97	0
187.68	0
204.09	0
210.57	0
40.86	1
49.39	1
60.81	1
75.02	0
97.45	0
101.64	0
102.66	0
103.37	0
31.33	1
71.19	0
97.81	0
102.89	0
121.72	0
122.22	0
123.46	0
130.66	0
126.12	0
145.68	0
154.17	0
178.79	0
179.03	0
179.12	0
182.69	0
183.47	0
59.16	0
83.56	0
98.23	0
119.43	0
125.50	0
127.15	0
128.55	0
142.52	0
21.64	1
110.50	0
111.34	0
115.18	0
148.35	0
158.25	0
164.64	0
165.80	0
13.00	1
21.29	1
24.58	1
33.48	1
33.81	1
34.00	1
34.11	1
40.38	1
0.99	1
1.90	1
2.33	1
2.35	1
3.40	1
3.67	1
3.71	1
6.90	1
163.50	1
177.90	0
182.53	0
184.68	0
185.59	0
186.13	0
187.27	0
192.44	1
290.31	0
295.23	0
297.44	0
299.25	0
300.81	0
303.10	1
304.99	0
312.03	0
336.27	0
340.27	0
353.23	0
356.03	0
365.02	1
368.19	0
370.41	0
374.91	1
263.90	0
266.35	0
272.99	0
283.13	0
283.79	0
283.81	0
284.79	0
285.95	0
282.75	0
283.41	0
288.53	0
289.37	0
290.81	0
292.83	0
293.56	0
296.18	0
155.59	0
158.34	0
168.89	0
173.41	0
176.16	0
178.32	0
187.48	0
187.58	0
204.06	0
206.96	0
207.54	0
220.59	1
223.10	0
225.60	1
226.06	1
227.99	1
305.82	0
307.98	0
310.81	0
317.28	0
320.05	0
320.12	0
320.45	0
321.20	0
225.24	0
228.61	0
232.85	0
233.38	0
238.21	0
238.51	0
239.16	0
239.69	0
220.24	0
227.39	1
228.59	1
229.47	1
229.55	1
230.72	1
231.97	1
237.68	1
282.77	0
287.62	0
297.58	0
298.77	0
300.73	0
304.29	0
310.85	0
312.78	0
395.70	0
397.06	0
397.42	0
399.96	0
402.81	0
415.61	0
417.16	0
417.26	0
350.68	0
362.14	0
363.64	0
363.80	0
363.86	0
364.00	0
370.73	1
372.73	0
267.41	0
273.20	0
280.58	0
282.70	1
284.52	0
287.52	0
287.90	0
291.21	1
285.81	0
296.52	0
297.20	0
297.56	0
297.93	0
298.20	0
300.05	0
305.50	0
268.76	0
273.13	0
277.48	0
296.27	0
301.75	0
302.61	0
303.64	0
309.31	0
339.50	0
342.60	0
343.97	0
344.54	0
354.69	0
355.06	0
357.40	0
359.76	0
171.98	0
172.83	0
173.30	0
174.46	0
174.58	0
182.65	0
186.16	0
187.26	0
269.43	0
270.36	0
271.90	0
273.34	0
277.30	1
277.90	0
278.68	0
280.98	1
271.25	0
273.32	0
281.36	0
298.33	0
299.70	0
300.34	0
305.57	0
311.75	0
550.34	0
555.02	0
558.34	0
558.72	0
561.29	0
565.60	0
565.69	0
566.45	0
147.74	0
206.68	0
208.06	0
208.94	0
209.50	0
209.98	0
212.39	0
215.50	0
388.22	0
391.61	0
394.29	0
398.40	0
403.48	0
404.19	0
404.94	0
405.48	0
134.23	0
134.47	0
134.58	0
139.84	0
143.56	0
148.31	0
149.54	0
149.75	0
399.54	0
415.57	1
421.46	0
421.54	0
421.78	0
422.53	0
425.73	0
431.04	0
456.08	0
469.96	0
470.80	0
471.53	0
472.99	0
474.14	0
475.23	0
475.30	0
305.14	0
306.22	0
312.07	0
319.10	0
321.88	0
324.20	0
326.53	0
326.65	0
615.78	0
620.02	0
630.16	0
639.24	0
641.96	0
642.96	0
643.32	0
646.32	0
534.25	0
543.15	0
543.41	0
545.08	0
547.13	0
548.45	0
548.50	0
548.92	0
452.47	0
469.26	0
471.85	0
471.87	0
471.88	0
473.55	0
474.49	0
474.53	0
219.93	0
222.67	0
228.15	0
240.01	0
243.78	0
244.80	0
246.34	0
246.78	0
518.91	0
558.15	0
558.39	0
559.69	0
561.29	0
563.39	0
563.65	0
564.11	0
504.64	0
515.00	0
516.67	0
518.01	0
540.37	0
545.41	0
548.43	0
548.60	0
365.34	0
414.59	0
424.40	0
426.65	0
427.64	0
428.42	0
428.80	0
429.76	0
146.77	1
148.81	1
152.62	1
158.16	1
164.27	1
165.16	1
165.52	1
169.68	1
30.54	1
30.57	1
30.72	1
31.81	1
32.06	1
34.38	1
34.50	1
34.96	1
284.46	1
284.84	0
290.67	0
312.43	0
317.83	0
325.13	0
325.30	1
330.13	0
131.95	0
185.44	0
226.70	0
233.37	0
251.20	0
263.97	0
266.97	0
267.25	0
302.73	0
308.66	0
311.19	0
311.97	0
344.99	0
350.38	0
354.24	0
364.09	0
230.73	0
248.38	0
252.83	0
261.03	0
302.16	0
304.59	0
306.23	0
310.07	0
253.64	0
254.56	0
260.25	0
272.42	0
278.76	0
318.76	0
319.38	0
321.10	1
251.08	0
338.27	0
353.33	0
358.76	0
362.40	0
380.91	0
389.63	0
393.43	0
190.21	0
228.78	0
239.33	1
243.49	0
246.30	0
247.38	1
259.46	0
264.17	0
212.70	0
220.80	0
236.17	0
244.29	0
267.41	0
294.81	0
299.14	0
300.55	0
218.15	1
240.62	0
252.96	0
253.08	0
253.79	0
263.64	0
266.29	0
269.08	0
260.67	0
267.55	0
289.84	0
299.21	0
304.48	0
304.77	0
306.36	0
307.07	0
256.83	0
279.08	0
284.31	0
292.32	0
295.22	1
300.41	1
301.82	1
315.30	1
258.61	1
266.54	1
266.97	1
269.41	1
270.55	1
274.89	1
275.19	1
279.14	1
115.84	0
116.98	0
146.35	0
148.40	0
151.12	0
151.63	0
151.73	0
152.47	0
187.48	0
188.33	0
207.27	0
210.73	0
210.89	0
211.75	0
213.02	0
216.84	0
265.90	0
270.41	0
283.56	0
285.53	0
286.46	0
289.10	0
291.04	0
292.05	0
242.61	0
253.17	0
254.11	1
267.26	1
268.77	0
269.21	0
273.85	0
274.73	0
279.09	0
283.14	0
287.61	0
291.74	0
296.23	0
296.85	0
297.92	0
301.57	0
281.88	0
283.91	0
287.51	0
293.48	0
297.75	0
306.52	0
313.94	0
314.45	0
224.54	0
256.33	0
259.21	0
259.51	0
260.11	0
262.42	0
265.62	0
271.67	0
252.85	0
252.93	0
253.96	0
254.85	0
255.31	0
257.24	0
258.26	0
262.12	0
200.08	0
200.52	0
249.52	0
256.12	0
264.80	0
267.01	0
269.54	0
270.02	0
225.68	0
230.56	0
231.95	0
232.05	0
237.26	0
238.14	0
241.53	0
241.79	0
310.50	0
353.70	0
382.15	0
384.49	0
387.63	0
388.21	0
388.67	0
403.96	0
241.81	0
245.72	0
245.93	0
246.41	0
246.67	0
248.07	0
251.59	0
252.72	0
249.98	0
375.19	0
376.96	0
386.53	0
387.47	0
394.91	0
395.73	0
401.09	0
493.07	0
494.31	0
495.78	0
497.27	0
497.48	0
499.37	0
503.14	0
503.76	0
178.95	0
179.23	0
180.23	0
181.23	0
184.18	0
187.68	0
191.40	0
191.57	0
315.94	0
318.47	0
319.30	0
325.78	0
326.86	0
327.60	0
330.57	0
331.29	0
198.76	1
202.72	1
235.58	1
317.89	0
324.21	0
325.03	0
338.26	0
340.52	0
353.45	0
367.13	0
379.22	0
381.19	0
395.48	0
395.72	0
397.31	0
401.40	0
273.73	0
279.50	1
282.39	0
284.06	1
284.11	1
295.05	0
296.27	1
296.83	0
262.04	0
285.26	0
295.68	0
310.11	0
310.16	0
310.47	0
312.07	0
313.09	0
152.63	1
155.00	1
159.33	1
172.35	1
173.93	1
177.11	0
179.59	0
179.96	1
487.62	0
489.14	0
504.41	0
504.43	0
505.94	0
509.65	0
510.45	0
511.98	0
374.95	0
379.10	0
382.93	0
385.10	0
385.27	0
385.61	0
387.56	0
392.45	0
366.73	0
366.88	0
367.55	0
368.76	0
368.89	0
369.73	0
369.80	0
370.67	0
215.39	0
223.73	0
226.08	0
226.91	0
228.46	0
228.78	0
230.58	0
230.68	0
303.72	0
312.31	0
313.08	0
314.25	0
317.12	0
321.99	0
324.64	0
328.77	0
493.69	0
506.79	0
507.25	0
507.58	0
513.50	0
514.49	0
518.25	0
522.31	0
195.28	0
198.24	0
201.02	0
207.05	0
208.83	0
216.16	0
216.51	0
218.45	0
213.02	0
217.35	0
218.79	0
221.74	0
226.69	0
227.72	0
229.62	0
231.77	0
151.74	0
155.79	0
161.95	0
163.98	0
164.82	0
168.10	0
168.14	0
170.14	0
133.33	0
138.36	0
141.90	0
143.51	0
149.75	0
155.03	0
158.27	0
159.37	0
152.18	0
153.74	0
163.92	0
164.37	0
168.71	0
169.51	0
170.33	0
172.61	0
183.16	0
187.40	0
202.77	0
207.65	0
211.06	0
211.29	0
211.32	0
211.50	0
101.93	1
103.70	0
109.48	0
109.87	0
111.55	0
112.13	0
112.93	0
113.90	1
143.11	0
143.31	0
145.49	0
145.95	0
152.30	0
159.93	0
160.03	0
160.26	0
107.63	0
111.08	0
122.24	0
124.85	0
125.24	0
128.32	0
128.63	0
133.53	0
113.09	0
115.91	0
135.07	0
135.90	0
136.79	0
137.99	0
138.43	0
139.81	0
129.70	0
135.63	0
153.49	0
154.15	0
161.46	0
161.95	0
162.58	0
163.76	0
110.63	0
115.57	0
126.18	0
127.81	0
131.22	0
133.57	0
134.42	0
135.09	0
95.72	0
98.43	0
100.33	0
106.67	0
107.68	0
108.06	0
108.99	0
109.28	0
99.24	1
151.47	0
152.68	0
154.81	0
157.77	0
158.52	0
159.41	0
161.37	0
129.84	0
129.94	0
133.27	0
137.40	0
137.44	0
142.19	0
145.66	0
145.98	0
100.04	0
104.03	0
122.86	0
129.89	0
131.70	0
134.59	0
136.10	0
136.56	0
100.19	0
100.89	0
109.64	0
110.56	0
115.17	0
116.70	0
116.80	0
117.12	0
103.42	0
106.47	0
124.14	0
124.74	0
127.45	0
129.50	0
130.13	0
131.00	0
97.46	0
101.33	0
106.60	0
139.32	0
142.63	0
144.10	0
146.20	0
146.65	0
91.65	0
93.28	0
96.51	0
109.04	0
112.80	0
114.43	0
115.94	0
116.46	0
186.18	0
208.99	0
209.49	0
211.93	0
213.97	0
215.43	0
216.90	0
218.49	0
208.12	0
216.60	0
217.94	0
219.80	0
220.78	0
237.34	0
243.73	0
244.24	0
106.96	1
108.65	1
110.44	1
117.17	1
117.70	0
118.60	0
122.39	1
124.49	1
27.15	1
40.80	1
44.06	1
44.22	1
44.67	1
44.85	1
44.97	1
45.12	1
200.57	0
230.51	0
233.94	0
234.73	0
235.62	0
242.63	0
243.36	0
244.42	0
172.81	0
173.45	0
174.24	0
180.86	0
184.58	0
188.76	0
192.78	0
194.17	0
177.22	0
178.48	0
183.00	0
183.07	0
185.32	0
185.76	0
188.19	0
190.95	0
91.22	0
95.12	0
97.18	0
113.02	0
125.78	0
126.20	0
127.15	0
130.03	0
14.94	1
19.99	1
87.96	0
89.03	0
90.13	0
92.49	0
94.97	0
96.10	0
151.10	0
157.59	0
159.23	0
159.25	0
160.76	0
163.23	0
172.06	0
172.89	0
116.85	0
117.83	0
120.24	0
137.06	0
139.58	0
141.19	0
143.49	0
143.50	0
147.45	0
150.73	0
153.33	0
153.77	0
165.51	0
169.04	0
172.57	0
174.49	0
89.33	0
94.01	0
112.98	0
114.65	0
117.42	0
123.21	0
128.16	0
128.76	0
177.02	0
177.94	0
184.67	0
190.53	0
190.68	0
193.10	0
197.74	0
201.81	0
103.50	0
104.64	0
108.88	0
110.70	0
117.29	0
118.90	0
120.37	0
123.31	0
158.42	0
158.44	0
163.72	0
173.79	0
180.90	0
182.00	0
187.19	0
187.71	0
116.59	0
122.19	0
138.26	0
140.66	0
141.60	0
142.85	0
143.42	0
144.56	0
89.94	0
94.09	0
94.72	0
117.52	0
128.01	0
128.67	0
129.76	0
130.76	0
10.32	1
15.31	1
81.73	0
84.04	0
88.72	0
90.63	0
91.96	0
92.16	0
166.49	0
169.07	0
170.00	0
170.15	0
170.46	0
176.80	0
179.75	0
188.72	0
111.71	0
118.80	0
122.78	0
142.92	0
145.22	0
146.08	0
146.45	0
149.64	0
155.12	0
156.00	0
161.68	0
164.98	0
177.75	0
180.92	0
182.67	0
184.58	0
106.58	0
115.36	0
121.04	0
132.23	0
133.16	0
137.45	0
139.15	0
140.83	0
137.30	1
157.47	0
160.29	1
162.85	0
165.54	0
170.91	0
171.08	0
172.43	0
168.25	0
172.47	0
172.60	0
190.73	0
190.87	0
195.09	0
200.38	0
200.91	0
135.88	0
139.95	0
149.24	0
160.40	0
160.55	0
161.10	0
163.66	0
167.29	0
117.40	0
121.29	0
127.24	0
128.06	0
128.07	0
129.28	0
130.39	0
130.39	0
141.03	0
144.22	0
160.76	0
165.63	0
166.16	0
167.55	0
168.24	0
169.63	0
107.75	0
110.87	0
116.93	0
124.92	0
126.75	0
127.32	0
128.76	0
129.28	0
231.77	0
234.48	0
235.36	0
239.58	0
240.08	0
241.19	0
245.17	0
246.29	0
160.89	0
178.58	0
182.95	0
188.23	0
191.19	0
191.22	0
192.31	0
194.13	0
412.50	0
414.27	0
415.09	0
417.45	0
425.00	0
425.47	0
428.52	0
432.89	0
212.63	0
219.84	0
219.96	0
223.68	0
223.68	0
225.44	0
226.19	0
227.21	0
265.24	0
265.57	0
267.42	0
269.21	0
272.69	0
273.43	0
274.02	0
274.76	0
731.52	0
734.24	0
745.89	0
749.75	0
750.80	0
754.00	0
757.29	0
758.31	0
135.91	0
136.70	0
138.36	0
150.43	0
153.58	0
153.68	0
154.60	0
155.83	0
63.29	0
69.46	0
78.45	0
81.89	0
82.58	0
86.07	0
86.09	0
93.88	0
52.22	0
57.64	0
74.52	0
78.92	0
83.25	0
84.39	0
86.68	0
92.96	0
50.81	0
56.29	0
81.50	0
86.33	0
92.16	0
92.58	0
93.13	0
98.16	0
169.56	0
170.24	0
170.58	0
174.64	0
176.64	0
177.54	0
177.99	0
178.56	0
321.89	0
338.58	0
341.04	0
343.74	0
344.20	0
346.17	0
348.28	0
351.94	0
520.29	1
529.00	1
530.41	1
534.83	1
536.12	1
537.67	1
538.53	0
538.92	1
301.40	0
301.41	0
301.91	0
302.26	0
302.52	0
302.84	0
305.85	0
306.99	0
154.95	0
171.49	0
175.66	0
180.56	0
182.06	0
182.09	0
185.95	0
186.94	0
429.81	0
434.03	0
434.94	0
436.36	0
439.01	0
440.61	0
442.60	0
442.64	0
204.86	0
215.14	0
215.69	0
217.09	0
218.57	0
220.27	0
220.93	0
222.40	0
423.09	0
424.11	0
425.16	0
426.64	0
427.12	0
427.29	0
428.30	0
429.24	0
564.53	0
569.53	0
574.64	0
577.84	0
588.33	0
590.41	0
590.48	0
596.25	0
43.99	1
53.28	1
53.64	1
53.92	0
54.47	1
55.83	1
56.23	1
57.07	1
108.51	1
115.42	1
127.32	1
135.19	1
146.45	0
159.19	0
160.42	0
166.04	0
34.12	1
106.09	1
169.09	0
174.70	0
186.39	0
198.41	0
201.04	0
205.25	0
6.56	1
59.51	1
144.04	0
144.31	0
145.33	0
150.20	0
150.58	0
150.97	0
20.45	1
41.38	1
163.29	0
165.29	0
167.97	0
168.27	0
168.29	0
168.46	0
68.26	1
72.51	1
77.64	1
79.81	1
88.96	0
90.53	0
92.32	0
97.98	0
112.49	0
114.95	0
116.26	0
117.46	0
118.10	0
118.45	0
120.51	0
120.78	0
28.03	1
28.93	1
29.62	0
36.09	1
41.84	1
47.40	0
48.25	1
49.59	0
2.83	1
3.02	1
3.09	1
3.45	1
3.67	1
4.26	1
4.55	1
4.72	1
136.67	0
140.17	0
143.79	0
146.12	0
147.92	0
152.36	0
157.06	0
161.30	0
211.60	0
296.40	0
300.07	0
300.69	0
302.96	0
304.93	0
305.31	0
307.02	0
127.95	1
144.09	0
144.55	1
148.36	1
163.73	1
163.96	1
165.89	0
165.99	0
168.54	0
208.05	0
212.20	0
212.42	0
219.21	0
219.98	0
229.05	0
229.81	0
30.67	1
126.94	0
129.92	0
140.75	0
143.01	0
144.09	0
145.39	0
165.26	0
238.77	0
247.30	0
249.73	0
254.72	0
258.39	0
259.07	0
260.37	0
262.23	0
63.42	1
64.03	1
79.65	1
81.74	1
99.94	1
100.88	0
101.11	0
101.14	0
158.21	0
159.28	0
162.77	0
164.77	0
168.08	0
169.84	0
170.72	0
172.98	0
94.63	1
96.80	1
101.76	0
104.99	1
123.72	1
125.08	0
128.15	0
129.44	1
199.20	0
207.62	0
260.18	0
260.45	0
273.07	0
274.66	0
276.08	0
281.03	0
20.21	1
22.18	1
22.96	1
25.49	1
26.67	1
26.67	1
40.06	1
42.73	1
2.19	1
2.20	1
2.55	1
2.64	1
2.78	1
2.99	1
3.83	1
4.15	1
74.64	0
109.25	0
110.08	0
114.95	0
124.15	0
137.06	0
139.39	0
142.07	0
467.83	0
470.40	0
471.31	0
475.22	0
476.76	0
477.80	0
483.04	0
485.23	0
216.31	0
226.77	0
228.71	0
229.73	0
230.23	0
232.75	0
236.24	0
236.37	0
292.51	0
292.75	0
293.47	0
297.15	0
297.86	0
300.38	0
300.75	0
300.95	0
194.56	1
205.47	0
206.99	0
209.44	0
213.10	0
213.60	0
214.78	0
215.86	0
206.50	0
221.86	0
223.81	0
224.18	0
224.94	0
228.01	0
230.15	0
230.48	0
232.04	0
235.58	0
247.78	0
250.26	0
251.59	0
251.91	0
252.47	0
252.93	0
310.01	0
311.03	0
312.39	0
316.17	0
322.24	0
330.25	0
330.76	0
332.42	1
234.38	0
239.57	0
241.56	0
243.23	0
246.36	0
246.72	0
247.19	0
247.88	0
87.84	1
121.76	0
131.12	0
137.88	0
139.23	0
139.43	0
142.27	0
142.38	0
108.98	1
235.00	0
236.94	0
237.21	0
237.70	0
239.27	0
239.91	0
242.09	0
72.45	0
81.53	0
81.55	0
82.68	0
83.47	1
91.92	0
92.61	0
95.32	0
10.61	1
11.64	1
12.22	1
12.50	1
13.06	1
13.11	1
13.36	1
13.47	1
184.61	0
192.76	0
193.41	0
197.06	0
199.77	0
200.39	0
200.86	0
202.05	0
152.43	1
157.00	1
187.65	1
201.01	1
346.74	0
348.64	0
348.68	0
348.96	0
187.17	0
190.80	0
193.11	0
195.40	0
196.25	0
206.59	0
206.72	0
208.57	0
136.03	0
140.68	0
143.34	0
145.37	0
149.09	0
151.90	0
158.24	0
158.99	0
64.57	1
112.52	0
113.60	0
115.35	1
117.68	0
118.14	0
118.49	0
119.43	0
16.35	1
27.16	1
28.12	1
29.46	1
29.64	1
29.87	1
29.89	1
29.93	1
78.90	0
182.44	0
183.24	0
187.06	0
190.12	0
190.35	0
190.87	0
192.89	0
327.88	0
327.93	0
334.02	0
335.64	0
336.10	0
336.54	0
337.02	0
337.51	0
58.39	1
58.43	1
58.89	1
62.83	1
63.64	1
65.93	1
67.06	1
69.30	1
111.49	0
117.93	1
149.10	0
157.47	0
161.76	0
170.59	0
183.43	0
184.90	0
34.87	1
36.50	1
55.68	1
75.94	0
77.78	0
78.20	0
78.78	0
79.41	0
6.92	1
7.57	1
12.64	1
14.40	1
14.71	1
14.82	1
15.43	1
15.53	1
44.26	0
45.93	0
46.27	0
46.32	0
47.44	0
47.55	0
47.57	0
47.74	0
141.17	1
153.55	1
160.64	0
161.07	1
164.30	0
166.82	1
171.61	0
174.66	1
5.70	1
7.40	1
8.65	1
9.12	1
9.44	1
9.58	1
10.47	1
10.80	1
172.00	0
204.33	0
218.19	0
228.62	0
233.52	0
243.72	0
243.96	0
251.81	0
153.00	0
154.79	0
157.15	0
157.88	0
158.14	0
158.52	0
158.94	0
159.08	0
444.31	0
451.22	0
456.79	0
457.60	0
459.38	0
460.60	0
461.66	0
461.74	0
136.22	0
137.74	0
149.11	0
154.25	0
154.67	0
156.11	0
156.42	0
157.39	0
30.87	1
115.47	0
115.97	0
116.03	0
116.92	0
119.38	0
119.42	0
121.85	0
25.22	1
27.56	1
35.13	1
37.12	1
38.95	1
45.35	1
49.89	1
55.38	1
12.98	1
13.41	1
14.60	1
15.30	1
15.66	1
16.17	1
16.68	1
16.70	1
122.96	0
124.16	0
125.31	0
125.50	0
126.94	0
129.51	0
129.68	0
130.50	0
154.39	0
186.16	0
186.72	0
188.44	0
189.22	0
191.24	0
193.50	0
197.15	0
89.58	0
109.48	0
111.30	0
113.05	0
113.98	0
118.25	0
119.74	0
120.84	0
101.73	0
103.16	0
104.17	0
104.80	0
106.66	0
108.66	0
110.59	0
114.29	0
199.46	0
199.73	0
200.13	0
203.49	0
206.30	0
207.30	0
208.55	0
209.32	0
148.06	0
156.55	0
173.55	0
178.99	0
183.02	0
185.74	0
188.32	0
188.74	0
43.91	1
114.51	0
114.59	0
117.34	0
122.55	0
122.73	0
127.13	0
130.03	0
47.18	1
104.92	0
105.16	0
105.64	0
110.74	0
110.83	0
111.92	0
112.03	0
90.90	1
95.73	1
130.98	0
134.04	0
136.61	0
137.89	0
140.38	0
140.75	0
104.71	0
106.42	0
108.58	0
109.63	0
109.89	0
110.89	0
115.62	0
118.87	0
61.67	1
103.85	0
106.01	0
106.16	0
106.39	0
108.52	0
109.27	0
109.94	0
9.67	1
11.30	1
12.22	1
12.23	1
12.29	1
13.48	1
13.69	1
13.71	1
160.29	0
162.78	0
164.85	0
166.14	0
168.37	0
169.92	0
174.06	0
174.76	0
93.19	0
100.62	0
104.37	0
104.43	0
104.59	0
106.37	0
110.75	0
111.05	0
49.64	1
55.32	1
77.07	0
79.42	0
80.28	0
85.16	0
85.66	0
85.99	0
76.03	0
76.94	0
80.19	0
83.58	0
88.40	0
90.55	0
90.75	0
94.60	0
25.23	1
29.10	1
35.31	0
36.79	1
37.43	1
37.52	1
37.74	1
38.72	1
