182.78	0
192.94	0
204.08	0
210.07	0
247.25	0
256.99	0
279.04	0
281.84	0
179.38	0
207.34	0
216.69	0
239.88	0
254.45	0
298.33	0
303.92	0
305.07	0
273.24	0
276.78	0
285.16	0
308.41	0
324.58	0
349.29	0
367.67	0
370.17	0
151.87	0
194.29	0
198.47	0
255.41	0
258.09	0
273.97	0
285.05	0
298.42	0
82.57	0
191.58	0
224.05	0
263.03	0
263.11	0
293.68	0
298.65	0
298.87	0
28.35	0
140.97	0
171.44	0
203.63	0
207.00	0
223.34	0
224.96	0
243.88	0
521.21	0
525.38	0
582.62	0
588.82	0
591.10	0
591.48	0
596.11	0
600.46	0
191.83	0
258.48	0
270.10	0
294.56	0
297.07	0
338.36	0
350.40	0
357.37	0
27.47	1
142.54	0
170.81	0
203.82	0
209.71	0
210.85	0
215.29	0
240.20	0
127.22	0
153.33	0
156.03	0
160.92	0
177.41	0
193.70	0
195.96	0
202.20	0
313.84	0
332.71	0
365.95	0
374.10	0
385.19	0
390.47	0
391.30	0
403.88	0
143.30	1
181.67	0
183.81	0
193.29	0
205.79	0
214.95	0
220.24	0
222.88	0
166.12	0
177.65	0
205.77	0
244.78	0
256.58	0
291.47	0
294.76	0
295.40	0
449.00	0
563.54	0
574.11	0
599.66	0
602.47	0
606.86	0
617.98	0
620.64	0
432.88	0
437.96	0
439.43	0
440.40	0
446.15	0
463.73	0
470.87	0
471.14	0
127.49	0
133.99	0
152.18	0
155.44	0
167.88	0
181.28	0
213.61	0
226.27	0
256.76	0
258.20	0
260.25	0
268.88	0
285.41	0
292.08	0
305.67	0
315.75	0
289.26	0
291.94	0
310.24	0
316.24	0
325.28	0
325.55	0
326.61	0
328.87	0
104.22	0
110.61	0
128.85	0
134.11	0
174.16	0
176.36	0
211.33	0
218.19	0
212.29	0
213.48	0
221.03	0
248.93	0
258.10	0
264.42	0
270.67	0
296.52	0
332.22	0
339.43	0
348.90	0
352.13	0
354.45	0
355.41	0
361.67	0
361.96	0
236.60	0
244.70	0
256.56	0
260.76	0
261.15	0
262.78	0
263.04	0
271.13	0
291.80	0
292.40	0
293.71	0
297.61	0
309.58	0
310.39	0
311.39	0
312.22	0
100.27	0
102.38	0
122.19	0
136.54	0
165.56	0
198.55	0
214.70	0
225.01	0
198.66	0
207.54	0
218.57	1
220.48	0
265.33	0
265.68	0
284.25	0
297.80	0
80.94	1
85.08	0
97.74	1
145.46	0
182.13	0
199.01	0
218.31	0
228.21	0
274.49	0
314.65	0
317.13	0
330.28	0
331.07	0
354.26	0
355.39	0
360.18	0
628.30	0
639.52	0
639.55	0
656.72	0
657.67	0
660.83	0
668.31	0
668.71	0
642.60	0
645.06	0
669.75	0
672.17	0
675.10	0
682.04	0
684.03	0
689.82	0
716.99	0
734.33	0
760.09	0
769.76	0
776.99	0
779.51	0
779.55	0
782.49	0
882.30	0
892.07	0
892.33	0
897.35	0
906.02	0
906.81	0
907.58	0
917.93	0
484.24	0
495.76	0
496.92	0
512.26	0
512.82	0
535.56	0
540.72	0
541.67	0
217.44	0
226.01	0
278.88	0
282.35	0
291.99	0
307.55	0
309.47	0
317.32	0
227.33	0
233.52	0
272.45	0
290.85	0
298.09	0
300.04	0
300.40	0
303.08	0
258.18	0
304.65	0
317.91	0
330.82	0
332.18	0
337.21	0
337.99	0
339.30	0
466.49	0
528.69	0
575.78	0
580.53	0
601.75	0
606.76	0
609.62	0
612.99	0
660.71	0
661.26	0
675.22	0
681.73	0
691.14	0
698.05	0
701.13	0
706.32	0
504.01	0
505.39	0
516.09	0
532.30	0
561.21	0
570.87	0
572.40	0
587.69	0
544.71	0
564.91	0
580.54	0
582.09	0
592.33	0
594.36	0
596.18	0
603.36	0
367.85	0
375.18	0
386.73	0
388.73	0
391.66	0
394.70	0
394.76	0
395.00	0
591.59	0
597.40	0
599.83	0
605.37	0
606.18	0
610.26	0
614.97	0
615.12	0
644.63	0
661.18	0
668.91	0
679.06	0
701.94	0
705.52	0
705.81	0
708.92	0
564.93	0
579.20	0
609.74	0
615.89	0
617.42	0
629.97	0
632.54	0
635.67	0
383.38	0
385.16	0
391.65	0
399.91	0
417.37	0
421.91	0
424.30	0
436.74	0
81.38	0
104.06	0
105.21	0
125.90	0
134.42	0
140.21	0
149.76	0
154.06	0
245.45	0
250.25	0
285.25	0
302.85	0
306.00	0
307.28	0
310.72	0
317.59	0
335.75	0
359.71	0
360.28	0
373.69	0
378.53	0
401.15	0
401.32	0
405.92	0
313.90	0
336.73	0
341.06	0
365.13	0
369.57	0
374.13	0
374.91	0
374.91	0
352.19	0
356.03	0
363.41	0
367.26	0
369.19	0
387.70	0
391.07	0
393.57	0
428.59	0
440.84	0
443.42	0
444.81	0
453.62	0
462.27	0
486.46	0
501.80	0
590.32	0
656.79	0
657.55	0
658.33	0
659.81	0
664.24	0
670.04	0
670.92	0
104.04	0
122.99	0
129.35	0
159.30	0
159.98	0
164.09	0
170.59	0
187.88	0
153.93	0
160.99	0
161.86	0
167.31	0
170.83	0
171.77	0
191.40	0
203.42	0
206.97	0
216.24	0
219.11	0
220.26	0
228.90	0
242.69	0
244.74	0
253.14	0
92.32	0
92.66	0
107.55	0
111.81	0
120.57	0
144.20	0
147.13	0
154.62	0
20.10	1
26.60	1
30.92	0
90.45	1
97.10	0
114.08	0
122.64	0
145.34	0
336.83	0
353.44	0
353.73	0
357.08	0
377.19	0
377.30	0
380.37	0
397.09	0
562.95	0
567.45	0
590.25	0
590.67	0
594.15	0
602.33	0
606.79	0
607.38	0
781.33	0
875.39	0
879.11	0
882.11	0
905.18	0
915.76	0
926.15	0
930.60	0
185.50	0
271.89	0
309.24	0
316.47	0
331.45	0
332.67	0
341.49	0
343.79	0
563.49	0
571.40	0
578.79	0
584.45	0
587.05	0
591.37	0
595.36	0
608.40	0
589.10	0
600.99	0
601.80	0
607.99	0
616.48	0
619.61	0
632.31	0
639.57	0
354.69	0
366.72	0
387.60	0
428.80	0
430.44	0
430.47	0
437.44	0
440.62	0
426.61	0
459.37	0
465.32	0
465.74	0
466.72	0
472.09	0
488.86	0
492.07	0
183.90	0
264.39	0
288.28	0
302.77	0
318.28	0
320.43	0
323.71	0
332.31	0
349.37	0
398.26	0
407.45	0
420.35	0
426.25	0
439.29	0
443.26	0
444.07	0
422.25	0
431.61	0
434.80	0
448.24	0
466.17	0
466.60	0
466.84	0
473.50	0
316.63	0
357.13	0
359.42	0
363.88	0
371.15	0
377.86	0
382.88	0
385.14	0
363.98	0
394.97	0
406.96	0
408.98	0
419.28	0
420.98	0
424.58	0
430.03	0
290.33	0
304.09	0
306.79	0
338.72	0
342.33	0
346.45	0
375.38	0
377.23	0
233.80	0
259.72	0
264.55	0
270.12	0
271.53	0
278.53	0
298.95	0
304.39	0
497.49	0
509.38	0
509.81	0
541.94	0
563.27	0
567.14	0
567.78	0
570.61	0
590.83	0
593.12	0
615.57	0
621.94	0
623.03	0
624.15	0
626.19	0
630.79	0
716.27	0
724.02	0
730.41	0
737.41	0
745.59	0
747.21	0
747.55	0
758.38	0
618.66	0
637.62	0
658.74	0
686.45	0
690.51	0
698.23	0
701.18	0
706.83	0
187.96	1
235.10	1
270.27	0
285.25	0
287.95	0
306.40	0
311.58	0
315.74	0
32.72	1
33.80	1
256.61	0
276.60	0
278.79	0
300.73	0
311.06	0
315.45	0
173.29	0
174.67	0
184.61	0
221.13	0
226.05	0
226.70	0
228.76	0
229.52	0
126.77	0
151.00	0
153.30	0
187.12	0
193.72	0
197.25	0
197.39	0
199.71	0
176.36	0
198.96	0
200.65	0
217.90	0
233.44	0
237.01	0
242.68	0
243.98	0
137.96	0
145.80	0
152.80	0
188.43	0
193.41	0
196.69	0
196.73	0
203.22	0
161.17	0
176.64	0
211.18	0
218.28	0
222.35	0
223.10	0
227.21	0
247.45	0
278.48	0
287.57	0
291.22	0
308.29	0
314.98	0
330.36	0
331.99	0
361.10	0
285.53	0
313.43	0
325.97	0
328.86	0
332.56	0
334.93	0
335.77	0
340.24	0
124.47	1
143.87	1
147.18	0
149.49	0
159.21	0
178.93	1
189.03	1
201.68	0
141.05	0
162.52	0
179.76	0
181.60	0
184.87	0
185.84	0
190.42	0
199.70	0
482.45	0
505.59	0
510.63	0
516.76	0
518.20	0
522.99	0
533.26	0
534.17	0
547.86	0
558.32	0
570.55	0
571.37	0
577.39	0
592.75	0
594.91	0
595.50	0
498.34	0
508.17	0
509.43	0
513.93	0
525.42	0
527.55	0
528.04	0
530.08	0
730.05	0
743.90	0
753.67	0
754.29	0
791.98	0
800.17	0
800.67	0
801.94	0
346.13	0
359.31	0
366.05	0
370.85	0
377.55	0
398.80	0
410.94	0
415.02	0
306.15	0
306.28	0
307.79	0
308.02	0
320.74	0
341.39	0
346.70	0
351.51	0
69.37	0
71.33	0
74.66	0
74.69	0
120.86	0
130.76	0
135.92	0
137.11	0
131.77	0
136.42	0
165.78	0
167.88	0
169.04	0
173.67	0
179.62	0
183.35	0
98.77	0
145.23	0
146.20	0
147.87	0
153.08	0
172.16	0
172.52	0
179.12	0
7.02	1
87.93	0
88.90	0
118.91	0
124.73	0
125.45	0
126.97	0
129.82	0
72.04	0
81.13	0
90.41	0
95.65	0
96.35	0
97.26	0
105.60	0
106.61	0
148.55	0
152.12	0
152.56	0
153.14	0
160.92	0
162.17	0
172.29	0
176.83	0
137.02	0
139.46	0
141.71	0
143.73	0
158.01	0
178.42	0
183.47	0
183.58	0
216.09	0
232.48	0
246.55	0
253.98	0
257.36	0
271.95	0
273.00	0
274.20	0
175.17	0
187.41	0
191.33	0
210.06	0
213.39	0
215.90	0
242.55	0
261.80	0
14.33	1
23.47	0
24.51	1
27.59	1
81.09	0
84.17	1
85.94	0
101.25	0
204.94	0
244.60	0
247.21	0
253.23	0
254.14	0
256.78	0
257.29	0
258.18	0
479.82	0
517.35	0
517.98	0
520.41	0
531.46	0
535.35	0
543.65	0
550.07	0
507.81	0
518.13	0
529.70	0
529.74	0
530.14	0
532.71	0
536.07	0
542.83	0
521.72	0
533.34	0
541.05	0
543.72	0
545.26	0
549.30	0
552.40	0
552.63	0
734.16	0
757.76	0
763.44	0
765.86	0
768.42	0
775.32	0
776.07	0
780.56	0
523.12	0
527.20	0
531.02	0
547.48	0
611.23	0
613.87	0
619.49	0
624.50	0
167.43	1
179.51	0
195.56	0
199.53	0
199.99	0
201.90	0
212.38	0
214.31	0
191.99	0
196.11	0
196.81	0
202.93	0
203.21	0
216.28	0
216.58	0
220.14	0
156.69	0
158.39	0
163.83	0
180.74	0
183.16	0
187.94	0
194.06	0
196.30	0
148.26	0
151.46	0
153.57	0
168.63	0
175.08	0
181.93	0
186.93	0
188.28	0
154.41	0
156.75	0
161.67	0
171.37	0
178.11	0
183.15	0
190.91	0
191.23	0
294.35	0
295.38	0
295.45	0
298.43	0
313.67	0
314.68	0
316.17	0
324.41	0
145.09	1
168.68	0
171.44	0
193.59	0
199.29	0
206.93	0
215.27	0
220.29	0
8.78	1
119.49	0
131.90	0
134.52	0
145.78	0
146.39	0
152.43	0
153.06	0
9.76	1
164.41	0
178.64	0
179.31	0
182.33	0
190.04	0
190.30	0
194.88	0
5.81	1
125.02	0
138.81	0
142.35	0
146.38	0
146.83	0
147.25	0
149.87	0
113.79	1
127.30	0
152.11	0
158.76	0
160.64	0
160.91	0
166.93	0
194.61	0
72.62	1
209.62	0
218.50	0
225.95	0
229.39	0
236.32	0
241.24	0
244.17	0
101.82	1
331.38	0
342.75	0
346.53	0
347.06	0
350.98	0
362.65	0
371.12	0
116.03	0
143.47	0
149.14	0
153.47	0
160.34	0
161.69	0
203.73	1
207.49	0
146.83	0
166.32	0
169.98	0
173.26	0
173.47	0
185.13	0
205.98	0
211.80	0
166.71	0
175.58	0
182.07	0
200.36	0
200.96	0
202.36	0
202.48	0
207.56	0
74.34	0
78.98	0
82.45	0
106.83	0
107.76	0
109.16	0
134.69	0
147.15	0
101.88	0
107.57	0
118.15	0
127.38	0
129.23	0
130.38	0
133.62	0
137.50	0
150.90	0
158.89	0
182.27	0
184.12	0
191.32	0
191.78	0
193.41	0
195.30	0
71.00	0
77.02	0
87.06	0
106.91	0
111.57	0
113.86	0
129.07	0
148.13	0
108.06	0
114.64	0
125.81	0
136.83	0
137.79	0
138.17	0
139.51	0
152.84	0
148.99	0
156.94	0
180.59	0
182.80	0
189.67	0
191.72	0
192.12	0
192.95	0
74.94	0
80.67	0
85.90	0
102.87	0
110.36	0
113.97	0
134.28	0
148.71	0
120.27	0
123.83	0
136.35	0
143.71	0
148.03	0
151.58	0
152.91	0
166.50	0
161.17	0
168.74	0
188.90	0
191.46	0
194.22	0
198.36	0
201.26	0
205.31	0
226.17	0
236.22	0
239.56	0
250.60	0
250.76	0
252.96	0
276.73	0
277.51	0
191.74	0
203.00	0
217.90	0
218.13	0
223.81	0
226.81	0
233.22	0
236.33	0
107.13	0
112.24	0
116.91	0
117.99	0
121.02	0
137.81	0
150.17	1
170.21	0
103.56	0
103.71	0
108.34	0
114.65	0
121.19	0
121.76	0
140.96	0
150.11	0
159.62	0
169.29	0
186.75	0
194.96	0
201.55	0
203.14	0
204.52	0
208.39	0
75.39	0
83.11	0
87.80	0
109.81	0
115.33	0
116.84	0
131.96	0
150.89	0
100.62	0
105.79	0
117.57	0
132.39	0
133.07	0
133.12	0
139.50	0
142.96	0
156.30	0
166.32	0
187.70	0
193.20	0
197.96	0
199.63	0
202.62	0
206.20	0
76.43	0
84.59	0
92.96	0
107.63	0
114.81	0
120.26	0
133.64	0
146.52	0
98.01	0
105.26	0
120.06	0
123.79	0
132.42	0
133.24	0
133.50	0
136.02	0
151.07	0
160.31	0
187.73	0
188.45	0
193.90	0
195.18	0
198.07	0
198.65	0
72.74	0
79.01	0
89.88	0
102.85	0
108.92	0
113.15	0
130.62	0
147.04	0
102.01	0
107.12	0
123.71	0
127.07	0
134.47	0
134.48	0
135.83	0
136.09	0
151.48	0
159.58	0
183.32	0
186.66	0
193.37	0
193.90	0
195.66	0
196.23	0
71.55	0
77.75	0
90.14	0
106.60	0
110.97	0
113.23	0
130.00	0
148.95	0
108.32	0
112.63	0
124.83	0
134.16	0
135.62	0
137.23	0
139.02	0
159.93	0
150.42	0
157.77	0
180.66	0
182.87	0
187.93	0
189.11	0
189.82	0
194.31	0
82.61	0
87.99	0
92.60	0
113.25	0
114.19	0
116.57	0
148.94	0
155.36	0
115.98	0
118.37	0
132.00	0
140.12	0
140.81	0
146.37	0
155.16	0
161.19	0
152.57	0
159.67	0
177.74	0
186.14	0
186.64	0
187.05	0
188.10	0
188.85	0
215.06	0
219.35	0
224.02	0
229.55	0
233.30	0
249.16	0
262.13	0
263.57	0
386.68	0
396.85	0
414.69	0
416.51	0
417.90	0
422.20	0
424.46	0
426.05	0
429.59	0
443.28	0
445.96	0
447.84	0
451.11	0
452.71	0
454.55	0
459.87	0
198.23	0
208.42	0
223.07	0
223.19	0
225.48	0
233.16	0
236.93	0
239.31	0
304.15	0
313.08	0
314.63	0
324.60	0
333.08	0
349.59	0
372.96	0
373.16	0
307.52	0
308.43	0
314.48	0
319.51	0
322.40	0
327.62	0
331.53	0
332.67	0
337.06	0
337.29	0
339.88	0
348.55	0
351.58	0
356.03	0
375.23	0
376.31	0
231.67	0
250.17	0
263.37	0
272.45	0
273.52	0
273.73	0
278.99	0
280.32	0
313.03	0
313.25	0
321.72	0
333.36	0
344.29	0
373.24	0
375.69	0
379.14	0
180.34	0
190.47	0
202.50	0
205.61	0
213.74	0
213.79	0
215.73	0
227.94	0
270.99	0
289.99	0
291.43	0
295.08	0
297.58	0
324.05	0
343.94	0
347.12	0
149.96	0
161.48	0
163.54	0
166.54	0
173.63	0
176.37	0
206.49	0
207.86	0
170.22	0
170.87	0
175.80	0
178.02	0
183.90	0
186.96	0
188.66	0
190.72	0
177.07	0
184.79	0
188.71	0
194.85	0
199.53	0
199.91	0
201.24	0
206.80	0
249.90	0
259.31	0
267.57	0
272.13	0
275.67	0
279.66	0
281.40	0
281.72	0
197.61	0
209.98	0
210.24	0
230.34	0
238.82	0
240.88	0
242.10	0
243.70	0
142.81	0
150.94	0
154.97	0
156.94	0
168.47	0
174.33	0
175.97	0
176.68	0
306.38	0
309.29	0
321.88	0
327.35	0
340.96	0
341.02	0
345.74	0
346.18	0
328.25	0
329.17	0
334.40	0
345.69	0
359.03	0
366.62	0
385.29	0
393.77	0
211.89	0
214.72	0
225.45	0
237.99	0
245.48	0
246.55	0
273.01	0
281.03	0
221.15	0
223.41	0
226.67	0
240.45	0
242.59	0
247.74	0
257.03	0
262.12	0
123.12	1
163.84	0
164.77	0
179.87	0
181.40	0
186.77	0
200.08	0
206.00	0
258.45	0
267.50	0
268.77	0
275.05	0
276.03	0
276.42	0
277.63	0
281.53	0
198.30	0
208.02	0
221.57	0
222.82	0
229.86	0
232.86	0
234.12	0
237.03	0
27.17	1
80.11	0
86.17	0
90.15	0
97.81	0
107.33	0
141.05	0
143.04	0
211.08	0
220.30	0
224.24	0
228.01	0
229.36	0
229.97	0
236.29	0
237.62	0
284.89	0
291.88	0
292.92	0
296.34	0
301.58	0
304.16	0
316.39	0
318.47	0
146.29	0
155.73	0
156.88	0
174.46	0
175.29	0
182.06	0
182.68	0
183.12	0
289.76	0
298.27	0
314.91	0
316.16	0
317.10	0
324.34	0
328.06	0
329.40	0
89.75	0
92.28	0
101.03	0
103.82	0
106.24	0
118.17	0
134.47	1
146.99	0
148.84	0
153.98	0
157.05	0
162.59	0
167.04	0
172.76	0
178.52	0
196.89	0
162.52	0
173.59	0
174.29	0
180.79	0
199.14	0
199.18	0
205.93	0
206.25	0
121.32	0
161.04	0
173.66	0
174.40	0
174.60	0
174.87	0
175.73	0
183.55	0
265.49	0
270.88	0
278.57	0
290.46	0
292.26	0
294.86	0
308.29	0
308.77	0
367.61	0
373.14	0
378.46	0
394.10	0
402.92	0
410.81	0
415.26	0
415.92	0
67.87	0
78.91	0
79.62	0
90.45	0
92.89	0
98.64	0
98.72	0
100.78	0
69.70	1
70.91	1
74.38	1
77.67	1
90.60	0
124.15	1
151.62	0
165.50	0
194.53	0
196.03	0
204.44	0
205.92	0
209.17	0
209.70	0
209.79	0
210.86	0
156.12	0
160.34	0
162.11	0
164.77	0
166.26	0
167.64	0
170.28	0
171.15	0
99.24	0
105.62	0
122.58	0
124.34	0
124.60	0
125.54	0
125.73	0
126.08	0
101.52	0
102.76	0
104.40	0
105.02	0
106.29	0
106.45	0
106.58	0
110.98	0
140.17	1
140.75	1
143.16	1
145.54	1
146.29	1
146.59	1
146.66	1
149.25	1
200.20	0
201.63	0
202.15	0
202.22	0
202.73	0
203.68	0
206.76	0
206.80	0
103.94	0
113.23	0
115.44	0
124.13	0
128.53	0
130.05	0
130.86	0
135.77	0
90.64	0
103.57	0
105.69	0
110.37	0
115.22	0
116.65	0
118.61	0
120.00	0
169.57	0
179.99	0
182.47	0
194.97	0
197.55	0
197.61	0
199.73	0
200.07	0
104.70	0
117.23	0
121.32	0
123.43	0
129.58	0
129.60	0
130.00	0
130.66	0
110.55	0
118.15	0
131.93	0
134.49	0
135.57	0
135.64	0
135.71	0
137.00	0
115.66	0
127.46	0
148.02	0
149.18	0
151.19	0
152.34	0
152.72	0
153.19	0
175.01	0
177.03	0
182.68	0
183.27	0
183.68	0
183.86	0
184.61	0
184.73	0
102.86	0
103.37	0
106.21	0
113.45	0
116.87	0
116.89	0
117.44	0
120.59	0
161.04	0
161.24	0
167.86	0
180.47	0
182.78	0
183.12	0
183.84	0
184.75	0
192.56	0
205.95	0
206.56	0
207.84	0
208.56	0
208.87	0
210.14	0
210.59	0
256.43	0
265.21	0
267.79	0
268.39	0
269.96	0
272.05	0
272.62	0
273.27	0
258.85	0
266.26	0
272.37	0
273.81	0
274.57	0
275.32	0
276.17	0
277.20	0
156.62	0
160.12	0
161.37	0
161.62	0
166.07	0
168.97	0
169.25	0
169.44	0
139.41	0
143.74	0
145.08	1
146.43	0
147.84	0
152.19	0
153.10	0
160.53	0
147.95	0
153.90	0
161.17	0
172.25	0
173.38	0
176.49	0
178.00	0
178.46	0
113.82	0
115.96	0
127.36	0
153.79	0
154.98	0
160.43	0
160.83	0
161.54	0
209.08	0
210.29	0
212.78	0
213.85	0
213.88	0
217.48	0
217.78	0
219.81	0
391.40	0
394.73	0
396.62	0
401.48	0
403.06	0
403.76	0
408.86	0
410.52	0
388.32	0
396.05	0
402.18	0
407.66	0
410.62	0
414.18	0
414.56	0
415.59	0
284.89	0
299.38	0
301.76	0
303.09	0
305.07	0
306.08	0
309.26	0
309.97	0
189.96	0
193.25	0
196.65	0
198.64	0
209.38	0
209.39	0
209.93	0
211.32	0
90.24	0
96.41	0
103.34	0
103.64	0
107.05	0
109.71	0
111.44	0
116.84	0
86.79	1
88.22	1
108.14	0
113.29	0
114.20	0
119.58	0
122.52	0
122.57	0
197.50	0
206.91	0
207.50	0
207.79	0
209.27	0
210.62	0
215.45	0
215.67	0
137.97	0
147.67	0
153.36	0
153.45	0
167.89	0
168.00	0
170.99	0
171.44	0
125.26	0
134.22	0
137.67	0
139.65	0
143.03	0
146.10	0
148.59	0
149.06	0
46.96	0
54.12	0
58.46	0
59.07	0
60.86	0
62.06	0
62.10	0
63.19	0
138.81	0
145.74	0
150.53	0
151.03	0
156.92	0
158.33	0
159.52	0
163.74	0
84.83	0
84.83	0
85.69	0
85.74	0
88.88	0
90.43	0
93.53	0
95.13	0
147.33	0
151.54	0
156.35	0
157.93	0
159.00	0
159.75	0
160.66	0
161.37	0
128.07	1
130.96	1
131.53	1
132.02	1
134.15	1
139.06	1
139.17	1
139.39	1
172.63	0
177.14	0
177.65	0
179.09	0
179.57	0
181.29	0
183.95	0
184.08	0
272.16	0
272.24	0
274.77	0
276.54	0
277.71	0
278.88	0
279.89	0
280.92	0
234.35	0
247.09	0
252.19	0
253.30	0
257.93	0
260.21	0
261.07	0
261.77	0
135.37	1
135.58	1
136.55	1
139.70	1
140.54	1
142.46	1
142.68	1
144.05	1
221.51	0
253.30	0
256.89	0
265.19	0
275.51	0
276.27	0
278.29	0
280.12	0
200.40	0
214.64	0
215.28	0
221.47	0
221.62	0
221.95	0
223.59	0
225.02	0
100.17	0
100.84	0
104.51	0
110.73	0
110.86	0
110.92	0
112.35	0
113.60	0
251.14	0
260.85	0
264.99	0
267.07	0
268.58	0
269.04	0
270.67	0
270.68	0
200.10	0
211.34	0
211.80	0
212.39	0
214.63	0
217.14	0
220.22	0
223.01	0
280.95	0
285.95	0
286.34	0
288.29	0
290.44	0
291.92	0
293.30	0
294.49	0
333.74	0
333.86	0
335.38	0
337.37	0
337.61	0
338.54	0
339.44	0
340.44	0
95.22	0
104.36	0
105.14	0
106.04	0
126.67	0
130.51	0
130.81	0
132.02	0
209.88	0
215.82	0
220.75	0
235.11	0
236.08	0
236.64	0
238.51	0
239.06	0
160.48	0
170.03	0
180.11	0
194.29	0
194.46	0
195.87	0
195.89	0
196.26	0
360.58	0
362.05	0
362.09	0
362.58	0
362.79	0
364.54	0
367.39	0
368.03	0
331.83	0
335.32	0
336.19	0
336.57	0
344.85	0
351.97	0
354.23	0
355.76	0
211.51	0
218.92	0
220.40	0
232.65	0
233.40	0
236.16	0
237.46	0
238.05	0
75.93	1
81.73	1
105.48	0
112.38	0
119.38	0
128.87	0
132.77	0
133.15	0
418.86	0
440.10	0
441.20	0
447.90	0
451.37	0
458.18	0
458.32	0
462.43	0
343.94	0
366.40	0
368.91	0
369.91	0
374.89	0
375.62	0
377.75	0
378.47	0
299.03	0
299.65	0
301.96	0
303.14	0
313.80	0
314.63	0
315.27	0
316.79	0
260.84	0
270.18	0
273.66	0
277.66	0
279.49	0
281.08	0
281.94	0
282.68	0
266.06	0
271.78	0
288.07	0
292.02	0
292.32	0
294.85	0
300.02	0
301.28	0
132.45	0
134.47	0
149.72	0
160.88	0
180.07	0
180.40	0
181.34	0
182.48	0
66.71	1
88.76	0
89.57	0
91.27	0
92.16	0
93.97	0
94.53	0
95.32	0
152.99	0
166.35	0
168.70	0
179.38	0
186.12	0
186.75	0
190.01	0
192.51	0
162.75	0
167.41	0
169.46	0
192.63	0
195.21	0
196.26	0
196.59	0
197.67	0
12.13	1
19.02	1
71.47	0
71.97	0
72.00	0
72.90	0
73.81	0
73.89	0
102.45	1
102.61	1
104.94	1
106.05	1
107.15	1
108.00	1
108.54	1
109.03	1
249.36	0
251.26	0
256.72	0
256.93	0
259.29	0
262.42	0
262.66	0
264.05	0
231.48	0
237.75	0
243.26	0
243.28	0
244.06	0
244.43	0
245.77	0
246.21	0
76.37	1
79.91	1
94.63	0
95.71	0
100.18	0
100.34	0
101.44	0
104.11	0
401.41	0
401.90	0
406.90	0
411.27	0
411.70	0
414.63	0
414.84	0
416.35	0
119.76	0
119.94	0
130.24	0
131.54	0
138.63	0
142.76	0
142.84	0
144.72	0
416.83	0
428.93	0
430.13	0
430.98	0
434.43	0
435.41	0
436.46	0
437.31	0
401.39	0
408.92	0
411.72	0
418.34	0
418.84	0
421.80	0
424.40	0
426.22	0
217.76	1
220.34	1
317.90	0
326.39	0
328.52	0
332.56	0
333.41	0
335.25	0
249.08	0
249.81	0
251.65	0
256.89	0
257.71	0
260.74	0
261.03	0
263.17	0
283.60	0
292.11	0
296.12	0
296.55	0
297.05	0
297.16	0
297.22	0
297.69	0
255.97	0
269.43	0
269.88	0
272.57	0
272.60	0
273.23	0
274.99	0
275.38	0
142.11	1
143.11	0
143.63	0
144.38	0
145.97	0
147.12	1
147.82	0
151.11	0
239.67	0
245.43	0
255.04	0
257.31	0
266.90	0
267.48	0
268.15	0
272.43	0
317.05	0
318.61	0
321.27	0
321.88	0
322.98	0
323.75	0
328.69	0
329.95	0
219.59	0
227.65	0
275.73	0
276.19	0
277.42	0
290.17	0
292.13	0
296.86	0
317.20	0
324.38	0
330.84	0
333.14	0
333.49	0
335.77	0
336.81	0
336.86	0
126.93	1
158.41	0
161.80	0
164.47	0
170.26	0
170.78	0
173.04	0
175.01	0
6.59	1
8.72	1
117.79	0
128.09	0
133.54	0
139.21	0
139.52	0
139.56	0
8.85	1
11.67	1
163.90	0
175.65	0
177.92	0
184.31	0
186.37	0
187.26	0
6.49	1
6.92	1
125.00	0
129.09	0
142.28	0
143.36	0
145.49	0
146.64	0
39.79	1
60.02	1
68.39	1
90.36	0
97.08	0
98.97	0
101.18	0
105.69	0
59.50	1
87.55	1
223.56	0
224.54	0
233.30	0
234.53	0
235.68	0
239.11	0
58.40	1
115.96	1
273.42	0
273.67	0
282.99	0
285.64	0
285.68	0
290.74	0
31.72	1
71.09	0
74.82	0
75.13	0
75.37	0
77.55	0
84.73	0
85.20	0
14.20	1
28.77	1
29.78	1
31.30	1
39.06	0
47.50	1
102.37	1
108.22	0
205.44	0
221.55	0
226.71	0
227.86	0
227.88	0
228.11	0
230.80	0
234.44	0
243.79	0
244.44	0
254.23	0
256.38	0
263.73	0
266.42	0
272.16	0
272.49	0
146.31	0
150.50	0
153.12	1
154.25	0
162.44	0
163.15	0
167.69	0
169.74	0
163.64	0
222.40	0
228.20	0
229.44	0
230.34	0
230.59	0
235.88	0
236.07	0
149.30	1
301.85	0
306.23	0
309.55	0
313.08	0
313.91	0
318.45	0
320.42	0
265.54	0
273.30	0
282.30	0
283.91	0
286.68	0
291.39	0
295.31	0
296.76	0
263.64	0
267.40	0
297.51	0
297.57	0
297.80	0
298.63	0
300.19	0
300.54	0
287.33	0
291.56	0
298.87	0
307.22	0
309.22	0
321.74	0
327.11	0
330.66	0
190.61	0
195.31	0
197.85	0
198.81	0
200.14	0
201.64	0
203.04	0
205.34	0
285.32	0
286.39	0
287.40	0
290.87	0
291.35	0
296.77	0
296.83	0
297.36	0
341.85	0
355.73	0
355.76	0
356.92	0
363.00	0
363.09	0
363.71	0
363.85	0
142.33	0
148.34	0
149.48	0
152.06	0
168.62	0
169.49	0
171.10	0
175.05	0
108.22	0
128.82	0
131.09	0
136.68	0
137.98	0
143.42	0
143.44	0
145.43	0
148.77	0
201.73	1
253.98	0
258.37	1
265.97	0
266.18	0
267.44	0
268.86	1
76.73	1
247.45	0
286.67	0
314.40	0
320.77	0
328.99	0
331.12	0
331.68	0
17.12	1
318.90	0
321.81	0
328.32	0
329.22	0
331.33	0
331.44	0
331.59	0
9.70	1
179.19	0
216.63	0
217.55	0
218.00	0
221.02	0
223.62	0
224.26	0
22.49	1
85.95	0
107.54	1
114.59	1
118.61	1
127.04	1
132.83	0
134.01	0
40.35	1
210.33	0
265.93	0
271.94	0
297.02	0
315.23	0
322.50	0
325.85	0
23.52	1
215.25	0
293.05	0
293.93	0
312.70	0
318.35	0
329.23	0
331.91	0
10.22	1
267.33	0
278.62	0
284.33	0
294.44	0
295.94	0
296.42	0
296.49	0
8.63	1
220.89	0
244.78	0
246.99	0
248.50	0
252.39	0
254.55	0
258.60	0
12.43	1
222.26	0
223.68	0
260.89	0
265.11	0
265.47	0
265.90	0
269.66	0
3.07	1
131.88	0
134.04	0
150.67	0
152.28	0
159.32	0
161.65	0
163.96	0
28.67	1
70.97	0
87.05	1
98.50	0
100.35	0
103.28	0
112.51	0
116.14	0
23.29	1
161.95	0
172.80	0
184.19	0
190.16	0
194.07	0
194.87	0
202.46	0
9.17	1
177.79	0
180.40	0
183.47	0
183.58	0
184.81	0
186.06	0
198.74	0
5.25	1
25.68	1
32.69	1
61.50	0
82.87	0
83.74	0
84.35	0
84.36	0
99.03	0
102.45	0
119.21	0
125.29	0
128.61	1
143.61	0
146.73	0
153.83	0
62.34	1
202.25	0
232.26	0
239.21	0
257.98	0
260.96	0
261.23	0
261.52	0
27.63	1
207.25	0
232.69	0
236.77	0
237.75	0
238.43	0
240.38	0
245.98	0
32.66	1
91.17	1
108.53	0
119.00	1
125.28	1
129.67	1
129.88	0
131.61	0
82.04	0
105.20	1
148.54	1
174.92	1
179.25	0
179.34	0
181.38	0
181.46	0
3.33	1
7.00	1
8.47	1
103.50	0
103.53	0
117.75	0
117.76	0
121.06	0
5.10	1
7.73	1
8.92	1
161.54	0
166.67	0
169.53	0
171.25	0
174.03	0
6.23	1
6.60	1
8.80	1
109.50	0
118.00	0
123.87	0
126.71	0
128.08	0
38.49	1
55.23	1
62.21	1
81.14	1
95.67	1
97.83	0
109.65	0
112.76	0
25.72	1
52.06	1
92.68	1
196.16	0
197.33	0
201.67	0
202.68	0
204.30	0
38.37	1
73.08	1
88.27	1
241.72	0
257.02	0
272.93	0
276.28	0
276.61	0
162.07	0
200.64	0
203.71	0
209.44	0
215.97	0
227.93	0
229.32	0
231.37	0
109.63	0
112.07	0
120.75	0
124.33	0
125.76	0
128.78	0
130.03	0
130.07	0
192.39	0
210.71	0
225.25	0
242.31	0
245.77	0
246.03	0
248.42	0
249.05	0
335.81	0
338.21	0
345.64	0
351.83	0
353.44	0
356.22	0
357.64	0
359.69	0
131.69	0
135.09	0
137.62	0
142.40	0
157.24	0
160.51	0
162.77	0
163.77	0
85.48	0
126.60	1
135.32	1
141.73	1
144.53	0
144.59	0
144.67	0
148.76	0
122.55	0
157.41	0
162.04	0
165.97	0
166.05	0
167.83	0
168.29	0
170.66	0
174.29	0
179.27	0
181.22	0
182.96	0
184.19	0
195.99	0
196.06	0
198.26	0
39.74	1
86.55	0
91.46	0
92.98	0
99.64	0
99.66	0
100.11	0
102.37	0
190.30	0
228.22	0
242.14	0
244.02	1
245.23	1
254.08	0
255.78	0
259.73	0
239.84	0
248.72	0
254.44	0
256.77	0
258.06	0
261.32	0
262.14	0
262.95	0
97.64	0
116.53	0
121.69	0
127.50	0
143.95	0
144.98	0
145.92	0
146.97	0
200.45	0
201.77	1
202.15	1
206.00	1
208.94	0
209.03	1
215.39	0
217.13	1
183.70	0
185.84	0
185.93	0
186.41	0
187.51	0
188.31	0
188.69	0
190.82	0
229.47	0
233.88	0
257.91	0
276.64	0
278.54	0
280.40	0
282.53	0
287.46	0
131.02	0
131.59	0
152.18	0
154.07	0
157.19	0
157.24	0
159.20	0
162.63	0
35.86	1
41.64	1
155.26	0
160.41	0
163.83	0
170.10	0
170.38	0
171.88	0
49.56	1
195.03	0
263.52	0
278.84	0
293.82	0
301.24	0
304.11	0
309.98	0
58.29	1
67.68	1
79.50	0
80.79	1
87.31	1
93.13	0
93.53	1
119.24	0
218.73	0
219.22	0
220.81	0
224.78	0
225.54	0
226.06	0
228.53	0
228.94	0
331.67	0
334.29	0
337.55	0
339.01	0
339.29	0
339.38	0
340.47	0
343.71	0
57.93	1
76.81	1
78.32	1
90.48	1
104.08	1
104.22	1
105.42	0
111.14	0
148.97	0
158.39	0
164.79	0
167.24	0
171.94	0
173.15	0
173.21	0
173.37	0
197.07	0
204.79	0
213.51	0
214.95	0
216.83	0
216.88	0
219.63	0
220.01	0
167.98	0
170.16	0
173.32	0
177.82	0
179.57	0
179.59	0
180.67	0
184.41	0
169.60	0
179.27	0
181.26	0
183.78	0
184.33	0
184.44	0
184.87	0
185.43	0
173.07	0
183.57	0
192.48	1
194.95	0
200.16	0
203.59	1
203.71	0
204.26	0
4.56	1
4.95	1
5.43	1
10.09	1
96.18	0
97.77	0
112.21	0
112.69	0
6.20	1
7.31	1
8.16	1
9.30	1
165.26	0
172.48	0
175.21	0
175.26	0
4.35	1
7.17	1
8.34	1
8.55	1
112.24	0
119.54	0
122.12	0
122.61	0
124.00	1
167.71	0
172.08	0
172.86	0
174.64	0
178.37	0
179.53	0
179.66	0
200.76	0
210.79	0
212.09	0
265.03	0
266.89	0
283.59	0
287.13	0
295.29	0
62.04	1
67.90	1
77.15	0
88.83	0
105.40	0
105.43	0
111.93	0
113.94	0
211.80	0
229.23	0
235.10	0
240.97	0
263.74	0
265.96	0
273.26	0
279.73	0
142.45	0
142.71	0
158.00	0
161.97	0
163.14	0
165.15	0
166.85	0
167.55	0
233.72	0
260.20	0
301.00	0
316.27	0
317.35	0
317.75	0
319.01	0
320.02	0
383.95	0
400.37	0
411.02	0
412.74	0
414.72	0
417.48	0
418.30	0
419.19	0
221.67	0
229.28	0
230.57	0
231.74	0
234.80	0
243.48	0
246.35	0
248.53	0
127.26	0
147.12	0
150.54	0
152.45	0
153.69	0
154.12	0
154.93	0
155.18	0
180.16	0
188.14	0
189.15	0
190.26	0
191.65	0
193.08	0
193.97	0
195.41	0
53.81	1
99.58	0
137.28	0
137.29	0
139.93	0
143.13	0
144.43	0
145.37	0
211.84	0
215.56	0
216.53	0
218.93	0
220.26	0
223.53	0
226.95	0
227.31	0
87.66	0
147.86	0
157.20	0
164.87	0
166.98	0
170.35	0
171.61	1
172.83	0
87.64	1
175.43	0
191.44	0
240.27	0
243.75	1
248.94	0
253.48	0
260.64	0
49.70	1
146.71	0
198.37	0
207.69	0
210.83	0
222.19	0
226.31	0
234.70	0
10.43	1
26.81	1
66.69	0
81.68	1
82.71	0
84.26	0
86.45	1
88.05	0
66.59	1
159.11	0
180.05	0
204.84	0
228.90	0
229.06	0
238.04	1
239.64	0
24.53	1
96.84	1
190.47	0
256.61	0
269.42	0
271.51	0
272.14	0
274.85	0
8.62	1
18.33	1
31.66	1
113.94	0
116.75	0
117.97	0
119.48	0
133.81	0
16.56	1
41.11	1
165.65	0
233.17	0
237.32	0
250.25	0
271.42	0
273.44	0
122.36	0
135.12	0
139.25	0
144.35	1
147.87	0
152.53	0
163.08	0
165.95	1
202.67	0
227.99	0
231.85	0
233.40	0
241.58	1
244.89	1
247.41	0
248.03	0
195.61	0
211.25	0
225.29	0
225.92	0
246.31	0
247.22	0
247.90	0
249.87	0
203.30	0
230.46	0
248.37	0
250.76	0
251.90	0
254.07	0
256.04	0
261.31	0
359.47	0
361.51	0
365.32	0
367.05	0
368.87	0
372.99	0
378.80	0
380.95	0
166.91	0
170.67	0
173.93	0
177.34	0
181.85	0
182.00	0
183.84	0
187.01	0
29.22	1
47.59	1
53.87	1
65.24	1
71.43	1
72.81	0
75.68	0
78.50	0
180.56	0
193.12	0
201.06	0
202.02	0
205.29	0
210.80	0
211.42	0
213.08	0
194.74	0
205.82	0
208.95	0
209.58	0
209.99	0
212.33	0
212.73	0
213.36	0
245.17	0
251.21	0
251.36	0
253.75	0
253.96	0
254.22	0
255.05	0
255.36	0
361.81	0
362.52	0
362.99	0
365.14	0
371.03	0
371.18	0
373.30	0
374.89	0
167.46	0
172.38	0
174.82	0
176.44	0
178.10	0
178.72	0
180.70	0
182.06	0
68.45	1
70.88	1
71.08	1
71.46	1
73.05	1
73.34	1
74.41	1
76.96	1
82.27	0
98.14	0
111.80	0
112.08	0
113.79	0
114.02	0
117.42	0
118.38	0
204.68	0
231.34	0
240.06	0
252.88	0
255.13	0
258.19	0
259.84	0
264.29	0
283.16	0
287.13	0
287.73	0
287.83	0
291.77	0
299.37	0
299.46	0
302.01	0
457.32	0
461.66	0
462.44	0
467.29	0
469.77	0
471.58	0
471.95	0
472.58	0
177.09	0
181.97	0
184.01	0
184.99	0
185.31	0
188.23	0
190.12	0
197.18	0
229.77	0
231.08	0
231.67	0
231.88	0
235.80	0
260.62	0
267.96	0
269.50	0
218.05	0
246.12	0
246.29	0
246.50	0
248.74	0
251.27	0
252.87	0
253.90	0
361.37	0
362.16	0
363.68	0
366.60	0
374.84	0
374.92	0
376.20	0
377.66	0
170.79	0
177.41	0
177.48	0
180.88	0
181.73	0
183.51	0
184.60	0
189.03	0
24.18	1
43.44	1
50.98	1
64.96	1
68.57	1
70.29	0
74.66	0
76.34	0
247.72	0
274.44	0
286.64	0
290.66	0
292.23	0
294.02	0
302.22	0
302.89	0
310.72	0
315.94	0
316.24	0
341.51	0
342.59	0
343.75	0
344.49	0
347.95	0
352.01	0
352.11	0
357.27	0
360.22	0
363.41	0
365.99	0
370.79	0
371.42	0
174.27	0
175.96	0
181.54	0
184.47	0
195.04	0
195.32	0
196.09	0
197.62	0
229.91	0
257.77	0
260.56	0
263.01	0
269.06	0
274.13	0
279.21	0
283.14	0
73.09	0
78.04	0
93.02	0
94.77	0
96.17	0
97.29	0
108.10	0
109.32	0
210.92	0
220.33	0
220.50	0
250.99	0
257.06	0
261.55	0
262.12	0
263.42	0
201.47	0
202.00	0
221.03	0
223.22	0
227.47	0
231.17	0
232.45	0
232.91	0
88.55	1
106.86	0
113.59	0
114.24	0
119.04	0
122.38	0
124.07	0
125.90	0
359.45	0
362.89	0
365.08	0
367.05	0
367.13	0
368.42	0
369.19	0
369.48	0
232.75	0
234.89	0
236.90	0
237.81	0
241.36	0
242.47	0
245.78	0
246.72	0
387.55	0
394.00	0
396.77	0
397.48	0
397.65	0
400.61	0
402.54	0
403.01	0
169.92	0
188.10	0
193.44	0
193.64	0
194.23	0
195.59	0
197.19	0
198.46	0
288.17	0
289.57	0
299.67	0
299.83	0
300.63	0
302.33	0
305.47	0
306.24	0
19.52	1
19.76	1
60.79	0
65.44	0
71.12	0
75.43	0
77.43	0
80.48	0
11.16	1
23.10	1
28.97	1
36.04	1
39.96	1
42.23	1
50.35	0
101.08	1
89.13	0
177.98	0
198.06	0
198.23	0
198.36	0
204.37	0
212.61	0
213.74	0
114.32	0
136.22	0
162.77	1
166.44	0
172.07	0
184.78	0
185.25	0
186.66	0
131.59	1
134.54	1
147.57	0
154.00	0
157.43	0
159.48	0
164.91	0
165.45	0
62.07	1
103.64	0
104.32	0
110.92	0
111.49	0
111.77	0
112.16	0
114.78	0
24.40	1
126.01	0
137.80	0
148.27	0
148.91	0
150.10	0
151.15	0
151.35	0
28.58	1
136.35	0
171.55	0
178.70	0
185.57	0
186.69	1
188.27	0
196.56	0
0.39	1
4.48	1
4.77	1
5.22	1
9.72	1
96.27	0
98.41	0
111.39	0
0.55	1
5.76	1
7.09	1
8.09	1
8.91	1
164.51	0
172.12	0
174.18	0
1.66	1
5.14	1
7.61	1
7.69	1
7.77	1
106.07	0
113.13	0
115.42	0
16.26	1
119.34	1
157.17	0
168.65	0
169.26	0
175.25	0
175.77	0
176.31	0
25.15	1
175.70	0
185.89	0
192.11	0
210.29	0
245.18	0
254.45	0
255.45	0
30.72	0
50.39	1
78.42	0
100.07	0
105.81	0
108.00	0
109.42	0
109.57	0
47.13	1
172.70	0
176.11	0
188.22	0
189.54	0
215.46	0
233.65	0
242.53	0
17.71	1
388.33	0
410.79	0
411.31	0
420.91	0
421.06	0
422.23	0
422.73	0
13.72	1
217.98	0
226.20	0
228.11	0
228.80	0
231.25	0
240.21	0
241.33	0
94.15	0
125.97	0
150.23	1
179.54	0
179.87	0
181.85	0
188.49	0
193.67	0
21.40	1
79.44	0
92.04	0
125.59	0
132.82	0
137.28	0
139.43	0
141.96	0
15.82	1
65.41	1
127.85	0
131.83	0
157.01	0
159.69	0
208.17	0
219.06	0
9.32	1
42.00	1
131.53	0
148.16	0
189.91	0
190.33	0
193.80	0
195.77	0
2.29	1
11.48	1
28.11	1
66.22	0
83.03	1
85.80	0
86.37	0
89.74	1
7.42	1
52.48	1
121.59	0
130.31	0
143.92	0
160.05	0
182.96	0
186.42	0
3.43	1
21.52	1
98.41	1
194.71	0
249.67	0
257.04	0
270.43	0
270.65	0
0.78	1
9.17	1
18.41	1
31.82	1
112.56	0
115.59	0
117.28	0
117.87	0
2.64	1
17.92	1
42.00	1
177.88	0
230.48	0
233.08	0
234.74	0
248.75	0
11.32	1
99.64	0
102.09	0
108.06	0
108.07	0
110.87	0
112.71	0
115.74	0
14.64	1
100.77	0
166.21	0
179.02	1
179.46	0
185.38	0
193.47	0
196.28	0
4.55	1
110.13	0
162.49	0
181.08	0
196.67	0
206.18	0
208.75	0
219.58	0
2.67	1
81.80	1
97.22	1
169.02	0
174.93	0
192.22	0
197.99	0
201.91	0
2.10	1
17.30	1
32.15	1
46.20	1
324.85	0
327.03	0
327.26	0
338.51	0
0.49	1
3.29	1
4.85	1
8.78	1
164.14	0
167.63	0
171.18	0
174.25	0
1.64	1
18.13	1
29.70	1
46.30	1
47.41	1
53.37	1
65.76	1
70.15	1
3.93	1
178.34	0
186.22	0
191.43	0
194.83	0
196.59	0
198.06	0
202.69	0
4.27	1
194.34	0
199.79	0
203.03	0
203.34	0
206.26	0
207.65	0
210.17	0
1.95	1
42.72	1
96.06	1
101.81	0
194.36	1
236.24	0
241.04	0
243.45	0
2.13	1
16.56	1
17.62	1
46.45	1
322.50	0
323.61	0
325.35	0
339.68	0
0.71	1
1.96	1
3.79	1
9.01	1
164.08	0
168.98	0
171.17	0
175.07	0
2.00	0
60.49	1
66.32	0
67.75	0
69.72	0
70.17	0
70.63	0
71.18	0
6.22	1
162.80	0
194.52	0
217.16	0
220.48	0
222.45	0
225.82	0
230.60	0
4.47	1
276.47	0
287.93	0
290.25	0
297.17	0
299.01	0
300.03	0
302.44	0
9.00	1
374.16	0
456.63	0
457.28	0
458.27	0
459.48	0
459.58	0
463.13	0
2.93	1
164.16	0
172.66	0
175.82	0
176.33	0
176.94	0
178.05	0
179.00	0
3.37	1
218.69	0
219.04	0
219.64	0
219.67	0
219.83	0
222.79	0
249.68	0
2.56	1
39.16	1
80.28	1
125.70	0
201.65	0
206.60	0
212.44	0
225.90	1
3.64	1
21.86	1
36.02	1
45.02	1
331.09	0
336.37	0
338.25	0
352.16	0
0.83	1
2.99	1
3.70	1
8.56	1
168.94	0
175.31	0
175.47	0
179.98	0
2.07	1
16.42	1
24.04	1
40.93	1
48.06	1
56.26	1
63.84	1
69.75	1
3.92	1
98.53	0
117.15	0
120.01	0
174.19	0
220.22	0
239.47	0
252.88	0
5.51	1
100.31	0
178.87	1
211.37	1
240.52	1
258.69	0
268.38	0
290.53	0
3.29	1
36.16	1
44.76	1
46.47	1
340.30	0
343.19	0
344.75	0
344.75	0
0.75	1
8.56	1
9.57	1
9.78	1
172.96	0
174.59	0
180.41	0
183.03	0
9.98	1
159.91	0
218.53	0
234.83	0
237.57	0
240.58	0
240.96	0
241.51	0
0.78	1
71.54	0
76.86	0
92.58	0
95.67	0
96.33	0
96.75	0
97.31	0
4.37	1
210.04	0
218.02	0
219.47	0
232.64	0
238.24	0
243.66	0
252.27	0
4.23	1
182.07	0
184.02	0
193.65	0
195.15	0
200.73	0
202.63	0
205.20	0
1.46	1
84.36	1
109.51	0
113.77	0
115.84	0
121.33	0
123.01	0
124.63	0
26.10	1
204.78	0
260.95	0
284.69	0
287.58	0
291.33	0
291.70	0
292.66	0
8.16	1
230.53	0
231.72	0
233.77	0
236.52	0
239.24	0
239.54	0
239.77	0
8.35	1
411.13	0
416.05	0
416.83	0
417.53	0
420.98	0
421.83	0
424.46	0
3.10	1
150.88	0
168.10	0
183.21	0
183.68	0
184.18	0
185.50	0
187.21	0
2.32	1
281.27	0
286.13	0
286.46	0
294.69	0
298.56	0
299.00	0
299.14	0
0.85	1
19.83	1
19.86	1
55.91	0
61.02	0
70.63	0
70.79	0
78.06	0
0.88	1
10.45	1
25.06	1
27.48	1
34.15	1
37.43	1
40.19	1
48.32	0
185.71	0
188.99	1
209.33	0
209.72	0
212.69	0
213.81	0
215.09	0
215.64	0
189.94	0
205.27	0
458.37	0
458.70	0
468.17	0
470.14	0
470.96	0
472.54	0
260.81	0
262.42	0
279.36	0
287.56	0
287.88	0
290.22	0
295.94	0
305.47	0
106.48	0
160.72	0
182.92	0
184.10	0
192.87	0
195.18	0
196.45	0
197.05	0
134.74	0
172.59	0
184.04	1
200.06	0
204.66	1
206.21	1
207.39	0
207.60	0
272.58	0
310.65	1
330.15	0
330.41	0
351.36	0
354.24	0
355.48	0
356.62	0
222.63	0
233.47	0
258.23	0
259.40	0
264.99	0
266.68	1
267.18	0
269.25	0
28.92	1
29.14	1
29.17	1
29.74	1
31.63	1
31.90	1
125.45	0
133.64	0
11.65	1
12.36	1
14.09	1
15.18	1
16.41	1
17.00	1
165.31	0
172.25	0
6.98	1
8.08	1
8.76	1
8.82	1
12.75	1
12.81	1
101.31	0
114.19	0
237.96	1
253.48	1
284.06	0
284.47	0
286.42	0
288.42	0
290.87	0
291.35	0
174.68	1
202.83	1
232.57	0
235.88	0
259.39	0
266.99	0
276.87	0
279.00	0
132.93	0
136.18	1
163.71	1
166.37	0
172.72	0
180.96	0
181.95	0
182.50	0
196.71	1
201.90	1
205.22	0
210.73	0
211.90	1
212.68	0
224.50	0
241.40	0
193.80	0
195.80	0
196.20	0
249.28	0
253.05	0
262.11	0
263.28	0
270.59	0
474.98	0
490.98	0
494.11	0
506.60	0
517.76	0
526.53	0
527.55	0
531.51	0
67.69	1
74.81	1
77.56	1
80.73	0
88.95	0
89.58	0
94.45	0
94.45	0
139.59	0
144.48	0
149.38	0
215.36	0
229.64	0
241.58	0
244.01	0
250.72	0
404.43	0
418.65	0
423.85	0
426.52	0
428.78	0
432.09	0
434.80	0
437.17	0
126.56	0
129.00	0
132.69	0
135.53	0
135.64	0
137.20	0
139.58	0
140.32	0
260.85	0
263.35	0
264.69	0
269.80	0
270.73	0
296.62	0
297.83	0
313.28	0
195.81	0
197.46	0
201.13	0
207.77	0
212.72	0
213.30	0
214.71	0
215.23	0
191.55	0
192.03	0
192.11	0
261.53	0
281.60	0
283.47	0
285.10	0
292.33	0
464.87	1
598.38	0
612.60	0
636.47	0
639.91	0
643.80	0
644.70	0
644.78	0
87.93	1
239.89	0
245.37	0
246.01	0
246.58	0
249.79	0
252.36	0
260.34	0
337.79	0
374.76	0
390.54	0
399.82	0
403.77	0
404.71	0
404.89	0
405.33	0
121.33	0
121.88	1
123.59	0
124.64	1
127.09	0
127.97	0
131.70	0
134.69	0
219.30	0
223.64	0
245.34	0
250.84	0
257.24	0
263.48	0
274.79	0
279.09	0
537.80	0
544.69	0
545.85	0
548.44	0
550.31	0
553.02	0
553.62	0
554.40	0
171.77	0
190.16	0
190.71	0
193.46	0
195.37	0
195.84	0
198.40	0
200.36	0
287.28	0
290.73	0
291.83	0
291.98	0
292.00	0
295.65	0
304.38	0
311.53	0
271.57	0
272.06	0
285.22	0
294.29	0
297.56	0
303.86	0
305.69	0
306.07	0
304.34	0
306.49	0
313.20	0
323.28	0
354.52	0
356.40	0
356.42	0
358.15	0
290.43	0
333.27	0
336.47	0
336.68	0
337.53	0
338.86	0
338.94	0
342.03	0
456.58	0
460.16	0
463.96	0
464.33	0
466.46	0
466.92	0
467.44	0
468.38	0
110.77	0
113.17	0
118.28	0
123.29	0
123.61	0
126.03	0
129.65	0
131.92	1
101.03	1
116.14	1
116.92	1
148.32	1
171.35	1
172.16	1
178.98	1
178.99	1
113.18	0
115.96	0
119.03	0
122.56	0
125.34	0
126.58	0
134.20	0
136.50	0
143.95	0
145.58	0
152.34	0
152.77	0
153.49	0
161.32	0
163.16	0
164.69	0
136.46	0
137.42	0
143.64	0
143.97	0
144.02	0
144.90	0
149.74	0
150.44	0
136.75	0
141.20	0
142.99	0
143.06	0
143.36	0
144.45	0
144.74	0
144.85	0
139.92	0
144.53	0
144.63	0
145.66	0
151.46	0
151.81	0
153.54	0
154.18	0
180.49	0
192.38	0
194.04	0
196.40	0
197.13	0
197.84	0
198.52	0
198.86	0
26.94	1
28.09	1
29.00	1
29.02	1
30.43	1
30.63	1
33.28	1
43.62	1
122.82	0
124.23	0
131.23	0
132.12	0
137.02	0
140.75	0
140.94	0
141.95	0
101.48	0
101.99	0
105.52	0
106.93	0
107.63	0
107.77	0
109.65	0
112.73	0
106.33	0
108.38	0
114.69	0
116.30	0
116.46	0
125.03	0
128.70	0
128.73	0
128.64	0
130.70	0
131.14	0
132.00	0
137.09	0
138.32	0
138.35	0
138.95	0
108.74	0
114.64	0
117.72	0
119.28	0
120.65	0
122.42	0
126.61	0
130.79	0
26.41	1
27.06	1
27.51	1
29.31	1
30.81	1
31.15	1
34.13	1
40.58	1
116.23	1
123.91	0
124.34	0
130.69	0
130.91	0
133.60	0
135.74	0
139.52	0
105.32	1
106.55	1
107.58	1
107.98	1
109.19	1
111.01	1
111.24	1
111.90	1
113.05	1
117.99	0
132.91	0
134.85	0
137.36	0
144.54	0
144.88	0
144.90	0
99.07	0
103.05	0
105.31	0
110.21	0
110.26	0
113.34	0
118.51	0
121.55	0
91.97	0
100.82	0
101.30	0
107.76	0
109.44	0
111.74	0
112.94	0
115.59	0
93.19	0
98.35	0
102.41	0
109.61	0
117.69	0
118.50	0
118.78	0
121.00	0
92.11	0
97.80	0
101.74	0
103.76	0
104.66	0
108.30	0
120.76	0
128.74	0
87.12	0
90.63	0
92.50	0
98.00	0
102.65	0
105.48	0
106.85	0
107.68	0
209.11	0
225.51	0
226.07	0
226.13	0
227.82	0
229.51	0
230.64	0
237.34	0
212.73	0
217.24	0
220.81	0
222.07	0
240.11	0
244.74	0
247.17	0
254.54	0
81.97	1
83.98	1
87.84	1
90.05	0
99.48	1
105.16	0
106.85	0
109.61	0
12.94	1
24.37	1
27.35	1
27.97	1
30.82	1
33.04	0
37.37	1
38.43	1
192.65	0
198.94	1
212.93	0
225.31	0
225.96	0
226.20	0
228.76	0
229.18	0
168.57	0
169.80	0
172.95	0
175.13	0
179.88	0
181.58	0
182.05	0
187.15	0
161.61	0
177.92	0
191.33	0
191.66	0
194.87	0
196.68	0
196.71	0
199.60	0
84.73	0
91.12	0
94.69	0
95.58	0
97.25	0
99.13	0
99.74	0
100.35	0
15.14	1
23.98	1
24.11	1
36.40	1
51.62	0
70.17	0
76.55	0
78.09	0
149.47	0
153.06	0
153.11	0
153.38	0
155.70	0
157.63	0
158.48	0
167.41	0
107.73	0
113.56	0
119.08	0
121.79	0
123.15	0
123.88	0
123.93	0
126.41	0
114.19	0
143.43	0
146.66	0
152.84	0
153.38	0
157.02	0
159.08	0
160.30	0
84.03	0
91.64	0
91.81	0
94.37	0
96.50	0
108.52	0
110.27	0
111.12	0
171.69	0
172.63	0
174.78	0
175.01	0
176.42	0
179.94	0
183.95	0
184.19	0
57.00	1
90.94	0
96.37	0
99.23	0
99.80	0
104.57	0
105.85	0
107.66	0
155.01	0
157.66	0
160.97	0
162.86	0
165.82	0
173.97	0
176.13	0
178.61	0
117.49	0
120.55	0
123.22	0
126.58	0
128.49	0
129.81	0
137.53	0
139.31	0
85.19	0
91.95	0
92.84	0
97.40	0
97.57	0
99.76	0
99.77	0
99.89	0
7.07	1
15.71	1
19.18	1
33.54	1
50.13	0
69.90	0
75.88	0
78.28	0
158.76	0
162.81	0
162.84	0
164.40	0
166.48	0
166.92	0
170.92	0
176.62	0
109.12	0
112.18	0
116.47	0
116.48	0
120.82	0
123.00	0
127.71	0
129.47	0
133.24	0
141.37	0
143.28	0
145.08	0
147.86	0
151.45	0
155.15	0
155.60	0
96.71	0
98.41	0
100.76	0
102.12	0
102.18	0
104.24	0
112.79	0
119.57	0
128.71	1
140.71	0
143.66	0
146.20	1
149.43	0
151.44	1
152.77	0
156.00	0
172.13	0
172.84	0
174.91	0
182.27	0
182.35	0
184.92	0
191.24	0
191.58	0
134.82	0
144.95	0
145.98	0
146.43	0
146.91	0
150.05	0
152.78	0
160.76	0
78.66	1
92.01	0
99.14	0
106.28	0
106.59	0
109.32	0
115.05	0
120.41	0
139.51	0
144.39	0
148.70	0
153.04	0
157.57	0
157.92	0
162.66	0
164.46	0
96.82	0
102.31	0
105.64	0
109.70	0
114.57	0
118.26	0
120.36	0
120.42	0
229.83	0
231.23	0
231.90	0
233.76	0
236.76	0
238.24	0
238.72	0
238.89	0
160.68	0
169.72	0
172.46	0
173.63	0
178.15	0
178.69	0
185.18	0
188.06	0
406.91	0
408.67	0
408.79	0
409.72	0
415.87	0
422.31	0
423.58	0
424.00	0
206.45	0
208.38	0
210.82	0
221.20	0
221.35	0
221.68	0
222.36	0
222.48	0
354.94	0
355.04	0
355.55	0
355.84	0
355.96	0
356.93	0
357.06	0
357.24	0
742.93	0
746.88	0
749.05	0
755.38	0
763.67	0
767.58	0
768.50	0
773.44	0
162.14	0
165.83	0
166.46	0
167.18	0
169.65	0
174.03	0
174.34	0
175.31	0
44.84	1
52.37	0
58.54	0
60.46	0
62.19	0
67.73	0
81.09	0
86.00	0
19.29	1
43.40	0
46.83	0
54.13	0
68.81	0
70.50	0
76.07	0
76.69	0
21.92	1
45.27	0
48.48	0
55.25	0
69.53	0
75.56	0
77.24	0
77.52	0
146.44	0
149.35	0
149.53	0
159.06	0
160.71	0
167.29	0
173.38	0
173.55	0
349.26	0
351.54	0
353.15	0
354.62	0
354.79	0
355.57	0
356.22	0
357.06	0
545.79	1
547.41	1
548.37	0
552.78	1
553.16	1
554.63	0
555.13	0
564.65	0
275.23	0
276.06	0
277.14	0
277.16	0
281.04	0
281.28	0
281.55	0
282.28	0
156.62	0
163.74	0
168.12	0
169.46	0
172.33	0
172.98	0
178.75	0
180.43	0
428.57	0
428.97	0
432.08	0
436.18	0
437.42	0
441.38	0
443.46	0
443.78	0
199.57	0
200.10	0
206.05	0
211.81	0
211.86	0
215.72	0
216.24	0
216.86	0
374.27	0
383.37	0
388.52	0
389.92	0
391.38	0
392.15	0
392.61	0
393.88	0
669.08	0
670.32	0
675.53	0
675.98	0
680.44	0
686.24	0
686.29	0
687.34	0
155.58	0
157.35	0
159.30	0
161.10	0
166.86	0
167.13	0
168.38	0
172.29	0
61.68	1
123.88	0
126.12	0
126.19	0
128.75	0
130.98	0
134.76	0
136.73	0
23.38	1
81.49	1
199.35	0
202.13	0
206.92	0
210.71	0
211.10	0
212.35	0
6.74	1
12.74	1
126.79	0
127.57	0
140.19	0
149.88	0
150.38	0
150.65	0
22.09	1
159.43	0
161.68	0
165.14	0
167.03	0
169.50	0
170.49	0
172.27	0
52.30	1
53.38	1
54.30	1
54.42	1
55.43	1
58.32	1
58.35	1
59.48	1
109.95	0
115.34	0
115.42	0
121.16	0
124.35	0
124.54	0
125.52	0
126.29	0
27.93	0
29.76	1
32.45	1
35.34	0
44.20	1
46.30	0
47.32	1
50.62	0
8.58	1
15.82	1
15.99	1
16.40	1
21.64	1
26.36	1
27.55	1
28.40	1
182.60	0
183.95	1
190.34	0
196.04	0
196.49	0
196.66	0
196.88	0
197.09	0
203.79	0
282.00	0
293.00	0
293.96	0
296.65	0
296.94	0
298.08	0
299.88	0
166.98	0
168.88	0
171.28	0
171.78	0
172.05	0
172.77	0
173.49	0
174.14	0
200.01	1
217.15	0
224.30	0
228.21	0
229.05	0
229.37	0
229.40	0
230.58	0
32.63	1
163.19	0
164.04	0
164.46	0
167.79	0
167.93	0
168.24	0
170.92	0
250.59	0
257.49	0
258.71	0
260.67	0
261.12	0
263.07	0
263.86	0
263.94	0
99.01	1
123.08	0
123.68	0
124.70	0
127.75	0
127.79	0
129.99	0
131.10	0
152.44	0
155.51	0
160.95	0
162.06	0
163.54	0
165.37	0
170.79	0
171.88	0
127.79	0
129.66	0
130.35	0
130.35	0
131.22	0
132.30	0
134.40	0
134.79	0
285.64	0
287.02	0
291.14	0
293.59	0
294.09	0
294.40	0
297.82	0
297.94	0
25.36	1
26.19	1
29.43	1
40.49	1
51.11	1
66.29	0
69.53	0
74.66	0
3.59	1
7.90	1
11.76	1
14.14	1
15.25	1
21.63	1
27.91	1
28.62	1
114.75	0
125.73	0
177.20	0
179.11	0
182.63	0
183.73	0
184.90	0
186.26	0
135.81	1
201.34	0
230.05	0
235.64	0
237.15	0
240.33	0
241.10	0
241.42	0
16.18	1
38.16	1
66.24	0
68.19	0
79.78	0
81.88	0
83.12	0
85.01	0
175.38	0
176.11	1
188.31	1
209.03	0
215.99	0
216.70	0
219.37	0
225.23	0
130.31	1
143.80	1
206.28	0
229.45	0
237.58	0
240.05	0
241.35	0
241.53	0
147.70	1
158.08	0
159.46	1
159.91	0
163.06	0
166.24	1
166.69	1
167.18	1
149.87	0
170.28	0
202.95	0
207.37	0
209.61	0
211.49	0
212.43	0
218.08	0
200.31	0
208.53	1
232.84	0
233.49	0
239.35	0
241.10	0
242.27	0
242.47	0
236.37	0
258.27	0
261.21	0
261.29	0
261.90	0
262.16	0
262.32	0
262.48	0
184.63	0
217.03	0
219.59	0
220.02	0
220.40	0
223.52	0
225.62	0
226.38	0
81.49	1
82.03	1
91.16	1
91.30	1
95.77	1
96.07	1
97.32	1
108.01	1
238.81	1
246.41	1
260.93	0
264.96	0
270.84	1
276.44	0
288.51	0
294.39	0
189.23	0
260.98	0
261.65	0
275.37	0
276.55	0
278.09	0
278.60	0
279.00	0
176.63	0
185.79	0
202.75	0
205.11	0
206.64	0
215.61	0
216.51	0
216.98	0
157.19	0
169.88	0
180.55	0
192.00	0
194.84	0
196.16	0
197.56	0
198.63	0
184.96	0
187.01	0
187.27	0
189.07	0
190.00	0
190.31	0
191.16	0
191.30	0
252.26	0
253.32	0
255.68	0
255.87	0
256.23	0
256.68	0
258.12	0
258.30	0
122.55	0
141.61	0
141.74	0
143.89	0
144.51	0
146.72	0
148.66	0
149.62	0
203.33	0
205.04	0
207.58	0
207.75	0
208.29	0
209.19	0
209.88	0
210.41	0
45.69	1
45.91	1
49.82	1
50.64	1
61.22	1
66.51	1
67.95	1
76.86	0
266.80	0
274.54	0
275.64	0
276.94	0
277.86	0
278.06	0
281.53	0
282.64	0
260.47	0
260.83	0
263.75	0
264.20	0
265.28	0
267.41	0
268.28	0
269.47	0
235.48	0
235.99	0
236.67	0
238.35	0
238.52	0
239.06	0
239.50	0
239.83	0
255.34	0
255.55	0
256.31	0
257.74	0
259.28	0
260.30	0
263.05	0
263.22	0
201.54	0
206.91	0
209.02	0
210.55	0
211.16	0
212.12	0
213.78	0
214.31	0
170.93	0
186.15	0
200.83	0
201.68	0
204.42	0
204.54	0
204.76	0
210.61	0
178.21	0
179.41	0
180.39	0
181.49	0
181.78	0
183.81	0
185.03	0
187.43	0
193.32	0
196.93	0
197.15	0
197.59	0
199.04	0
200.91	0
202.75	0
203.23	0
26.82	1
29.90	1
40.16	1
40.24	1
60.75	1
60.82	1
86.63	0
91.67	1
2.37	1
2.38	1
9.34	1
12.71	1
14.71	1
15.66	1
22.80	1
30.27	1
163.05	1
185.32	0
197.35	0
198.32	1
205.17	0
207.19	0
209.64	0
215.89	0
249.46	0
253.54	0
264.67	0
264.77	0
272.43	0
273.39	0
274.84	0
276.52	0
548.32	0
555.63	0
560.18	0
561.51	0
562.50	0
563.35	0
567.55	0
568.11	0
294.68	0
297.28	0
300.84	0
303.09	0
304.78	0
304.96	0
307.73	0
308.78	0
186.15	0
191.95	0
192.68	0
193.80	0
194.30	0
194.32	0
194.43	0
197.54	0
116.82	0
146.78	0
150.68	1
159.23	0
160.52	0
162.72	0
162.88	0
163.27	0
52.62	0
68.10	0
70.27	0
72.35	0
85.56	1
92.87	1
100.60	0
100.98	0
191.90	1
197.49	1
199.19	1
200.48	1
206.41	0
217.56	1
226.15	0
228.12	0
195.44	0
213.09	0
241.63	0
263.08	0
263.55	0
271.47	0
274.51	0
278.01	0
173.95	0
181.22	0
183.92	0
185.99	0
187.99	0
188.77	0
189.18	0
190.68	0
65.74	1
65.75	1
69.26	1
77.96	1
81.79	0
82.18	1
82.88	0
84.90	0
143.90	1
146.02	1
162.52	1
163.46	0
166.16	1
179.07	0
184.28	0
194.51	0
90.30	1
149.44	0
171.16	0
183.38	1
219.35	0
234.01	0
235.97	0
236.94	0
63.86	0
64.25	0
67.44	0
70.77	0
70.98	0
74.03	0
75.53	0
78.24	0
57.27	1
57.60	1
65.22	1
65.32	1
71.61	1
73.62	1
75.71	1
76.72	1
173.76	0
175.56	0
197.22	0
199.48	0
201.27	0
203.55	0
206.52	0
206.61	0
152.30	0
157.03	0
157.65	0
161.25	0
164.26	0
164.89	0
165.80	0
166.02	0
181.41	0
182.23	0
183.01	0
183.01	0
183.30	0
183.66	0
183.71	0
184.00	0
184.34	0
194.43	0
209.48	0
209.49	0
209.54	0
209.83	0
211.81	0
212.84	0
205.27	0
207.34	0
219.17	1
221.28	0
236.45	1
237.75	0
240.21	0
241.17	0
140.23	1
161.93	1
162.98	0
195.42	0
198.55	0
198.77	0
199.60	0
203.14	0
267.73	0
272.25	0
273.42	0
274.86	0
275.93	0
276.39	0
277.29	0
279.36	0
291.34	0
293.88	0
297.39	0
299.98	0
302.92	0
303.63	0
304.00	0
304.72	0
210.92	0
216.53	0
221.86	0
226.40	0
229.45	0
232.59	0
233.28	0
235.28	0
167.66	0
168.52	0
169.13	0
170.13	0
172.87	0
172.95	0
176.17	0
176.41	0
312.60	0
320.05	0
326.71	0
331.82	0
332.81	0
334.20	0
335.54	0
335.70	0
41.83	1
56.97	1
57.93	1
65.15	1
68.54	1
70.64	1
93.78	1
96.34	0
4.14	1
5.88	1
6.69	1
7.03	1
7.96	1
11.43	1
19.31	1
28.79	1
147.87	1
156.94	0
161.93	1
178.63	0
179.30	0
179.40	0
182.35	0
183.15	0
159.74	0
161.85	0
162.16	0
162.61	0
163.23	0
164.13	0
167.74	0
170.93	0
203.07	0
204.96	0
205.74	0
205.77	0
209.56	0
211.85	0
213.27	0
213.84	0
106.64	0
115.15	0
117.56	0
119.19	0
119.22	0
119.79	0
120.88	0
121.97	0
117.62	1
135.02	1
149.64	1
166.48	1
169.53	1
172.98	0
178.00	0
179.64	0
52.08	1
136.86	1
165.68	1
191.77	0
208.70	0
209.13	0
215.02	0
216.32	0
73.35	1
122.87	0
138.28	0
148.79	0
165.74	0
192.17	0
192.89	0
193.27	0
50.57	1
61.70	0
62.90	1
68.90	1
69.02	1
71.79	1
71.96	1
81.74	1
68.50	0
130.56	1
162.31	1
163.16	0
185.80	0
221.20	0
224.94	0
225.13	0
129.91	1
141.55	0
150.84	1
160.30	0
180.05	0
185.71	0
189.00	0
190.38	0
118.28	0
127.88	0
132.32	0
140.53	0
154.68	0
169.46	0
169.53	0
173.68	0
133.00	0
141.40	0
144.23	0
144.67	0
144.84	0
145.37	0
150.17	0
150.38	0
228.35	0
240.90	0
242.44	0
243.01	0
244.86	0
244.90	0
246.36	0
246.45	0
321.03	0
321.59	0
322.06	0
322.99	0
324.79	0
325.41	0
325.55	0
325.62	0
177.39	0
189.09	0
189.32	0
189.64	0
193.37	0
194.19	0
194.50	0
195.20	0
187.50	0
192.51	0
195.88	0
195.96	0
198.07	0
198.11	0
201.05	0
203.11	0
217.16	0
220.20	0
224.33	0
224.36	0
226.99	0
227.00	0
232.33	0
232.84	0
165.78	0
169.39	0
179.69	0
182.09	0
182.79	0
183.57	0
186.76	0
190.57	0
27.33	1
28.40	1
33.39	1
35.98	1
36.31	1
52.74	1
63.77	1
66.28	1
2.30	1
2.86	1
3.24	1
3.56	1
9.46	1
9.70	1
10.56	1
16.38	1
148.41	0
172.55	0
185.56	1
189.71	1
194.37	0
199.42	0
202.09	0
205.16	0
202.15	0
220.07	0
221.84	0
221.89	0
224.64	0
225.02	0
225.89	0
226.49	0
204.15	0
211.41	0
214.55	0
214.96	0
215.15	0
219.69	0
220.36	0
220.49	0
179.18	0
187.94	0
188.67	0
189.50	0
189.66	0
191.16	0
192.19	0
192.25	0
171.77	0
190.77	0
193.16	0
196.99	0
198.39	0
198.68	0
200.28	0
203.01	0
60.99	0
131.97	0
134.20	0
134.44	0
136.82	0
136.89	0
143.77	1
144.10	0
85.38	0
126.85	0
130.20	0
130.53	0
132.46	0
136.87	0
136.88	0
143.23	0
45.28	1
45.70	1
49.27	1
50.25	1
51.45	1
55.53	1
56.62	0
58.24	1
2.75	1
3.21	1
4.41	1
6.50	1
9.64	1
9.66	1
10.67	1
18.11	1
147.51	1
153.88	0
178.02	1
198.47	0
201.30	0
203.73	0
206.22	1
207.22	0
324.38	0
340.76	0
343.28	0
345.63	0
346.67	0
349.08	0
349.76	0
350.04	0
329.59	0
336.92	0
339.53	0
346.18	0
346.92	0
348.80	0
353.98	0
357.10	0
266.67	0
272.38	0
276.27	0
277.21	0
278.07	0
279.18	0
279.65	0
280.27	0
141.21	0
159.33	0
215.05	0
216.46	0
219.34	0
220.64	0
221.21	0
222.72	0
290.55	0
296.35	0
309.75	0
327.88	0
328.84	0
331.24	0
331.62	0
336.03	0
235.28	0
243.91	0
246.94	0
248.39	0
249.11	0
250.69	0
251.03	0
251.88	0
162.24	0
242.76	0
253.58	1
254.30	0
260.57	0
261.84	0
265.26	0
272.74	0
227.15	0
252.85	0
319.11	0
322.85	0
338.40	0
338.44	0
338.90	0
340.43	0
354.86	0
355.51	0
356.77	0
356.92	0
358.21	0
358.96	0
362.50	0
372.79	0
55.36	1
117.69	0
118.90	0
120.60	0
121.44	0
122.62	0
124.13	0
124.43	0
294.74	0
354.97	0
381.92	0
382.09	0
384.54	0
385.58	0
386.71	0
386.84	0
142.81	0
144.16	0
147.16	0
149.57	0
153.16	0
156.25	0
159.98	0
160.89	0
145.82	0
185.71	0
203.32	0
226.31	0
230.92	0
232.25	0
241.32	0
247.71	0
50.23	0
94.61	0
105.39	0
143.20	0
143.63	0
152.32	0
152.46	0
153.10	0
74.76	1
95.05	1
106.66	0
111.93	0
119.82	0
120.89	0
128.94	0
130.71	0
74.61	1
96.91	1
99.56	1
101.15	1
121.53	1
121.92	1
124.25	1
126.14	1
1.25	1
3.08	1
3.82	1
3.89	1
6.41	1
9.17	1
10.63	1
10.82	1
180.01	0
188.81	0
199.96	0
204.51	0
216.32	0
223.12	0
224.89	0
225.09	0
124.11	0
130.93	0
141.78	0
160.43	0
167.58	0
167.86	0
169.64	0
170.46	0
253.25	0
265.98	0
273.02	0
274.43	0
274.78	0
276.80	0
277.24	0
278.27	0
69.60	0
101.15	0
110.86	0
111.15	0
116.94	0
117.39	0
120.48	0
120.63	0
98.04	0
98.50	0
98.64	0
99.35	0
99.53	0
99.86	0
102.31	0
102.55	0
102.35	0
102.58	0
111.35	0
111.61	0
112.92	0
113.52	0
113.59	0
113.79	0
131.26	1
146.14	0
163.37	0
164.57	0
164.60	0
164.90	0
165.60	0
166.22	0
200.11	0
200.86	0
200.97	0
203.88	0
203.88	0
204.64	0
204.98	0
205.01	0
124.73	1
126.03	0
126.47	1
128.73	1
129.08	1
130.53	1
130.90	1
131.44	1
202.31	1
210.00	1
215.11	0
222.83	0
225.29	1
231.92	0
232.66	0
237.08	0
116.54	1
164.31	0
185.16	0
187.46	0
191.30	0
192.21	0
193.79	0
194.30	0
34.11	1
175.12	0
175.91	0
178.34	0
178.37	0
181.50	0
182.26	0
182.36	0
231.05	1
233.93	1
234.18	1
234.97	0
235.98	0
236.20	0
237.21	1
238.49	1
208.90	0
214.20	1
224.85	1
234.17	0
237.61	0
239.30	0
243.39	0
244.09	0
185.61	0
210.41	1
216.73	1
235.95	0
242.70	1
253.78	0
255.25	1
259.75	0
239.76	0
275.44	0
277.82	0
280.25	0
281.26	0
282.47	0
285.03	0
285.06	0
29.49	1
32.51	1
34.12	1
38.47	1
77.79	1
81.33	0
81.58	0
81.78	1
154.65	1
169.65	1
170.84	1
182.59	1
193.21	0
199.90	0
202.18	0
212.63	0
185.52	0
239.07	0
245.85	0
248.73	0
250.41	0
251.97	0
253.57	0
253.68	0
158.08	0
197.63	0
202.86	0
207.01	0
207.54	0
208.92	0
212.49	0
212.75	0
126.51	0
155.25	0
157.36	0
161.24	0
162.37	0
163.25	0
164.82	0
167.65	0
69.45	1
71.28	1
75.60	1
75.60	1
77.42	1
77.83	1
80.88	0
91.96	1
220.61	0
236.21	1
238.19	1
247.92	0
248.94	0
251.73	0
252.50	0
253.09	0
233.04	0
252.37	0
252.43	0
264.40	0
265.22	0
265.80	0
266.84	0
267.61	0
264.93	0
266.68	0
271.20	0
272.62	0
272.83	0
273.93	0
276.51	0
276.96	0
149.71	0
185.95	0
192.18	0
199.65	0
200.75	0
201.52	0
207.33	0
207.57	0
101.14	1
125.79	1
143.86	0
167.70	1
169.47	0
170.27	1
173.59	0
174.33	0
153.62	0
191.33	0
191.54	0
192.92	0
195.71	0
197.78	0
199.84	0
200.82	0
103.08	1
105.21	1
105.96	1
107.48	1
107.55	1
110.05	1
110.62	1
114.08	1
242.78	0
244.17	0
245.85	0
247.28	0
248.84	0
249.29	0
249.50	0
250.62	0
248.74	1
249.11	1
249.89	1
253.22	1
258.61	1
274.11	0
275.52	0
279.96	0
78.51	1
89.37	1
135.58	0
141.78	0
143.53	0
145.39	1
145.91	0
146.34	0
249.28	0
252.12	0
252.87	0
256.41	0
256.80	0
259.26	0
260.45	0
261.65	0
68.70	1
85.56	0
98.53	0
101.25	0
103.22	0
104.68	0
104.82	0
106.45	0
106.21	1
112.95	1
123.46	0
129.84	1
154.66	0
163.35	0
163.58	1
167.17	0
177.29	0
183.55	0
184.53	0
185.02	0
186.41	0
186.48	0
189.46	0
191.06	0
107.61	0
146.72	0
147.27	0
152.82	0
155.70	0
157.86	0
164.55	1
164.92	0
139.17	0
198.87	0
202.87	0
210.64	0
211.62	1
219.11	1
219.47	0
239.11	1
148.93	1
215.54	0
238.61	0
239.60	0
239.81	0
243.84	0
245.56	0
246.30	0
147.15	1
148.99	0
151.07	0
168.60	0
173.19	0
180.27	0
181.97	0
182.66	0
36.25	1
41.50	1
44.64	1
48.76	1
60.33	1
67.41	1
81.26	1
82.04	1
83.87	1
108.85	0
111.09	0
237.33	1
255.16	1
284.88	0
293.33	0
294.21	0
64.01	0
68.85	0
151.38	0
275.52	0
306.95	0
312.42	0
319.52	1
329.69	0
46.59	1
58.43	1
137.88	0
146.99	0
147.91	0
156.74	0
157.17	0
157.41	0
143.85	0
171.28	0
225.75	0
233.37	1
248.33	0
253.04	0
258.13	0
258.63	0
64.88	1
160.58	0
203.73	0
210.07	0
213.52	0
214.42	0
224.45	0
229.67	0
11.46	1
217.04	0
221.92	0
222.93	0
228.33	0
230.77	0
231.13	0
234.04	0
10.83	1
74.61	1
74.88	1
75.11	1
75.17	1
81.82	1
82.41	1
82.50	1
19.41	1
216.98	0
224.80	0
325.37	0
338.04	0
342.39	0
361.33	0
368.03	0
2.17	1
120.80	0
122.80	0
125.05	0
125.36	0
125.74	0
126.87	0
129.72	0
18.81	0
224.44	0
316.52	0
329.23	0
369.16	0
387.19	0
391.56	0
397.11	0
89.28	1
318.82	0
325.88	0
326.52	0
327.07	0
327.47	0
328.83	0
330.96	0
47.29	1
169.48	1
170.28	1
224.11	0
254.73	0
255.57	0
256.95	0
258.67	0
200.12	1
205.99	1
236.05	0
239.02	0
239.29	0
239.64	0
260.92	0
267.61	0
64.07	0
89.85	0
148.47	0
182.77	0
191.96	0
192.32	1
193.91	1
194.29	0
92.16	1
138.06	1
167.82	1
191.15	0
202.19	0
212.04	0
212.17	0
217.42	0
64.65	1
70.48	1
147.92	1
213.48	0
218.91	0
219.13	0
227.62	0
232.48	0
148.96	0
152.61	0
156.56	0
158.35	0
161.08	0
161.90	0
164.43	0
164.48	0
247.46	0
247.67	0
249.72	0
253.84	0
253.96	0
254.14	0
256.12	0
258.00	0
40.02	1
48.33	1
48.50	1
48.52	1
49.49	1
59.42	1
61.13	1
61.18	1
227.07	1
232.62	0
247.27	0
253.82	0
254.12	0
256.87	0
262.40	0
263.74	0
182.76	0
188.40	0
188.94	0
196.02	0
200.62	0
201.08	0
202.35	0
204.26	0
145.91	0
155.87	0
155.97	0
156.33	0
157.42	0
157.97	0
158.52	0
160.81	0
78.87	1
138.26	0
140.74	0
146.09	0
148.30	0
149.96	0
150.45	0
151.67	0
225.94	0
230.12	0
230.30	0
231.23	0
232.03	0
234.86	0
235.29	0
236.17	0
67.57	1
216.14	0
217.31	0
219.81	0
221.23	0
223.04	0
224.33	0
230.64	0
25.36	1
26.43	1
26.65	1
28.27	1
34.57	1
36.07	1
57.72	1
61.98	1
1.86	1
2.34	1
3.10	1
4.18	1
4.20	1
4.97	1
5.44	1
10.58	1
91.39	0
117.96	0
142.04	1
146.65	1
165.09	0
165.67	0
165.75	0
168.33	0
85.96	1
179.90	0
186.09	1
217.80	0
219.80	0
222.04	0
224.25	0
225.87	0
6.22	1
28.02	1
163.56	0
164.93	0
165.84	0
169.53	0
169.91	0
170.63	0
174.60	0
192.65	0
198.22	0
218.42	0
230.19	0
230.80	0
233.74	0
233.76	0
159.01	0
183.48	0
183.91	0
190.71	0
197.48	0
199.49	1
199.56	0
205.82	0
267.37	0
268.31	0
271.53	0
272.06	0
272.26	0
273.23	0
275.40	0
276.13	0
257.64	0
264.94	0
268.25	0
270.85	0
272.04	0
274.35	0
276.18	0
276.89	1
119.11	0
122.51	1
126.14	0
127.03	0
128.02	0
129.39	0
130.33	0
131.19	0
90.34	1
125.96	0
139.48	0
165.83	0
165.85	0
166.11	0
167.35	0
168.15	0
20.34	1
81.53	0
89.25	0
100.65	0
101.11	0
101.79	0
103.39	0
103.89	0
88.53	1
99.36	0
105.61	1
108.59	0
112.25	0
116.19	0
116.89	0
116.96	0
138.31	0
142.73	0
142.89	0
156.09	0
163.23	0
163.95	0
164.15	0
164.97	0
140.12	0
143.94	0
146.84	0
148.11	0
150.11	0
151.71	0
152.63	0
152.64	0
74.96	1
128.97	1
140.61	0
158.26	0
171.82	0
173.30	0
174.09	0
179.38	0
39.92	1
97.07	0
136.24	1
153.17	0
198.82	0
208.33	0
220.96	0
222.12	0
12.38	1
145.27	0
154.23	1
156.52	0
159.99	0
167.66	0
178.69	0
179.08	0
10.25	1
34.52	1
34.88	1
35.28	1
36.85	1
46.24	1
62.68	1
63.46	1
58.37	1
66.65	1
124.27	0
128.83	0
147.92	0
197.23	1
203.43	1
203.89	0
60.45	1
82.46	0
92.13	0
116.22	0
172.49	0
217.64	0
254.36	0
281.54	0
10.62	1
56.01	1
64.06	1
116.65	0
126.04	0
127.18	0
132.29	0
134.26	0
47.52	1
158.97	0
174.49	0
193.92	0
224.61	0
228.69	1
247.17	0
247.43	0
23.84	1
58.20	1
158.77	0
170.96	0
193.09	0
197.15	0
197.29	0
198.32	0
8.28	1
18.27	1
215.77	0
220.70	0
221.13	0
225.65	0
228.68	0
229.09	0
33.98	1
48.85	1
129.17	0
129.35	0
138.46	1
139.42	1
139.59	1
140.32	1
23.80	1
36.99	1
208.44	0
209.62	0
223.36	0
287.75	0
296.00	0
300.83	0
2.88	1
5.46	1
121.47	0
123.51	0
125.74	0
126.37	0
126.66	0
127.69	0
33.08	0
43.14	1
217.38	0
238.92	0
277.58	0
302.23	0
307.12	0
341.24	0
20.38	1
92.05	1
360.37	0
361.48	0
363.02	0
363.64	0
364.61	0
365.47	0
20.79	1
35.54	1
181.13	1
183.98	1
246.93	0
247.28	0
267.84	0
271.85	0
88.05	1
131.84	0
155.97	1
190.28	1
204.59	0
214.26	0
216.01	0
217.73	0
50.13	1
62.37	1
67.13	0
129.53	1
164.20	1
168.37	0
174.15	0
195.75	0
25.83	1
29.90	1
70.75	1
134.16	1
199.04	0
214.00	0
215.38	0
232.98	0
19.94	0
20.95	0
88.82	0
90.15	0
93.39	0
97.86	0
101.31	0
101.46	0
19.85	1
97.53	0
112.34	1
139.92	1
150.62	0
162.33	0
169.34	0
169.47	0
4.93	1
5.43	1
9.30	1
10.22	1
10.34	1
11.42	1
22.53	1
113.13	0
4.08	1
6.44	1
8.66	1
10.32	1
11.04	1
11.77	1
12.03	1
161.73	0
2.42	1
7.35	1
8.53	1
9.53	1
9.54	1
9.90	1
10.58	1
116.89	0
25.01	1
25.70	1
52.51	1
54.48	1
58.04	1
59.15	1
65.47	1
67.45	1
17.98	1
22.87	1
48.76	1
82.35	1
184.16	0
190.59	0
190.60	0
201.69	0
17.05	1
37.62	1
52.14	1
91.59	1
233.02	0
239.92	0
249.80	0
255.51	0
27.27	1
49.67	1
50.58	1
51.23	1
54.48	1
54.56	1
55.61	1
58.27	1
27.46	1
28.18	1
31.05	1
36.60	1
36.74	1
38.17	1
38.38	1
47.57	1
197.18	1
198.77	1
200.62	1
202.00	1
202.17	0
203.10	0
206.47	0
207.05	0
237.67	0
245.93	0
247.50	0
248.42	0
252.40	0
252.49	0
252.64	0
253.07	0
47.57	1
48.39	1
48.92	1
49.96	1
51.40	1
51.81	1
53.11	1
72.49	1
220.44	0
224.04	0
232.61	0
241.72	0
249.96	0
250.21	0
256.47	0
259.42	0
121.03	1
143.31	1
145.64	1
181.69	1
185.62	1
242.41	0
253.54	0
254.07	0
172.87	0
180.31	0
184.96	0
186.99	0
187.29	0
191.29	0
198.27	0
203.10	0
135.75	1
143.83	0
156.54	0
161.06	0
162.90	0
162.99	0
164.03	0
165.06	0
243.43	0
249.31	0
264.32	0
270.56	0
277.44	0
278.56	0
282.76	0
283.28	0
75.08	1
92.51	0
110.27	0
124.02	0
127.63	0
128.13	0
129.13	1
131.63	0
196.48	0
213.20	0
217.37	0
217.57	0
218.36	0
221.58	0
221.97	0
222.15	0
55.70	0
58.68	0
95.48	0
108.79	0
114.71	0
115.57	0
120.96	0
122.94	0
125.48	0
134.30	0
134.39	0
135.05	0
138.01	0
139.61	0
140.17	0
140.57	0
62.49	1
68.80	1
70.09	1
71.27	1
78.26	1
78.76	1
79.02	1
80.82	1
2.38	1
2.39	1
2.55	1
2.77	1
3.42	1
3.68	1
4.16	1
4.62	1
86.05	1
117.43	0
224.30	0
228.91	0
230.48	1
233.44	0
236.45	0
236.54	0
250.90	1
258.96	0
273.88	0
274.49	0
274.93	0
284.65	0
289.41	0
294.77	0
155.00	0
177.98	0
188.27	0
188.32	0
197.19	0
197.74	0
199.88	0
199.92	0
128.04	0
130.36	0
135.28	0
136.56	0
137.31	0
141.59	0
143.80	0
145.05	0
173.21	0
189.09	0
194.79	0
208.61	0
213.13	0
213.83	0
215.12	0
215.28	0
84.49	0
265.62	0
283.58	1
283.66	0
290.36	0
303.60	0
307.93	0
310.40	0
39.85	1
77.73	1
99.30	0
111.16	0
119.27	0
134.61	0
135.26	0
140.08	0
40.58	1
197.73	0
225.75	0
231.40	0
235.52	0
245.18	0
248.42	0
249.50	0
4.62	1
51.54	0
54.94	0
92.53	0
108.09	0
112.30	0
113.49	0
118.51	0
79.76	0
108.42	0
114.50	0
114.80	0
115.19	0
118.45	0
118.49	0
119.12	0
70.38	0
82.07	0
83.50	0
84.52	0
85.77	0
86.09	0
87.70	0
91.84	0
42.29	1
44.03	1
84.45	0
84.67	0
87.08	0
88.17	0
88.33	0
88.84	0
215.74	0
217.46	1
219.85	1
225.71	1
227.45	0
229.40	1
230.70	1
231.49	1
225.69	0
231.08	0
235.62	0
258.98	0
259.78	0
262.87	0
276.17	0
281.27	0
45.94	1
52.21	1
218.16	0
223.98	0
225.09	0
225.96	0
226.26	0
228.07	0
88.95	0
90.88	1
112.00	1
116.32	0
159.03	0
167.11	0
173.14	0
182.56	0
5.82	1
12.49	1
56.67	1
62.70	1
127.29	0
132.48	0
137.15	0
141.66	0
43.81	1
69.67	1
121.21	0
164.45	0
170.72	0
193.81	0
202.49	0
224.52	0
42.77	1
60.00	1
76.68	1
178.22	0
218.77	0
223.87	0
225.31	0
226.73	0
8.64	1
14.86	1
22.10	1
200.95	0
205.22	0
207.33	0
210.77	0
213.41	0
34.63	1
47.88	1
56.07	1
150.68	0
150.69	1
152.05	1
152.08	1
153.21	0
26.47	1
26.81	1
33.71	1
227.49	0
228.60	0
229.68	0
244.02	0
281.55	0
2.50	1
2.61	1
3.60	1
116.62	0
117.52	0
120.66	0
121.02	0
121.37	0
29.75	1
35.60	0
42.32	1
206.52	0
217.45	0
235.04	0
319.05	0
322.23	0
19.26	1
22.62	1
112.88	1
386.65	0
396.35	0
396.64	0
396.75	0
397.15	0
9.23	1
23.19	1
36.17	1
180.90	1
182.83	1
245.39	0
246.87	0
247.50	0
223.23	0
230.96	0
268.01	0
273.70	0
278.15	0
279.96	0
280.40	0
280.86	0
79.34	1
195.20	0
253.43	0
263.18	0
264.33	0
264.53	0
264.64	0
266.37	0
8.64	1
56.06	0
58.97	0
99.41	0
111.85	0
117.50	0
119.63	0
123.35	0
115.39	0
143.50	0
145.29	0
145.75	0
148.78	0
149.95	0
150.22	0
151.56	0
86.94	1
94.43	1
98.10	1
109.18	1
109.31	1
109.45	1
115.46	1
116.55	1
15.17	1
16.78	1
17.14	1
17.86	1
18.95	1
19.17	1
21.77	1
22.75	1
98.49	0
136.95	0
140.54	0
140.76	0
142.23	0
146.77	0
152.68	0
155.53	0
178.84	0
185.90	0
199.59	0
202.17	0
204.86	0
204.94	0
210.54	0
210.95	0
141.52	0
146.06	0
156.66	0
158.07	0
159.87	0
160.19	0
160.25	0
160.39	0
127.63	0
130.66	0
130.76	0
135.57	0
137.10	0
137.15	0
137.96	0
138.44	0
197.56	0
204.28	0
210.99	0
217.19	0
218.25	0
218.99	0
223.84	0
223.91	0
211.07	0
223.08	0
241.02	0
243.13	0
248.61	0
248.78	0
250.81	0
251.73	0
96.58	0
97.55	0
105.64	0
106.79	0
107.30	0
110.85	0
112.81	0
115.98	0
62.43	1
63.88	1
68.33	1
99.58	0
105.24	1
110.29	0
117.84	1
120.34	0
66.57	1
93.42	1
96.89	0
109.76	0
110.50	0
113.11	0
113.57	0
114.15	0
102.60	0
103.84	0
104.17	0
104.49	0
108.77	0
108.80	0
110.47	0
112.39	0
84.00	1
100.69	0
105.05	1
107.46	0
112.27	0
113.49	0
114.11	0
116.83	0
133.66	0
135.57	0
143.74	0
145.09	0
151.65	0
153.54	0
154.32	0
154.84	0
88.70	0
92.43	0
94.86	0
97.21	0
98.28	0
99.25	0
100.03	0
102.26	0
52.36	1
57.27	1
89.10	0
89.56	0
93.18	0
93.91	0
94.47	0
97.89	0
18.73	1
20.89	1
21.23	1
21.85	1
26.81	1
27.40	1
30.14	1
32.47	1
1.76	1
1.77	1
2.55	1
2.64	1
3.35	1
3.89	1
4.61	1
5.65	1
157.40	0
163.82	0
169.32	0
171.49	0
173.51	0
173.60	0
173.76	0
174.14	0
94.43	0
95.62	1
98.41	0
100.43	0
100.99	0
101.23	0
102.15	0
103.08	0
51.32	1
57.01	1
59.43	1
74.20	0
75.31	0
76.58	0
77.69	0
79.99	0
79.15	0
79.80	0
80.58	0
82.63	0
83.36	0
84.88	0
86.63	1
89.51	0
29.27	1
30.84	1
36.48	0
39.82	1
39.88	1
40.76	1
40.86	1
41.10	1
