140.98	0
188.65	0
189.22	0
192.07	0
214.41	0
215.09	0
259.46	0
259.87	0
165.70	0
171.75	0
178.72	0
192.78	0
205.64	0
241.65	0
252.74	0
263.05	0
175.39	0
184.48	0
193.41	0
219.34	0
230.57	0
236.45	0
250.79	0
256.66	0
130.57	0
145.62	0
180.53	0
186.27	0
200.94	0
205.06	0
207.89	0
214.02	0
139.20	0
141.62	0
143.56	0
169.26	0
171.62	0
195.96	0
214.35	0
227.69	0
101.06	0
155.42	1
176.89	0
185.53	0
197.96	0
250.34	0
272.88	0
273.07	0
177.60	0
183.07	0
198.68	0
200.00	0
200.49	0
204.70	0
210.32	0
219.66	0
164.47	0
166.68	0
185.50	0
199.73	0
200.59	0
203.02	0
205.00	0
214.50	0
99.14	0
103.75	0
112.48	0
150.80	0
158.93	0
180.91	0
195.78	0
202.00	0
141.74	0
149.60	0
159.71	0
165.21	0
169.59	0
194.78	0
215.05	0
222.02	0
314.30	0
317.82	0
346.99	0
349.26	0
354.59	0
358.82	0
380.62	0
387.98	0
139.43	0
224.15	0
243.55	0
249.16	0
251.37	0
299.42	0
306.93	0
328.47	0
176.81	0
214.68	0
230.61	0
231.45	0
254.82	0
268.85	0
303.69	0
303.90	0
136.56	0
139.44	0
158.15	0
158.81	0
178.28	0
183.98	0
197.95	0
199.77	0
149.60	0
155.12	0
173.85	0
182.78	0
195.26	0
204.46	0
204.92	0
205.76	0
66.13	0
103.54	0
117.67	0
159.74	0
165.67	0
177.08	0
190.35	0
191.49	0
158.08	0
180.00	0
188.61	0
202.80	0
212.95	0
234.01	0
250.32	0
255.03	0
18.49	1
149.90	0
174.20	0
184.47	0
202.47	0
222.02	0
231.39	0
258.35	0
274.49	0
302.96	0
312.54	0
317.13	0
323.98	0
328.85	0
329.63	0
330.28	0
582.60	0
584.86	0
615.72	0
626.24	0
628.30	0
635.26	0
638.16	0
639.52	0
573.37	0
596.50	0
617.78	0
627.64	0
639.78	0
642.60	0
645.06	0
652.90	0
671.15	0
716.99	0
734.33	0
735.05	0
735.08	0
743.96	0
752.73	0
760.09	0
831.54	0
870.71	0
876.25	0
882.30	0
886.39	0
892.33	0
894.14	0
894.44	0
473.40	0
478.37	0
480.71	0
484.24	0
495.76	0
496.92	0
511.73	0
512.26	0
217.44	0
226.01	0
253.64	0
262.35	0
262.47	0
267.83	0
274.34	0
277.19	0
227.27	0
227.33	0
233.52	0
246.96	0
247.82	0
249.02	0
265.57	0
269.92	0
258.18	0
291.19	0
296.98	0
304.65	0
307.35	0
307.69	0
311.48	0
317.91	0
539.97	0
545.67	0
562.02	0
569.85	0
575.78	0
580.53	0
582.71	0
585.21	0
653.60	0
660.71	0
661.26	0
669.18	0
670.02	0
673.67	0
674.50	0
675.22	0
504.01	0
505.39	0
505.81	0
511.53	0
516.09	0
532.30	0
534.99	0
540.69	0
539.56	0
544.71	0
547.89	0
557.27	0
562.05	0
564.91	0
572.39	0
574.34	0
354.38	0
358.25	0
366.38	0
367.85	0
375.18	0
376.72	0
377.39	0
382.01	0
564.80	0
570.32	0
581.54	0
587.03	0
591.01	0
591.59	0
592.94	0
596.57	0
639.29	0
651.10	0
654.67	0
656.48	0
657.50	0
659.62	0
661.18	0
679.06	0
564.93	0
579.20	0
580.72	0
590.45	0
595.23	0
600.22	0
602.44	0
605.47	0
354.21	0
380.09	0
383.38	0
385.16	0
388.24	0
390.73	0
391.65	0
397.59	0
81.38	0
87.50	0
90.82	0
104.75	0
125.90	0
132.46	0
134.42	0
136.32	0
245.45	0
246.53	0
250.25	0
255.53	0
256.95	0
261.85	0
279.93	0
285.25	0
335.75	0
350.01	0
352.66	0
358.11	0
359.71	0
360.66	0
368.17	0
381.19	0
301.22	0
313.90	0
318.03	0
325.72	0
331.91	0
336.73	0
340.04	0
341.06	0
310.56	0
317.19	0
338.24	0
347.50	0
350.46	0
352.19	0
354.09	0
355.72	0
428.59	0
429.27	0
436.81	0
473.03	0
478.05	0
483.46	0
494.45	0
494.93	0
596.62	0
622.79	0
630.56	0
634.44	0
635.82	0
640.37	0
656.79	0
658.33	0
104.04	0
115.06	0
129.08	0
164.21	0
175.70	0
188.96	0
191.84	0
209.63	0
131.95	0
141.79	0
148.26	0
149.14	0
150.40	1
153.93	0
161.24	0
161.86	0
174.25	0
181.64	0
196.71	0
196.97	0
204.99	0
206.97	0
210.96	0
211.16	0
69.63	0
74.33	0
92.32	0
92.66	0
98.24	0
103.92	0
107.79	0
113.70	0
20.10	1
23.88	1
73.95	0
114.92	0
121.80	0
153.63	0
156.54	0
159.29	0
349.36	0
356.98	0
365.05	0
369.69	0
382.32	0
384.44	0
387.15	0
387.55	0
573.68	0
585.73	0
596.76	0
596.98	0
599.33	0
603.21	0
603.51	0
603.55	0
774.85	0
878.36	0
881.55	0
885.94	0
906.99	0
913.64	0
917.10	0
924.21	0
189.80	0
279.43	0
312.86	0
323.16	0
339.34	0
341.27	0
344.03	0
347.46	0
570.01	0
577.18	0
582.09	0
587.56	0
588.83	0
589.30	0
596.42	0
597.52	0
601.87	0
609.75	0
612.13	0
616.75	0
628.38	0
630.49	0
630.55	0
635.75	0
358.36	0
370.92	0
391.12	0
426.31	0
430.25	0
431.83	0
432.89	0
434.21	0
435.75	0
454.48	0
455.90	0
462.11	0
466.17	0
473.30	0
474.94	0
475.81	0
184.91	0
259.14	0
289.09	0
296.78	0
306.33	0
310.02	0
311.86	0
320.10	0
359.14	0
407.69	0
416.00	0
434.22	0
435.71	0
442.95	0
454.67	0
456.78	0
410.05	0
413.74	0
415.93	0
424.91	0
429.10	0
429.98	0
436.53	0
442.07	0
318.87	0
339.12	0
358.26	0
360.18	0
365.38	0
369.21	0
370.45	0
370.98	0
363.91	0
377.64	0
392.84	0
405.73	0
408.37	0
408.85	0
409.82	0
410.77	0
309.50	0
310.54	0
323.09	0
359.30	0
366.66	0
375.83	0
380.26	0
392.60	0
301.35	0
345.48	0
353.72	1
357.25	0
359.70	0
369.69	0
373.59	0
374.68	0
367.32	0
368.79	0
394.11	0
399.87	0
402.86	0
404.43	0
408.07	0
412.10	0
18.47	1
101.87	0
103.70	0
104.27	0
106.38	0
111.25	0
113.78	0
116.20	0
257.04	0
263.33	0
305.19	0
305.36	0
314.19	0
323.86	0
329.22	0
332.06	0
263.34	0
264.22	0
297.81	0
302.70	0
313.88	0
318.75	0
320.41	0
326.39	0
464.54	0
472.02	0
475.56	0
495.39	0
501.73	0
508.77	0
509.59	0
514.80	0
575.61	0
583.14	0
593.66	0
600.64	0
601.47	0
601.51	0
601.56	0
605.53	0
690.21	0
696.36	0
700.89	0
704.57	0
705.37	0
706.38	0
708.48	0
710.92	0
611.66	0
631.76	0
652.85	0
668.94	0
685.26	0
687.30	0
691.41	0
693.01	0
203.09	1
228.30	1
261.57	0
269.07	0
274.68	0
287.94	0
290.19	0
298.81	0
37.98	1
38.51	1
251.30	0
264.20	0
272.16	0
274.32	0
274.80	0
275.32	0
181.96	0
201.36	0
213.07	0
220.89	0
241.20	0
241.56	0
253.91	0
255.29	0
176.67	0
184.83	0
188.35	0
188.43	0
208.17	0
209.54	0
211.98	0
215.08	0
186.66	0
189.16	0
193.28	0
194.48	0
220.10	0
229.68	0
230.62	0
232.70	0
105.35	0
115.32	0
117.50	0
123.90	0
134.53	0
137.39	0
150.09	0
155.22	0
134.05	0
135.56	1
152.64	0
157.02	1
159.17	1
203.63	0
215.67	0
230.78	0
347.30	0
350.16	0
352.98	0
366.23	0
374.61	0
379.48	0
381.09	0
382.92	0
115.32	0
120.25	0
125.68	0
135.00	0
136.08	0
156.90	0
174.57	0
174.94	0
440.58	0
451.10	0
458.94	0
461.50	0
474.78	0
477.32	0
477.91	0
479.29	0
194.35	0
196.47	0
200.13	0
201.68	0
205.27	0
206.09	0
210.47	0
220.58	0
48.46	1
52.17	1
57.13	1
96.36	0
113.41	0
128.32	0
136.13	0
138.85	0
176.92	0
177.27	0
191.58	0
193.07	0
204.67	0
205.87	0
206.92	0
210.67	0
119.99	0
127.75	0
129.12	0
132.25	0
147.25	0
148.55	0
151.16	0
156.12	0
131.11	0
131.50	0
131.79	0
135.85	0
157.37	0
160.67	0
166.45	0
170.48	0
200.67	0
202.89	0
203.70	0
217.53	0
220.03	0
237.00	0
238.06	0
242.53	0
93.57	0
106.79	0
124.60	0
125.05	0
129.87	0
133.07	0
142.93	0
178.24	0
202.55	0
208.40	0
225.28	0
226.48	0
231.53	0
234.23	0
242.34	0
242.37	0
171.87	0
176.23	0
176.36	0
187.74	0
197.53	0
197.53	0
198.97	0
204.52	0
200.83	0
208.53	0
218.60	0
221.68	0
224.40	0
229.48	0
237.52	0
242.01	0
173.17	0
186.51	0
188.98	0
193.11	0
203.22	0
208.87	0
211.35	0
216.06	0
116.73	0
117.18	0
122.99	0
124.31	0
130.22	0
133.72	0
138.50	0
141.19	0
176.53	0
191.09	0
196.94	0
198.86	0
205.08	0
207.39	0
208.84	0
211.14	0
203.83	0
205.53	0
208.34	0
210.29	0
218.41	0
226.13	0
232.52	0
238.83	0
151.14	0
154.68	0
156.78	0
157.73	0
164.25	0
166.94	0
169.02	0
179.68	0
152.88	0
153.39	0
165.09	0
167.05	0
181.32	0
181.59	0
181.76	0
182.56	0
446.09	0
468.26	0
472.39	0
472.74	0
473.23	0
478.96	0
480.69	0
482.84	0
134.32	0
167.88	0
170.23	0
170.57	0
172.76	0
183.68	0
192.76	0
208.09	0
128.09	0
128.13	0
129.72	0
136.85	0
139.02	0
141.32	0
149.13	0
154.00	0
155.09	0
156.33	0
165.89	0
169.18	0
170.72	0
174.28	0
184.57	0
189.27	0
126.09	0
131.92	0
132.56	0
144.95	0
159.18	0
161.87	0
163.08	0
169.18	0
194.37	0
197.41	0
207.34	0
213.31	0
222.48	0
226.27	0
228.43	0
235.34	0
204.00	0
205.02	0
206.72	0
211.62	0
231.71	0
233.55	0
240.69	0
241.08	0
154.99	0
160.58	0
165.98	0
181.77	0
189.46	0
193.73	0
194.02	0
195.19	0
194.60	0
198.06	0
198.70	0
209.33	0
223.23	0
223.53	0
224.66	0
225.69	0
312.33	0
314.29	0
327.64	0
333.06	0
343.28	0
345.70	0
346.49	0
355.99	0
129.09	0
129.13	0
161.73	0
170.96	0
174.59	0
179.05	0
179.08	0
181.27	0
267.05	0
268.08	0
271.88	0
283.34	0
290.05	0
295.67	0
299.36	0
300.81	0
149.98	0
155.63	0
156.54	0
158.69	0
167.80	0
172.29	0
177.39	0
197.39	0
16.86	1
24.45	1
84.82	0
88.25	0
89.53	0
90.08	0
101.50	0
101.87	0
162.31	0
165.31	0
165.94	0
173.67	0
183.31	0
185.75	0
192.00	0
192.92	0
213.58	0
216.55	0
220.76	0
223.49	0
231.30	0
240.15	0
243.72	0
245.97	0
275.07	0
282.75	0
301.98	0
303.79	0
314.26	0
318.64	0
320.09	0
322.19	0
135.87	0
136.16	0
138.26	0
159.99	0
161.16	0
164.41	0
170.98	0
171.76	0
130.62	0
139.17	0
139.64	0
144.44	0
146.56	0
154.32	0
171.12	0
171.31	0
195.92	0
202.79	0
202.80	0
206.16	0
207.40	0
207.48	0
215.60	0
216.25	0
497.22	0
501.64	0
512.51	0
522.74	0
524.29	0
531.91	0
532.60	0
533.51	0
257.32	0
264.65	0
293.06	0
296.78	0
303.65	0
303.72	0
324.13	0
324.60	0
321.49	0
329.03	0
332.79	0
334.01	0
339.19	0
340.99	0
345.56	0
351.15	0
241.04	0
248.37	0
253.80	0
255.92	0
258.25	0
269.88	0
273.50	0
279.20	0
168.51	0
179.21	0
182.49	0
186.36	0
188.50	0
202.96	0
209.60	0
209.65	0
284.66	0
284.84	0
285.64	0
288.38	0
298.82	0
303.46	0
304.03	0
304.11	0
128.29	0
136.38	0
143.01	0
145.51	0
164.26	0
167.60	0
169.96	0
173.27	0
164.26	0
165.59	0
187.25	0
189.43	0
194.75	0
201.94	0
204.03	0
205.26	0
152.71	0
177.60	0
180.03	0
182.29	0
183.10	0
189.53	0
191.02	0
195.93	0
136.19	0
140.55	0
156.92	0
158.83	0
160.39	0
166.86	0
171.30	0
172.60	0
117.61	0
123.81	0
127.07	0
130.14	0
133.72	0
134.85	0
137.90	0
147.55	0
125.17	0
132.26	0
149.54	0
155.75	0
166.60	0
171.78	0
172.81	0
176.98	0
119.81	0
121.11	0
125.68	0
126.93	0
144.07	0
148.54	0
157.84	0
158.49	0
205.43	0
211.46	0
217.23	0
223.04	0
230.95	0
234.92	0
236.36	0
242.19	0
178.79	0
192.75	0
198.54	0
198.60	0
198.79	0
199.31	0
219.95	0
220.04	0
188.24	0
197.79	0
206.91	0
213.97	0
216.68	0
217.66	0
223.55	0
223.79	0
200.95	0
214.90	0
226.61	0
227.59	0
232.91	0
234.99	0
239.55	0
240.62	0
107.93	0
111.06	0
118.93	0
120.14	0
127.97	0
132.36	0
134.24	0
135.72	0
82.52	0
90.44	0
92.83	0
95.20	0
95.26	0
96.36	0
100.00	0
108.32	0
139.73	0
145.70	0
146.10	0
155.85	0
158.19	0
158.37	0
159.87	0
160.71	0
96.43	0
99.35	0
101.68	0
108.82	0
120.87	0
131.83	0
135.51	0
142.80	0
12.98	1
18.90	1
83.55	0
86.56	0
91.87	0
93.19	0
94.88	0
99.25	0
182.88	0
189.20	0
192.78	0
201.35	0
203.64	0
205.28	0
206.89	0
212.82	0
197.36	0
198.61	0
199.08	0
203.97	0
210.16	0
216.88	0
228.26	0
231.18	0
142.24	0
142.68	0
144.07	0
149.25	0
157.88	0
158.38	0
164.44	0
171.15	0
141.53	0
141.96	0
151.66	0
153.94	0
167.14	0
167.36	0
168.95	0
171.94	0
300.05	0
313.53	0
317.05	0
328.46	0
328.70	0
330.64	0
339.31	0
342.52	0
143.20	0
172.48	0
173.03	0
174.41	0
176.56	0
185.06	0
198.14	0
209.97	0
133.71	0
140.32	0
147.42	0
149.83	0
150.01	0
150.40	0
164.44	0
168.04	0
175.42	0
179.80	0
196.02	0
196.20	0
203.97	0
208.95	0
211.08	0
214.34	0
220.63	0
224.73	0
247.92	0
257.20	0
259.51	0
261.40	0
262.90	0
263.28	0
143.62	0
146.54	0
146.64	0
171.80	0
173.70	0
175.04	0
181.62	0
183.80	0
111.66	0
112.48	0
117.00	0
127.46	0
128.91	0
136.19	0
143.66	0
146.47	0
163.90	0
167.19	0
172.01	0
173.05	0
178.47	0
181.36	0
186.40	0
187.69	0
429.79	0
442.83	0
447.33	0
463.61	0
468.70	0
470.13	0
473.60	0
474.39	0
181.48	0
185.38	0
208.33	0
210.00	0
211.05	0
212.46	0
241.98	0
252.16	0
280.05	0
300.90	0
301.19	0
303.69	0
304.21	0
312.98	0
313.07	0
315.82	0
252.05	0
254.11	0
261.11	0
264.21	0
270.47	0
271.73	0
278.26	0
285.87	0
37.28	1
47.90	1
50.06	1
70.87	1
88.14	0
113.06	0
127.55	0
133.44	0
200.50	0
201.26	0
202.84	0
209.38	0
211.98	0
219.21	0
223.59	0
231.07	0
507.41	0
512.24	0
521.63	0
523.95	0
524.80	0
525.29	0
528.32	0
534.83	0
452.43	0
452.70	0
453.33	0
455.09	0
455.80	0
463.87	0
465.14	0
467.19	0
434.70	0
460.43	0
476.53	0
479.96	0
486.04	0
488.37	0
491.49	0
492.07	0
682.07	0
682.39	0
692.10	0
703.48	0
704.04	0
704.09	0
705.20	0
705.90	0
483.60	0
486.12	0
495.58	0
509.13	0
555.50	0
557.74	0
566.90	0
567.82	0
202.76	0
203.75	0
228.98	0
233.37	0
238.64	0
251.68	0
253.10	0
258.04	0
216.46	0
225.57	0
227.68	0
231.36	0
232.89	0
234.36	0
234.74	0
237.28	0
167.50	0
175.77	0
178.75	0
179.86	0
180.09	0
189.61	0
194.40	0
195.45	0
194.03	0
207.19	0
209.21	0
210.72	0
210.92	0
213.77	0
214.38	0
214.60	0
170.22	0
170.62	0
174.06	0
178.05	0
178.40	0
179.44	0
180.58	0
180.66	0
254.69	0
257.40	0
258.04	0
265.83	0
266.01	0
267.92	0
271.60	0
276.11	0
20.91	1
29.94	1
34.66	1
54.35	1
62.35	1
77.91	0
81.77	0
91.89	0
126.55	1
181.25	0
190.31	0
193.52	0
194.80	0
197.57	0
199.67	0
202.33	0
42.09	1
89.25	0
100.21	0
115.52	0
121.18	0
123.34	0
125.37	0
129.69	0
41.87	1
133.03	0
134.07	0
138.25	0
138.61	0
143.08	0
147.86	0
148.15	0
8.76	1
90.30	0
94.80	0
95.53	0
102.59	0
102.94	0
104.98	0
106.28	0
119.61	0
125.36	0
132.99	0
138.33	0
147.13	1
153.40	0
159.67	0
161.21	0
169.16	0
177.75	0
178.39	0
181.67	0
193.38	0
194.13	0
196.59	0
198.18	0
210.91	0
213.10	0
219.05	0
227.06	0
228.09	0
228.92	0
230.12	0
232.08	0
206.48	0
225.16	0
225.87	0
234.67	0
235.83	0
238.44	0
239.15	0
239.23	0
169.75	0
171.58	0
178.72	0
188.87	0
193.05	0
193.09	0
195.66	0
201.66	0
90.29	0
98.11	0
98.51	0
105.59	0
105.89	0
109.20	0
110.72	0
114.38	0
206.24	0
210.30	0
235.88	0
246.57	0
247.11	0
255.07	0
258.51	0
262.92	0
176.88	0
189.71	0
194.20	0
196.26	0
198.25	0
198.62	0
201.16	0
201.40	0
105.81	0
109.74	0
114.73	0
115.12	0
115.79	0
126.09	0
127.73	0
127.85	0
190.17	0
193.54	0
193.87	0
203.21	0
205.69	0
208.38	0
209.61	0
212.95	0
200.95	0
219.40	0
221.38	0
228.78	0
229.18	0
229.62	0
230.87	0
231.99	0
133.06	0
149.40	0
150.53	0
153.52	0
157.01	0
157.60	0
164.08	0
172.04	0
95.38	0
106.81	0
107.13	0
111.91	0
113.20	0
113.90	0
115.58	0
116.58	0
78.06	0
89.12	0
91.51	0
103.43	0
103.48	0
105.59	0
115.90	0
116.95	0
100.16	0
102.68	0
106.26	0
112.59	0
113.59	0
123.31	0
124.99	0
131.39	0
178.41	0
179.34	0
179.71	0
194.21	0
194.33	0
196.11	0
196.28	0
200.46	0
215.01	0
240.35	0
240.89	0
242.36	0
244.43	0
245.20	0
246.68	0
249.40	0
109.89	0
114.95	0
117.04	0
118.93	0
124.27	0
128.39	0
128.74	0
129.73	0
147.53	0
155.98	0
156.62	0
166.06	0
168.29	0
172.01	0
176.01	0
179.36	0
110.19	0
111.74	0
116.73	0
119.27	0
120.62	0
122.89	0
130.68	0
134.34	0
136.17	0
137.69	0
148.06	0
153.11	0
154.91	0
157.24	0
165.41	0
165.64	0
179.72	0
179.78	0
186.89	0
193.58	0
195.10	0
195.28	0
204.71	0
205.36	0
207.81	0
231.90	0
236.11	0
237.94	0
239.64	0
239.66	0
239.93	0
241.06	0
119.10	0
126.52	0
132.68	0
136.98	0
138.38	0
138.80	0
148.84	0
150.98	0
93.23	0
105.50	0
107.80	0
112.15	0
112.34	0
114.56	0
115.48	0
118.05	0
177.25	0
178.03	0
187.91	0
189.08	0
195.84	0
207.34	0
212.73	0
218.98	0
254.48	0
262.97	0
279.31	0
279.75	0
283.07	0
288.96	0
291.28	0
295.84	0
277.05	0
283.59	0
285.93	0
290.59	0
291.51	0
292.59	0
293.88	0
296.64	0
53.79	1
100.74	0
108.24	0
111.38	0
114.33	0
122.04	0
122.33	0
124.41	0
210.29	0
220.45	0
242.33	0
246.08	0
250.12	0
251.04	0
253.39	0
253.45	0
311.46	0
328.22	0
329.12	0
332.99	0
333.96	0
338.24	0
338.55	0
341.74	0
216.80	0
218.71	0
221.63	0
226.50	0
228.16	0
228.39	0
228.98	0
230.66	0
135.84	1
156.59	0
157.15	0
164.65	0
173.30	0
173.75	0
179.71	0
183.18	0
278.41	0
283.02	0
286.15	0
293.10	0
295.90	0
297.78	0
303.37	0
308.65	0
298.16	0
301.55	0
302.09	0
309.21	0
311.00	0
315.56	0
315.99	0
317.03	0
202.49	0
209.22	0
210.15	1
221.24	0
223.04	0
226.99	0
242.29	0
245.77	0
330.67	0
335.45	0
335.68	0
338.09	0
341.79	0
343.84	0
346.20	0
346.33	0
372.90	0
374.13	0
375.44	0
378.34	0
381.87	0
383.57	0
384.94	0
385.98	0
377.58	0
389.82	1
393.64	0
394.93	0
395.46	0
395.85	0
397.05	0
400.59	0
327.92	0
335.71	0
339.40	0
339.96	0
341.26	0
344.10	0
346.20	0
348.58	0
382.66	0
391.52	0
391.56	0
394.14	0
394.70	0
395.82	0
400.47	0
401.89	0
266.47	0
271.41	0
273.14	0
282.88	0
287.37	0
287.39	0
289.77	0
291.72	0
193.10	0
197.50	0
201.04	0
202.89	0
203.25	0
204.02	0
205.94	0
210.63	0
256.00	0
256.41	0
258.40	0
264.27	0
265.29	0
267.45	0
268.68	0
269.16	0
246.39	0
253.89	0
255.07	0
255.64	0
255.98	0
260.10	0
261.42	0
270.14	0
236.37	0
245.16	0
248.09	0
248.79	0
250.27	0
251.70	0
255.31	0
260.38	0
90.04	1
105.81	0
113.35	0
127.87	0
133.79	0
138.46	0
143.13	0
153.23	0
273.69	0
275.61	0
280.73	0
282.46	0
283.37	0
283.81	0
284.27	0
287.23	0
219.47	0
222.71	0
226.70	0
230.48	0
233.31	0
233.91	0
234.95	0
235.40	0
240.41	0
249.34	0
255.72	0
257.15	0
257.35	0
257.40	0
257.79	0
258.12	0
31.66	1
89.49	0
94.27	0
95.04	0
95.86	0
106.64	0
112.40	0
116.57	0
234.78	0
269.70	0
269.97	0
270.79	0
271.06	0
271.18	0
272.51	0
276.94	0
253.10	0
258.63	0
259.72	0
261.31	0
263.65	0
263.97	0
266.49	0
266.86	0
148.48	0
152.34	0
154.94	0
158.01	0
181.93	0
185.10	0
185.39	0
187.90	0
256.24	0
274.34	0
275.49	0
276.35	0
277.50	0
282.10	0
289.46	0
291.57	0
229.75	0
231.76	0
232.34	0
235.43	0
244.09	0
247.05	0
248.05	0
248.35	0
97.82	0
99.80	0
101.34	0
103.57	0
104.27	0
106.50	0
109.14	0
117.65	0
96.14	1
172.26	0
190.16	0
191.63	0
193.53	0
197.28	0
201.74	0
202.51	0
5.44	1
87.29	0
108.35	0
111.04	0
115.79	0
116.86	0
119.34	0
121.72	0
6.50	1
95.06	0
100.22	0
109.71	0
114.03	0
115.44	0
115.47	0
122.44	0
11.56	1
162.06	0
196.87	0
197.45	0
203.47	0
204.25	0
205.49	0
208.67	0
6.33	1
100.18	0
100.75	1
111.27	0
122.96	0
125.16	0
125.27	0
129.56	0
46.01	1
185.16	0
213.50	0
215.29	0
215.45	0
219.53	0
221.54	0
228.60	0
12.79	1
155.78	0
157.93	0
172.74	0
174.08	0
175.47	0
176.17	0
177.03	0
14.58	1
146.63	0
168.75	0
192.00	0
195.25	0
199.35	0
204.24	0
205.78	0
60.07	1
170.71	0
183.33	0
189.30	0
190.98	0
191.18	0
193.01	0
196.59	0
16.93	1
87.40	0
103.75	0
108.16	0
114.17	0
120.36	0
124.51	0
125.32	0
39.78	1
64.28	1
69.28	0
77.14	0
89.97	0
92.21	0
96.51	0
101.34	0
116.42	0
121.18	0
132.50	0
132.92	0
136.15	0
144.65	0
146.08	0
146.36	0
35.24	1
109.44	0
110.64	0
110.71	0
121.02	0
121.97	0
123.61	0
124.74	0
9.86	1
10.37	1
15.35	1
23.00	1
75.90	0
85.47	0
88.29	0
91.15	0
73.13	1
108.67	0
117.76	0
121.57	0
132.33	0
134.27	0
134.93	0
142.24	0
92.63	1
225.67	0
231.90	0
234.94	0
236.72	0
241.21	0
245.66	0
248.09	0
5.38	1
96.13	0
110.40	0
111.02	0
114.34	0
118.80	0
120.53	0
123.47	0
8.18	1
115.07	0
147.45	0
150.20	0
157.41	0
158.27	0
162.01	0
163.61	0
6.31	1
126.56	0
141.66	0
145.10	0
153.85	0
154.27	0
158.21	0
159.01	0
18.40	1
85.20	0
127.00	0
128.52	0
131.67	0
133.88	0
139.41	0
143.15	0
3.86	1
81.57	0
97.31	0
97.66	0
99.73	0
100.03	0
101.40	0
109.19	0
4.73	1
100.53	0
116.32	0
117.91	0
120.76	0
121.36	0
127.77	0
132.84	0
17.31	1
119.77	0
129.20	0
130.01	0
130.27	0
133.48	0
134.98	0
135.08	0
25.67	1
179.87	0
184.82	0
193.10	0
195.36	0
200.61	0
201.21	0
202.83	0
135.90	0
142.48	0
146.02	0
148.47	0
148.70	1
157.56	0
159.10	0
162.92	0
14.01	1
38.70	1
97.68	0
107.15	0
107.20	0
108.61	0
116.11	0
123.25	0
24.13	1
53.64	0
57.02	0
61.87	1
68.33	0
80.45	0
80.52	0
81.89	0
22.29	1
124.55	0
132.07	0
136.13	0
138.34	0
139.76	0
147.28	0
147.94	0
6.09	1
42.10	1
94.39	0
99.63	0
102.09	0
104.15	0
108.87	0
113.90	0
6.21	1
9.00	1
12.62	1
18.61	1
70.04	0
85.65	0
86.66	0
88.99	0
173.31	0
174.30	0
174.49	0
180.74	0
187.16	0
189.62	0
195.98	0
197.66	0
226.73	0
228.62	0
230.34	0
234.37	0
239.97	0
242.25	0
245.89	0
245.95	0
191.36	0
198.64	0
201.08	0
202.99	0
205.28	0
206.52	0
207.21	0
207.34	0
226.40	0
241.33	0
242.23	0
245.03	0
254.36	0
261.14	0
264.01	0
265.00	0
261.55	0
270.13	0
274.32	0
280.68	0
281.62	0
284.06	0
285.30	0
286.81	0
186.91	0
189.42	0
192.53	0
198.02	0
198.92	0
209.69	0
209.80	0
212.74	0
42.66	1
96.24	0
96.54	0
100.32	0
102.07	0
109.48	0
111.48	0
120.11	0
145.13	0
151.40	0
152.91	0
158.60	0
162.77	0
163.11	0
164.16	0
166.54	0
121.47	0
122.44	0
126.59	0
128.59	0
131.21	0
146.37	0
147.33	0
147.68	0
138.30	0
138.35	1
139.09	0
150.25	0
152.18	0
156.41	0
158.15	0
159.60	0
172.81	0
174.78	0
178.99	0
179.43	0
179.91	0
193.37	0
197.42	0
199.05	0
170.94	0
176.23	0
176.83	0
180.58	0
181.68	0
182.71	0
188.96	0
194.77	0
63.80	1
89.08	1
114.79	0
116.26	0
120.37	0
120.47	0
126.47	0
128.20	0
187.13	0
190.18	0
194.11	0
200.35	0
201.31	0
201.85	0
201.89	0
203.58	0
159.84	0
160.51	0
165.52	0
168.35	0
171.34	0
180.86	0
183.99	0
185.32	0
37.88	1
87.06	0
87.60	0
87.63	0
91.94	0
94.22	0
99.07	0
109.97	0
116.27	0
117.57	0
118.68	0
129.33	0
130.23	0
132.30	0
133.43	0
134.54	0
99.59	0
99.67	0
102.96	0
111.05	0
118.72	0
120.26	0
127.28	0
128.65	0
118.65	0
122.11	0
127.70	0
131.02	0
133.67	0
134.22	0
134.79	0
135.94	0
42.71	1
46.91	1
49.62	1
56.88	1
62.51	1
62.97	1
97.92	0
120.80	0
205.92	0
227.21	0
241.70	0
241.75	0
242.02	0
243.16	0
243.51	0
243.72	0
86.54	0
96.53	0
97.52	0
98.37	0
98.42	0
99.82	0
100.40	0
100.44	0
63.23	0
68.93	0
79.83	0
81.97	0
88.55	0
92.78	0
98.12	0
98.20	0
170.54	0
173.64	0
175.82	0
176.49	0
179.80	0
183.58	0
184.70	0
185.81	0
92.58	0
101.42	0
101.90	0
103.11	0
103.64	0
105.29	0
106.03	0
106.40	0
102.20	0
106.59	0
107.68	0
108.50	0
109.06	0
109.31	0
109.33	0
109.97	0
115.69	0
116.94	0
119.56	0
121.72	0
127.10	0
130.65	0
133.95	0
142.13	0
159.41	0
160.86	0
164.82	0
165.03	0
165.95	0
170.34	0
175.34	0
180.44	0
166.21	0
167.87	0
168.83	0
170.37	0
173.61	0
176.13	0
176.62	0
177.11	0
221.51	0
229.18	0
245.01	0
250.45	0
252.19	0
253.07	0
254.17	0
257.73	0
261.93	0
262.19	0
269.79	0
270.27	0
271.55	0
273.12	0
275.72	0
279.66	0
380.55	0
383.07	0
391.78	0
393.77	0
393.97	0
395.40	0
397.26	0
401.76	0
128.61	1
132.01	1
148.53	0
154.85	0
157.08	0
159.20	0
161.52	0
162.44	0
248.32	0
253.47	0
261.61	0
266.32	0
270.86	0
272.07	0
272.56	0
275.26	0
233.40	0
234.26	0
237.21	0
239.16	0
240.32	0
245.91	0
250.13	0
253.21	0
100.79	1
108.88	1
124.89	1
125.67	1
126.56	1
130.97	0
134.87	0
135.26	0
120.16	1
123.76	0
125.60	1
137.32	1
143.57	0
188.69	0
189.37	0
193.33	0
7.36	1
36.60	1
94.36	0
95.89	0
116.23	0
121.89	0
125.42	0
127.86	0
6.78	1
44.62	1
143.83	0
145.10	0
145.35	0
147.74	0
148.07	0
150.29	0
3.26	1
9.19	1
91.17	0
94.10	0
94.54	0
94.67	0
95.02	0
96.45	0
70.61	1
103.63	1
132.53	0
138.63	0
140.13	0
150.39	0
156.96	0
160.26	0
55.61	1
113.98	1
148.33	1
155.58	1
165.21	0
169.12	0
177.04	0
185.66	0
31.36	1
79.06	1
108.92	1
124.01	1
214.58	0
217.85	0
221.62	0
233.43	0
11.61	1
27.68	1
46.40	1
47.71	1
197.50	0
200.02	0
206.21	0
210.11	0
21.76	1
101.99	0
127.36	0
145.12	0
150.45	0
155.94	0
158.82	0
164.30	0
3.05	1
77.11	0
83.04	0
94.10	0
95.73	0
101.73	0
101.90	0
102.57	0
42.18	1
187.53	1
220.41	0
222.27	0
250.75	0
254.20	0
254.40	0
260.76	0
13.22	1
165.09	0
173.62	0
178.73	0
182.81	0
186.57	0
188.50	0
191.38	0
2.67	1
49.93	1
73.90	1
107.69	0
109.22	0
111.95	0
113.19	0
114.51	0
13.29	1
45.61	1
50.69	1
72.99	1
167.45	0
174.15	0
191.27	0
191.69	0
10.88	1
24.51	1
27.97	1
31.81	1
182.98	0
192.03	0
197.16	0
206.92	0
11.64	1
47.09	1
77.57	0
101.27	0
138.48	0
139.96	0
140.57	0
142.60	0
3.64	1
13.76	1
76.72	0
101.23	0
103.87	0
108.02	0
108.49	0
110.84	0
12.55	1
77.71	0
78.13	0
84.87	0
87.64	0
87.82	1
88.56	0
95.08	0
5.77	1
45.55	1
50.05	1
95.81	0
104.83	0
105.21	0
106.78	0
107.63	0
11.03	1
28.58	1
48.26	1
99.47	1
152.87	0
168.58	0
180.33	0
181.84	0
12.57	1
22.36	1
39.64	1
54.89	1
198.45	0
212.43	0
214.27	0
225.72	0
8.88	1
67.06	0
71.55	0
106.72	0
109.04	0
114.89	0
115.10	0
116.79	0
6.96	1
138.61	0
150.18	0
155.05	0
155.67	0
159.10	0
161.31	0
161.98	0
14.82	1
99.34	0
114.43	0
117.11	0
126.31	0
128.17	0
129.94	0
131.11	0
9.94	1
32.46	1
59.16	1
123.15	0
125.65	0
126.77	0
127.36	0
127.98	0
9.80	1
27.61	1
43.88	1
110.88	1
176.19	0
177.26	0
178.46	0
178.58	0
11.13	1
20.48	1
30.78	1
52.70	1
200.97	0
201.43	0
209.57	0
211.66	0
10.72	1
46.27	1
65.03	0
111.11	0
112.88	0
115.09	0
116.52	0
118.68	0
3.60	1
11.74	1
84.68	0
97.92	0
99.20	0
105.96	0
107.97	0
109.93	0
55.60	1
136.35	0
146.18	0
158.04	0
162.96	0
165.05	0
170.72	0
170.84	0
35.84	1
128.90	0
160.24	0
220.79	0
255.88	0
291.35	0
292.52	0
297.87	0
53.95	1
182.55	0
245.31	0
262.61	0
309.13	0
326.76	0
327.33	0
328.20	0
6.66	1
32.09	1
35.73	1
37.81	1
40.06	1
86.10	0
88.29	0
90.51	0
22.30	0
87.14	0
156.21	0
178.75	0
198.09	0
217.42	0
225.11	0
234.35	0
65.90	1
68.27	0
75.46	1
97.60	0
106.66	0
110.08	1
111.73	0
113.46	0
121.38	0
176.74	0
184.54	0
187.31	0
201.62	0
203.02	0
209.09	0
210.64	0
66.60	1
209.95	0
265.09	0
265.66	0
267.41	0
271.71	0
271.80	0
272.85	0
77.28	1
123.66	1
164.25	0
171.19	0
172.84	0
175.38	0
177.03	0
177.25	0
108.65	0
256.32	0
259.85	0
263.18	0
266.13	0
270.82	0
274.99	0
277.38	0
210.21	1
223.19	1
286.55	0
288.86	0
292.60	0
292.67	0
295.32	0
295.53	0
204.04	0
210.23	0
246.06	1
246.91	1
259.16	0
266.26	0
266.39	0
267.93	0
94.88	1
317.64	0
318.35	0
320.22	0
321.88	0
323.34	0
323.46	0
323.49	0
221.89	1
237.98	0
238.38	0
245.10	0
250.13	0
250.60	1
252.15	0
253.15	0
206.79	0
213.10	1
218.45	0
218.87	0
220.09	0
221.88	0
223.10	0
223.86	0
169.22	1
182.07	0
184.95	0
186.37	0
188.37	0
188.64	0
188.78	0
188.85	0
189.94	0
191.74	0
191.85	0
192.14	0
198.45	0
199.82	0
200.54	0
201.65	0
47.88	1
48.26	1
49.70	1
50.65	1
52.84	1
101.49	0
106.02	0
106.24	0
306.39	1
314.26	0
315.21	0
317.94	0
326.14	0
327.89	0
328.86	0
329.68	0
367.53	0
381.99	0
387.45	0
388.03	0
388.26	0
392.41	0
393.27	0
393.94	0
264.02	0
278.34	0
278.45	0
278.90	0
279.14	0
280.24	0
281.30	0
282.59	0
188.56	0
190.13	0
193.79	0
194.26	0
196.78	0
196.79	0
198.52	0
201.70	0
231.43	0
238.89	0
249.87	0
251.14	0
255.19	0
257.02	0
261.20	0
261.41	0
70.85	1
99.00	0
112.63	0
112.94	0
113.84	0
114.18	0
114.24	0
114.55	0
161.36	1
164.60	0
166.69	0
167.09	0
167.21	0
167.26	0
168.26	0
168.94	0
148.50	0
148.97	0
150.04	0
150.07	0
151.89	0
153.17	0
156.89	0
157.96	0
166.84	0
167.10	0
168.38	0
168.91	0
173.59	0
177.17	0
180.70	0
181.90	0
108.94	1
110.96	0
111.72	0
112.58	0
116.38	0
118.39	0
122.99	0
123.74	0
169.12	0
177.06	0
183.07	0
185.69	0
187.81	0
188.64	0
188.87	0
190.08	0
110.35	0
110.50	0
110.87	0
111.25	0
114.43	0
115.51	0
120.50	0
123.15	0
107.31	0
115.53	0
115.89	0
116.23	0
116.34	0
116.94	0
118.11	0
118.72	0
71.00	1
73.72	0
78.20	0
81.36	0
83.40	0
83.70	0
83.97	0
84.47	0
27.84	1
29.70	1
30.03	1
33.19	1
43.13	1
49.90	1
59.13	1
76.15	0
212.90	0
234.79	0
238.44	0
251.43	0
253.42	0
254.11	0
256.69	0
261.08	0
178.61	0
283.37	0
283.71	0
284.78	0
284.80	0
287.05	0
287.16	0
288.81	0
197.83	0
200.81	0
214.25	0
215.01	0
215.46	0
216.58	0
216.66	0
217.60	0
212.53	0
248.41	0
252.13	0
253.65	0
254.58	0
256.19	0
256.75	0
257.22	0
293.14	1
325.66	0
327.15	0
332.92	0
342.26	0
344.23	0
344.94	0
345.96	0
329.31	0
331.43	0
331.62	0
334.72	0
340.63	0
346.14	0
347.49	0
349.56	0
130.94	0
132.80	0
133.59	0
135.25	0
135.25	0
136.01	0
137.03	0
139.91	0
265.18	0
274.08	0
281.25	0
282.44	0
284.49	0
287.37	0
288.63	0
288.97	0
295.59	0
296.14	0
296.70	0
297.04	0
300.94	0
301.85	0
303.00	0
304.47	0
377.83	0
378.71	0
379.24	0
379.39	0
379.77	0
381.20	0
383.20	0
384.27	0
233.04	0
237.54	0
246.03	0
251.13	0
251.36	0
255.08	0
255.50	0
257.04	0
140.99	1
183.66	0
213.99	0
217.60	0
218.33	1
220.18	0
220.97	0
222.09	0
214.23	0
215.86	0
223.45	0
225.15	0
230.11	0
233.63	0
235.25	0
237.24	0
129.61	0
132.82	0
137.14	0
146.08	0
150.80	0
152.79	0
154.54	0
157.84	0
144.12	0
168.40	0
172.09	0
179.39	0
184.33	0
187.96	0
194.96	0
196.04	0
54.34	1
92.10	0
93.75	0
101.02	0
108.25	0
109.07	1
111.23	0
118.50	0
4.74	1
28.92	1
29.89	1
32.87	1
34.58	1
40.41	1
46.09	1
59.31	1
230.39	1
230.80	0
249.13	0
255.62	0
268.08	0
268.34	0
268.44	0
270.02	0
177.59	0
237.73	0
243.32	0
244.46	0
245.63	0
245.87	0
246.65	0
249.95	0
357.21	0
357.59	0
359.68	0
362.64	0
363.21	0
363.95	0
363.97	0
366.29	0
183.77	0
191.92	0
197.07	0
197.16	0
197.85	0
198.76	0
200.12	0
201.01	0
161.60	0
162.02	0
162.11	0
163.51	0
165.95	0
167.98	0
169.72	0
172.07	0
170.47	0
172.23	0
176.53	0
176.87	0
180.06	0
185.81	0
185.89	0
185.96	0
57.86	1
113.47	0
137.02	0
146.18	0
147.64	1
165.30	0
165.63	0
170.09	0
21.76	1
85.26	0
141.17	0
141.52	0
142.23	0
143.70	0
143.93	0
145.65	0
14.26	1
129.98	0
158.04	0
158.34	0
158.71	0
161.07	0
165.32	0
166.37	0
76.46	0
76.80	0
91.04	1
93.26	1
102.37	0
112.03	0
114.23	0
114.41	1
167.72	1
181.76	0
204.92	0
207.60	1
211.04	0
211.63	0
212.06	0
215.65	0
214.41	0
225.60	0
225.94	0
227.80	0
228.30	0
230.94	0
233.76	0
237.56	0
438.55	0
441.76	0
458.60	0
462.51	0
466.73	0
466.86	0
469.33	0
470.89	0
126.73	0
128.93	0
130.31	0
130.37	0
131.34	0
133.01	0
133.59	0
134.76	0
177.70	0
178.85	0
183.97	0
184.74	0
186.72	0
188.08	0
190.28	0
193.45	0
134.06	0
136.66	0
138.45	0
141.75	0
144.53	0
144.57	0
148.64	0
164.33	0
200.92	0
211.20	0
211.36	0
217.37	0
217.55	0
217.59	0
219.14	0
219.19	0
148.33	0
155.85	0
156.96	0
159.93	0
161.86	0
164.43	0
164.88	0
165.86	0
45.23	1
52.16	1
65.51	0
69.09	0
70.53	0
74.38	0
79.35	0
81.74	0
147.13	0
148.45	0
149.41	0
149.74	0
149.91	0
150.05	0
159.88	0
161.04	0
44.25	1
49.54	1
65.82	0
68.56	0
70.59	0
74.47	0
77.85	0
80.89	0
144.68	0
145.95	0
146.04	0
146.05	0
146.95	0
148.08	0
148.12	0
152.45	0
39.58	1
45.28	1
68.51	0
70.95	0
75.24	0
76.16	0
83.18	0
84.42	0
140.71	0
142.81	0
145.25	0
148.10	0
148.20	0
148.56	0
148.65	0
153.81	0
57.56	0
57.61	1
59.81	0
70.35	1
74.95	0
84.62	0
84.98	0
89.92	1
124.42	0
124.71	0
125.98	0
127.31	0
127.93	0
131.28	0
134.77	0
137.03	0
20.62	1
57.48	1
69.72	0
73.14	0
74.32	1
80.51	0
80.88	0
81.09	0
9.10	1
12.26	1
26.21	1
28.77	1
30.11	1
32.65	1
47.29	1
50.68	1
196.37	0
209.32	0
209.80	0
210.00	0
213.48	0
213.94	0
216.47	0
217.61	0
102.69	1
122.56	0
143.13	0
146.30	1
158.39	0
159.08	0
160.40	0
160.41	0
16.72	1
123.94	0
128.38	0
128.69	0
132.74	0
133.15	0
133.95	0
137.22	0
207.61	0
208.33	0
209.76	0
211.31	0
213.48	0
214.46	0
215.14	1
218.44	0
217.28	0
221.27	0
225.26	0
226.29	0
228.09	0
228.19	0
228.35	0
228.67	0
207.61	0
207.83	0
210.37	0
212.87	0
213.96	0
219.91	0
223.49	0
223.91	0
57.53	1
66.69	1
90.74	1
97.27	0
97.29	0
97.62	0
100.33	0
103.12	0
258.16	0
258.81	0
259.34	0
259.85	0
260.34	0
260.36	0
261.11	0
262.32	0
210.91	0
211.57	0
215.93	0
219.24	0
219.72	0
221.46	0
222.38	0
223.30	0
187.34	0
188.78	0
190.80	0
191.49	0
194.32	0
194.61	0
197.14	0
199.73	0
107.05	0
109.43	0
138.07	0
138.51	0
138.80	0
148.11	0
149.01	0
151.14	0
222.61	0
225.70	0
234.52	0
240.40	0
246.05	0
246.34	0
247.48	0
248.79	0
37.96	1
39.24	1
39.26	1
43.97	1
45.97	1
46.57	1
53.33	1
82.83	0
65.69	0
177.83	0
188.57	1
189.13	1
204.23	1
204.33	0
205.51	0
221.07	1
111.05	0
135.03	1
197.90	0
227.00	0
227.76	0
230.75	0
232.19	0
232.68	0
20.60	1
193.80	0
194.35	0
211.08	0
212.34	0
215.90	0
216.33	0
216.60	0
56.75	1
173.75	0
262.14	0
263.19	0
265.84	0
266.12	0
268.37	0
269.65	0
30.14	1
316.78	1
343.95	0
349.10	0
355.24	0
362.80	0
364.73	0
364.83	0
19.11	1
323.51	0
324.83	0
326.40	0
326.70	0
331.51	0
332.74	0
337.21	0
10.36	1
147.46	0
149.53	0
149.74	0
150.20	0
150.39	0
153.50	0
153.52	0
198.34	1
229.49	1
234.66	1
245.80	1
255.82	0
259.08	1
263.10	0
267.23	1
202.41	1
215.65	0
311.21	0
314.82	0
346.74	0
363.73	0
366.41	0
378.09	1
145.49	0
244.14	0
263.09	0
342.01	0
365.83	0
374.01	0
383.08	0
383.95	0
209.86	0
306.39	0
370.09	0
372.46	0
372.75	0
373.34	0
378.13	0
378.76	0
236.92	0
254.85	0
255.33	0
265.46	0
283.26	0
283.81	0
284.09	0
286.02	0
71.65	1
211.44	0
218.74	0
219.03	0
219.59	0
220.77	0
225.34	0
225.68	0
64.35	1
200.77	0
209.92	0
231.43	0
234.56	0
235.42	0
235.59	0
235.97	0
28.92	1
49.96	1
81.81	0
82.96	0
86.98	0
89.27	0
89.66	0
90.13	0
85.23	1
109.72	1
129.76	1
131.27	0
144.07	0
147.50	0
150.94	1
151.52	0
122.64	1
212.20	0
224.88	0
227.14	0
249.22	0
252.14	0
255.78	0
258.47	0
97.52	1
427.89	0
428.19	0
428.98	0
429.05	0
430.03	0
431.51	0
431.76	0
58.39	1
103.36	1
151.74	0
166.76	0
170.07	0
170.95	0
171.30	0
171.84	0
49.12	1
98.47	0
133.11	0
133.35	0
136.52	0
136.88	0
137.28	0
142.90	0
17.28	1
22.33	1
62.65	1
71.62	1
82.07	0
82.41	0
82.73	0
83.55	0
2.28	1
3.17	1
8.92	1
28.78	1
29.05	1
32.96	1
33.60	1
42.24	1
153.68	0
157.23	0
157.91	0
160.85	0
162.52	0
167.57	0
168.53	0
168.56	1
106.90	1
110.66	1
172.42	0
185.11	0
190.74	0
210.44	0
219.58	0
219.90	0
12.22	1
15.47	1
134.60	0
140.08	0
142.94	0
144.68	0
150.40	0
153.50	0
171.75	0
264.20	0
277.97	0
281.24	0
290.81	0
296.39	0
299.84	0
301.69	0
232.50	0
233.22	1
237.26	1
239.09	0
243.11	1
244.78	1
245.44	0
250.52	0
267.54	0
271.85	0
274.76	0
274.77	0
276.28	0
279.61	0
286.20	0
286.47	0
133.00	0
137.36	1
141.05	1
141.96	0
152.53	0
153.33	1
155.93	0
156.11	0
163.97	0
191.11	0
207.35	0
207.50	0
210.44	0
213.32	0
215.52	0
223.78	0
211.02	0
211.59	0
214.87	0
227.59	0
227.85	0
230.29	0
235.32	0
236.58	0
108.99	0
109.84	1
110.32	1
111.26	1
113.56	0
117.45	0
119.66	0
124.88	0
90.46	1
101.22	1
117.17	1
131.08	1
152.37	0
154.60	0
159.20	0
160.08	0
148.05	0
154.81	0
163.41	0
170.10	0
171.00	0
171.47	1
172.99	0
174.11	0
18.61	1
155.31	0
156.52	0
157.19	0
159.19	0
160.45	0
160.98	0
165.62	0
12.27	1
109.47	0
115.53	0
116.49	0
116.78	0
119.24	0
119.45	0
120.97	0
99.53	1
169.96	0
175.11	0
175.43	0
177.38	0
180.87	0
180.93	0
183.14	0
145.60	0
151.58	0
153.58	0
157.53	0
157.83	0
158.58	0
158.71	0
159.18	0
93.98	0
95.91	0
102.56	0
103.45	0
103.82	0
106.83	0
107.78	0
109.10	0
87.92	0
88.06	0
98.04	0
98.37	0
98.92	0
121.22	0
124.73	0
125.11	0
13.18	1
18.78	1
21.69	1
43.74	1
71.27	0
78.02	1
78.33	0
79.65	0
1.60	1
2.25	1
3.17	1
9.05	1
29.19	1
29.60	1
29.85	1
32.52	1
249.62	0
257.08	0
273.45	0
277.74	0
279.43	0
284.71	0
287.61	0
289.15	0
165.84	0
170.74	0
172.19	0
175.04	0
178.68	0
183.12	0
183.96	0
185.97	0
207.68	0
210.39	0
212.45	0
212.65	0
213.06	0
220.80	0
221.64	0
222.99	0
173.27	0
176.87	0
177.52	0
179.56	0
179.91	0
183.56	0
191.94	0
198.72	0
164.57	1
187.52	0
188.01	0
188.18	0
190.66	1
191.10	0
193.17	0
195.12	0
237.84	0
238.13	0
238.64	0
239.28	0
241.22	0
242.28	0
242.54	0
242.66	0
126.81	0
146.08	0
149.42	0
154.08	0
154.25	0
156.66	0
157.04	0
158.12	0
199.88	0
208.57	0
229.32	0
234.94	0
235.74	0
241.06	0
246.36	0
246.68	0
271.95	0
274.81	0
277.13	0
280.21	0
283.00	0
288.86	0
289.03	0
293.13	0
149.44	0
152.08	0
168.99	0
170.04	0
171.12	0
191.10	0
196.60	0
197.82	0
247.37	0
253.49	0
253.60	0
253.63	0
254.62	0
256.84	0
260.90	0
263.76	0
334.20	0
351.95	0
359.35	0
363.83	0
364.66	0
365.72	0
366.67	0
367.34	0
322.06	0
330.95	0
332.38	0
337.98	0
338.96	0
339.86	0
340.01	0
341.03	0
159.78	1
166.09	1
174.09	0
176.47	1
178.02	0
179.77	1
180.37	0
180.78	0
175.96	0
225.52	0
225.77	0
263.99	0
266.06	0
267.53	0
268.01	0
276.41	0
172.17	0
198.18	0
200.10	0
201.62	0
205.24	0
207.82	0
208.63	0
209.89	0
204.62	0
206.19	0
212.06	0
216.33	0
217.36	0
217.71	0
219.28	0
219.34	0
71.92	1
83.74	1
88.05	0
89.37	0
94.25	0
99.54	1
99.90	0
101.09	0
89.84	1
112.53	1
113.74	1
151.91	0
155.90	0
157.94	0
163.90	0
167.82	1
58.37	1
60.79	1
98.98	1
101.20	1
138.53	0
141.35	0
142.77	0
142.99	0
118.96	1
127.85	1
152.89	0
155.41	0
160.96	0
161.86	0
164.34	0
165.29	0
51.28	1
54.21	1
170.46	0
171.38	0
172.36	0
172.50	0
172.55	0
177.39	0
210.26	0
214.06	0
298.93	0
304.47	0
304.90	0
305.90	0
311.28	0
311.30	0
49.98	1
59.99	0
64.15	0
66.15	1
67.76	1
74.09	0
78.69	0
80.28	1
291.34	0
298.24	0
301.61	0
310.55	0
310.66	0
310.77	0
313.06	0
314.37	0
252.62	0
274.15	1
280.37	1
280.53	0
282.78	0
283.38	0
283.69	0
286.51	0
283.80	0
288.71	0
289.91	0
293.70	0
296.50	0
297.34	0
299.25	0
300.24	0
312.12	0
312.17	0
315.63	0
316.16	0
316.32	0
316.63	0
317.54	0
317.94	0
160.48	1
162.01	1
165.74	1
167.29	1
172.84	0
176.43	1
176.79	1
177.68	0
271.80	0
288.15	0
288.74	0
289.84	0
293.29	0
293.45	0
294.83	0
295.92	0
147.51	0
165.80	0
181.72	0
188.66	0
192.63	0
197.21	0
202.45	0
209.07	0
239.62	0
251.46	0
253.22	0
257.55	0
258.54	0
261.64	0
266.12	0
268.59	0
339.86	0
380.10	0
380.15	0
380.82	0
382.35	0
384.51	0
385.33	0
389.75	0
201.27	0
201.56	0
203.55	0
204.09	0
205.69	0
208.49	0
211.88	0
212.36	0
374.69	0
375.81	0
378.64	0
378.94	0
379.47	0
381.23	0
382.52	0
383.00	0
262.13	0
275.87	0
283.80	0
287.70	0
293.11	0
293.69	0
293.77	0
297.36	0
178.81	0
181.23	0
182.21	0
185.98	0
186.69	0
187.24	0
188.97	0
189.24	0
199.59	0
207.94	0
227.04	0
233.21	0
234.78	0
235.33	0
235.77	0
237.35	0
196.42	0
212.50	0
217.01	0
217.11	0
218.20	0
225.15	0
227.61	0
229.47	0
97.05	0
112.01	0
113.71	0
119.42	1
119.92	1
123.08	0
123.72	0
126.35	1
239.68	0
241.88	0
242.16	0
243.13	0
244.54	0
253.35	0
254.39	0
255.69	0
275.69	1
286.40	0
305.57	0
305.62	0
308.47	0
308.75	0
314.92	0
315.86	0
52.97	0
208.21	0
212.54	0
212.59	0
212.94	0
214.19	0
215.85	0
216.28	0
127.24	1
130.98	1
142.71	0
144.69	1
146.22	0
146.38	0
146.55	0
155.55	0
176.22	0
188.28	0
228.63	0
233.35	0
233.56	0
238.01	0
238.93	0
240.47	0
183.26	0
183.74	0
186.08	0
186.48	0
189.42	0
193.10	0
200.02	0
206.01	0
299.27	0
300.87	0
303.38	0
305.02	0
305.58	0
306.73	0
307.35	0
308.46	0
150.17	1
151.95	1
153.71	1
160.27	1
193.08	1
194.68	1
204.74	0
213.94	0
10.10	1
10.44	1
12.12	1
13.01	1
16.41	1
18.02	1
33.02	1
37.44	1
158.79	0
162.66	0
186.96	0
188.01	0
189.20	0
189.69	0
191.17	0
191.24	0
118.14	0
137.84	0
139.75	0
143.19	0
143.25	0
144.18	0
145.99	0
146.67	0
113.17	0
115.82	0
117.25	0
119.90	0
126.25	0
127.66	0
128.91	0
130.05	0
104.79	1
105.85	1
106.75	1
122.96	1
127.64	1
137.93	0
146.10	0
150.04	0
178.96	0
188.43	0
194.17	0
197.51	0
198.28	0
205.27	0
210.79	0
211.05	0
125.28	0
178.23	0
181.69	0
186.48	0
186.52	0
186.98	0
190.97	0
192.21	0
121.23	0
124.37	0
125.00	0
125.36	0
126.06	0
127.30	0
127.37	0
130.02	0
139.89	0
154.15	0
156.82	0
156.84	0
157.68	0
159.35	0
163.89	0
167.09	0
204.59	0
205.30	0
205.92	0
205.92	0
207.20	0
212.89	0
218.15	0
219.84	0
109.86	0
112.08	0
112.17	0
120.20	0
121.82	0
123.82	0
124.08	0
125.91	0
148.33	1
182.15	0
186.50	0
187.28	0
190.60	0
191.95	0
194.98	0
195.17	0
204.26	0
205.39	0
206.42	0
207.75	0
208.48	1
208.61	0
208.90	0
211.08	0
119.11	0
155.83	0
156.50	1
159.11	0
162.28	0
174.51	0
194.65	0
195.93	0
110.78	0
132.05	0
167.54	0
184.81	0
191.23	1
191.86	0
194.01	1
195.40	0
186.07	0
201.95	0
202.11	0
204.41	0
205.54	0
206.72	0
206.90	0
207.82	0
26.58	1
33.18	1
40.19	1
45.72	1
47.03	1
47.86	1
50.20	1
51.49	1
55.57	1
80.28	0
83.11	1
85.15	1
93.59	0
94.56	1
131.20	1
152.28	0
4.23	1
7.69	1
37.65	1
92.37	0
92.75	0
108.62	0
109.36	0
112.25	0
9.19	1
11.07	1
34.51	1
141.25	0
141.54	0
144.85	0
146.58	0
147.09	0
4.25	1
4.76	1
8.07	1
90.59	0
96.70	0
96.75	0
97.00	0
97.52	0
101.41	0
101.83	0
103.43	0
111.26	0
112.49	0
113.96	0
116.48	0
125.99	0
193.60	0
205.91	0
211.59	0
213.34	1
214.76	0
216.68	0
217.09	0
217.12	0
177.32	0
198.15	0
201.33	0
202.68	0
203.98	0
207.08	0
208.06	0
211.66	0
195.66	0
197.41	0
197.79	0
204.15	0
205.75	0
206.18	0
207.08	0
207.35	0
201.08	0
204.58	0
205.69	0
206.03	0
210.13	0
212.03	0
217.54	0
218.49	0
214.80	0
215.63	0
216.09	0
216.94	0
231.67	0
232.38	0
233.60	0
236.11	0
134.49	0
135.37	0
147.90	0
152.36	0
153.03	0
153.78	0
154.81	0
156.03	0
204.93	0
209.56	0
215.23	0
216.24	0
218.14	0
222.98	0
226.63	0
227.63	0
83.37	1
139.75	1
147.18	0
151.66	0
153.37	0
164.75	1
184.71	0
186.38	0
120.34	0
122.66	0
179.50	0
184.94	0
186.08	0
212.30	0
212.51	0
224.00	0
131.89	0
143.74	0
154.88	0
156.79	0
158.27	0
158.94	0
160.20	0
165.09	0
115.02	1
125.50	1
133.54	1
133.76	1
138.46	1
139.03	1
140.31	1
140.69	0
200.45	0
213.28	0
231.59	0
232.77	0
236.09	0
237.08	0
240.19	0
243.75	0
137.66	0
165.57	0
168.00	0
170.64	0
175.72	0
176.48	0
178.93	0
180.71	0
181.49	0
210.03	0
210.31	0
221.40	0
226.27	0
228.73	0
229.16	0
231.38	0
31.69	1
39.54	1
42.89	1
43.89	1
76.61	1
84.38	0
87.84	0
88.81	0
2.87	1
3.13	1
3.37	1
6.79	1
7.11	1
8.00	1
23.78	1
29.76	1
91.30	1
129.41	0
145.23	0
147.87	0
149.92	0
151.31	0
152.20	0
154.94	0
96.58	1
210.60	0
212.27	0
233.35	0
233.79	0
234.82	0
235.52	0
236.61	0
11.81	1
162.65	0
165.66	0
166.08	0
168.11	0
169.07	0
172.60	0
179.23	0
77.90	1
121.94	0
138.60	1
145.24	0
147.89	1
150.51	0
151.13	0
151.81	0
160.25	0
175.31	0
199.31	0
201.49	0
201.59	0
204.03	0
204.29	0
205.95	0
181.90	0
202.68	0
202.91	1
203.45	1
203.60	0
204.20	0
206.11	0
207.86	0
185.12	1
191.29	0
220.57	0
226.84	0
227.42	0
231.81	0
232.36	0
234.02	0
201.20	1
201.24	1
203.21	1
208.80	1
209.63	1
212.21	1
215.03	1
220.66	1
264.90	0
272.03	0
275.89	0
276.84	0
278.27	0
279.42	0
279.87	0
281.84	0
239.64	0
260.63	0
263.49	0
266.11	0
267.55	0
268.04	0
268.57	0
273.89	0
43.27	1
184.23	0
185.25	0
187.95	0
188.76	0
194.00	0
194.17	0
199.56	0
264.61	0
309.72	0
314.12	0
315.13	0
322.96	0
328.31	0
334.65	0
340.16	0
19.02	1
24.10	1
26.38	1
26.80	1
30.41	1
59.10	1
74.69	0
81.33	0
1.37	1
2.26	1
3.44	1
3.48	1
4.60	1
12.31	1
16.47	1
32.18	1
119.98	1
163.19	0
187.69	1
194.84	0
208.18	0
214.90	0
216.65	0
217.25	0
250.42	0
250.68	0
251.92	0
252.33	0
252.53	0
255.52	0
256.28	0
256.70	0
251.33	0
257.74	0
258.22	0
259.11	0
260.30	0
260.98	0
264.54	0
267.55	0
217.81	0
223.23	0
224.68	0
226.53	0
226.58	0
228.56	0
228.71	0
228.84	0
254.30	0
255.32	0
256.03	0
257.00	0
259.76	0
261.65	0
262.29	0
264.24	0
147.28	1
191.80	0
213.27	0
218.93	0
225.16	0
226.59	0
226.63	0
226.81	0
110.31	1
110.96	1
115.67	0
129.58	0
136.58	0
137.46	0
137.87	0
141.43	0
126.54	0
159.81	0
161.10	0
165.14	0
165.15	0
167.42	0
169.12	0
172.27	0
26.79	1
86.23	0
100.12	0
100.22	0
103.35	0
105.00	0
105.65	0
106.43	0
39.75	1
114.07	0
124.20	0
125.29	0
125.33	0
127.33	0
128.82	0
128.99	0
101.89	0
104.88	0
117.34	0
120.81	0
122.23	0
122.30	0
123.89	0
124.14	0
138.40	1
146.27	1
148.38	1
150.56	1
167.72	1
173.89	1
178.59	0
187.92	1
213.06	0
213.51	0
214.20	0
215.24	0
215.35	0
221.94	0
223.67	0
224.40	0
237.51	0
239.46	0
240.24	0
242.80	0
244.46	0
246.44	0
247.04	0
253.35	0
29.27	1
30.03	1
35.04	1
37.90	1
39.99	1
42.60	1
43.83	1
46.72	1
105.72	0
122.34	0
123.70	0
130.45	0
132.31	0
142.08	0
142.20	0
142.48	0
208.23	0
210.29	0
210.52	0
211.21	0
214.21	0
214.42	0
224.78	0
229.72	0
37.99	1
38.45	1
43.50	1
45.70	1
47.61	1
50.42	1
51.77	1
52.74	1
234.20	0
239.02	0
239.30	0
241.42	0
243.38	0
243.43	0
243.62	0
247.93	0
33.83	1
35.96	1
37.48	1
40.63	1
46.48	1
52.71	1
66.21	1
89.74	1
1.16	1
1.35	1
1.47	1
2.53	1
3.29	1
3.64	1
10.49	1
14.85	1
218.72	0
241.83	1
243.53	1
247.18	0
250.23	0
251.04	1
252.36	0
253.56	0
227.54	0
228.91	0
229.24	0
231.28	0
235.33	0
236.86	0
238.20	0
238.90	0
342.30	0
346.32	0
349.46	0
349.53	0
352.00	0
355.07	0
356.26	0
356.66	0
154.11	0
161.69	0
162.72	0
166.09	0
166.12	0
167.43	0
177.80	0
179.91	0
263.92	0
265.25	0
265.91	0
270.03	0
270.41	0
271.16	0
271.99	0
272.69	0
76.22	1
149.18	0
169.87	0
174.97	0
183.35	0
186.58	0
187.73	0
188.10	0
185.67	0
206.24	0
208.87	0
210.95	0
213.61	0
213.94	0
215.29	0
215.38	0
172.30	0
172.99	0
174.62	0
175.94	0
181.34	0
185.51	0
187.03	0
188.27	0
174.18	0
174.37	0
176.08	0
178.98	0
183.13	0
186.32	0
186.37	0
187.26	0
49.03	1
71.79	1
89.42	0
91.68	1
93.81	0
96.18	0
101.84	0
105.43	0
244.14	0
252.81	0
253.17	0
254.44	0
266.43	0
269.14	0
270.04	0
271.31	0
392.37	0
395.02	0
395.93	0
396.68	0
396.87	0
397.71	0
403.21	0
407.98	0
317.22	0
321.81	0
322.34	0
323.31	0
323.46	0
323.60	0
326.43	0
326.66	0
407.39	0
408.52	0
408.98	0
409.61	0
411.45	0
412.11	0
413.18	0
413.66	0
136.25	0
150.51	0
154.54	0
155.19	0
155.28	0
156.38	0
156.42	0
157.11	0
288.42	0
290.62	0
291.21	0
292.35	0
293.14	0
293.16	0
293.76	0
294.88	0
198.40	1
209.01	0
253.72	0
255.96	0
257.30	0
261.71	0
265.19	0
265.79	0
184.97	0
187.26	0
187.62	0
190.00	0
191.08	0
191.43	0
192.83	0
192.95	0
212.82	0
214.91	0
215.10	0
216.23	0
216.57	0
225.02	0
226.86	0
226.93	0
478.50	0
480.05	0
480.81	0
484.16	0
484.98	0
485.28	0
485.38	0
485.65	0
132.93	0
135.25	0
136.07	0
136.46	0
138.00	0
141.70	0
142.00	0
143.62	0
183.20	0
184.38	0
190.49	0
193.79	0
193.95	0
194.49	0
196.26	0
201.51	0
1088.35	0
1090.90	0
1093.53	0
1100.73	0
1101.36	0
1102.65	0
1103.07	0
1103.19	0
182.42	0
182.99	0
186.18	0
187.44	0
189.37	0
189.41	0
190.35	0
190.41	0
151.02	0
151.14	0
152.72	0
154.55	0
159.48	0
160.24	0
160.27	0
160.33	0
14.26	1
19.61	1
21.69	1
25.52	1
26.43	1
41.24	1
51.43	1
66.56	1
1.92	1
2.04	1
2.22	1
2.39	1
3.34	1
3.80	1
3.82	1
10.00	1
95.15	1
132.46	1
158.07	1
163.15	0
169.61	0
173.42	0
178.38	1
183.89	0
224.60	1
225.50	0
296.35	0
297.12	0
304.19	0
336.46	0
353.18	0
382.75	0
76.52	1
229.55	0
318.70	0
332.96	0
333.17	0
337.22	0
369.16	0
403.85	0
63.88	1
261.88	1
269.19	0
276.54	0
277.95	0
280.12	0
281.06	1
284.78	0
38.12	1
80.17	1
210.29	0
215.83	0
229.34	0
230.45	0
230.50	0
232.45	0
252.37	0
278.27	0
308.95	0
328.65	0
336.12	0
337.08	0
339.83	0
342.29	0
139.12	1
239.88	0
240.57	0
241.04	0
241.22	0
242.02	0
244.25	0
246.44	0
146.05	0
185.25	0
258.87	0
280.33	0
283.69	0
288.07	0
289.39	0
291.16	0
289.36	0
335.57	0
349.59	0
375.64	0
381.08	0
383.82	0
390.89	0
392.59	0
421.16	0
483.17	0
497.34	0
517.00	0
520.72	0
524.30	0
531.51	0
533.13	0
188.91	0
193.03	0
198.36	0
200.24	0
200.62	0
201.47	0
204.79	0
206.37	0
98.19	1
103.44	0
110.97	0
112.65	0
114.62	0
118.33	0
121.57	0
124.11	0
64.45	1
127.37	0
139.30	0
151.27	0
152.70	0
155.68	0
160.06	0
162.60	0
96.99	0
102.17	0
104.17	0
107.42	0
107.50	0
107.66	0
107.98	0
108.29	0
27.65	1
42.36	1
96.51	0
98.28	0
99.17	0
103.70	0
108.29	0
108.57	0
59.37	1
68.15	0
72.36	0
74.20	1
77.38	1
80.82	0
82.59	1
83.79	0
100.65	0
176.39	1
179.16	1
195.32	0
202.01	0
203.43	0
206.18	0
206.70	0
61.27	1
158.42	0
160.52	0
160.54	0
164.76	0
167.44	0
171.55	0
172.65	0
38.10	1
136.56	0
137.51	0
139.45	0
141.41	0
143.42	0
146.48	0
146.82	0
66.22	0
91.01	1
125.03	0
126.03	0
127.51	0
130.03	1
130.28	0
132.00	0
78.65	1
86.95	1
89.54	1
91.37	1
92.21	1
100.63	1
110.10	1
114.56	1
0.89	1
2.49	1
2.75	1
2.79	1
3.21	1
3.33	1
3.98	1
5.59	1
211.74	0
216.56	0
221.70	0
232.61	0
240.75	0
243.86	0
248.04	0
249.64	0
198.23	0
204.53	0
206.88	0
211.01	0
214.36	0
219.58	0
220.05	0
220.82	0
314.18	0
315.11	0
316.54	0
316.93	0
320.26	0
322.72	0
322.86	0
327.87	0
301.69	1
310.62	0
311.79	0
312.09	0
313.07	0
313.15	0
313.77	0
315.30	0
335.98	0
338.78	0
342.19	0
344.09	0
344.85	0
345.99	0
346.03	0
346.37	0
180.18	0
208.44	0
218.81	0
220.14	0
222.84	0
223.79	0
225.52	0
233.98	0
245.35	0
251.45	0
256.09	0
256.44	0
259.61	0
260.46	0
261.10	0
261.25	0
259.13	0
279.79	0
286.60	0
289.06	0
289.75	0
290.76	0
292.82	0
293.08	0
208.56	1
299.46	0
310.35	0
311.97	0
313.14	1
314.51	0
321.77	0
326.34	0
242.02	0
242.97	0
245.58	0
248.01	0
249.79	0
251.52	0
254.11	0
257.12	0
266.93	0
267.31	0
271.15	0
271.43	0
271.87	0
271.94	0
272.30	0
272.72	0
331.12	0
345.02	0
345.43	0
352.30	0
356.09	0
358.35	0
359.74	0
364.66	0
343.87	0
348.48	0
353.75	0
360.06	0
360.72	0
361.24	0
362.12	0
362.22	0
45.33	1
48.89	1
58.92	1
59.38	1
59.86	1
62.63	1
68.03	1
70.07	1
306.54	0
315.69	0
319.19	0
319.56	0
319.64	0
319.97	0
321.22	0
321.54	0
290.33	0
295.10	0
295.66	0
296.29	0
297.30	0
298.87	0
298.99	0
299.10	0
279.45	0
282.37	0
285.80	0
285.91	0
286.46	0
289.46	0
298.08	0
298.54	0
297.08	0
303.33	0
309.18	0
310.40	0
315.00	0
321.28	0
321.93	0
322.40	0
97.48	0
100.40	0
101.73	0
103.34	0
104.03	0
105.90	0
106.64	0
111.79	0
345.11	0
348.96	0
362.55	0
365.58	0
368.89	0
371.05	0
372.23	0
372.66	0
272.84	0
274.94	0
275.21	0
276.08	0
276.57	0
276.73	0
277.56	0
277.75	0
355.06	0
355.50	0
361.16	0
362.53	0
362.69	0
366.81	0
366.96	0
372.51	0
176.19	0
180.33	0
182.60	0
186.64	0
187.62	0
194.37	0
194.58	0
197.28	0
288.17	0
292.90	0
295.17	0
296.29	0
299.06	0
300.20	0
301.02	0
301.18	0
302.15	0
309.31	0
316.98	0
322.03	0
327.96	0
329.33	0
329.39	0
329.70	0
103.04	0
108.53	0
108.63	0
114.61	0
116.38	0
118.08	0
118.72	0
130.06	0
215.02	0
218.05	0
218.40	0
218.74	0
219.44	0
219.75	0
221.93	0
222.34	0
433.98	0
436.60	0
441.10	0
445.82	0
447.85	0
447.97	0
448.28	0
450.81	0
336.31	0
474.44	0
474.54	0
475.23	0
475.36	0
477.11	0
481.85	0
482.78	0
433.36	0
434.31	0
434.96	0
435.28	0
435.51	0
436.56	0
438.21	0
438.77	0
184.81	0
190.01	0
196.72	0
197.05	0
202.35	0
202.82	0
203.51	0
211.10	0
226.14	0
226.59	0
227.98	0
231.32	0
231.39	0
231.65	0
232.35	0
234.07	0
270.24	0
272.16	0
272.62	0
273.10	0
273.13	0
273.30	0
273.43	0
273.46	0
383.17	0
383.99	0
386.03	0
386.18	0
390.81	0
391.03	0
391.34	0
394.21	0
449.49	0
449.85	0
451.89	0
451.96	0
452.27	0
453.24	0
453.48	0
455.78	0
428.32	0
430.99	0
437.61	0
442.14	0
444.83	0
445.86	0
446.05	0
446.24	0
226.08	0
230.18	0
232.85	0
236.84	0
238.69	0
241.76	0
245.48	0
246.15	0
392.11	0
397.78	0
401.04	0
402.96	0
403.33	0
405.13	0
407.46	0
408.38	0
237.97	0
238.29	0
240.40	0
242.63	0
242.64	0
242.84	0
245.38	0
246.15	0
110.55	0
122.29	0
123.60	0
124.80	0
125.68	0
125.99	0
126.91	0
128.86	0
114.31	0
133.12	0
136.00	0
148.20	0
149.51	0
152.39	0
152.56	0
160.22	0
308.63	0
311.77	0
311.98	0
313.13	0
313.72	0
316.08	0
317.13	0
317.25	0
681.55	1
725.62	0
767.79	0
769.51	1
769.80	1
771.51	0
774.49	0
777.29	0
674.30	1
736.80	1
759.27	0
770.66	0
771.97	0
774.96	1
776.65	0
778.75	0
355.81	1
366.39	1
376.19	1
378.72	1
386.30	0
390.71	0
408.27	0
411.38	0
136.08	0
137.96	0
148.55	0
151.39	0
151.87	0
151.88	0
152.06	0
152.19	0
247.05	0
249.96	0
252.04	0
253.93	0
255.60	0
261.11	0
261.26	0
262.98	0
252.74	0
260.58	0
265.24	0
266.04	0
267.65	0
269.17	0
270.49	0
271.87	0
272.98	0
274.54	0
274.71	0
274.99	0
275.63	0
276.03	0
276.08	0
276.23	0
150.15	1
150.25	1
226.04	0
227.31	0
232.09	0
232.39	0
232.94	0
234.28	0
232.11	0
234.42	0
251.72	0
258.05	0
261.86	0
270.46	0
271.26	0
271.78	0
255.36	0
261.95	0
262.27	0
265.20	0
268.15	0
272.53	0
273.65	0
276.59	0
303.27	0
308.69	0
309.53	0
312.28	0
313.39	0
313.84	0
317.32	0
318.56	0
239.09	0
249.58	0
250.75	0
253.90	0
254.29	0
254.90	0
256.59	0
258.90	0
327.37	0
327.70	0
327.89	0
334.30	0
334.46	0
335.86	0
336.93	1
337.01	0
79.02	1
94.99	0
103.79	0
105.28	0
105.96	1
106.23	1
109.69	0
109.93	0
276.65	0
277.54	0
283.12	0
283.54	0
290.28	1
294.90	0
313.06	0
325.24	0
199.21	0
201.95	0
205.02	0
210.25	0
212.10	0
216.88	0
219.00	0
220.34	0
272.30	1
273.06	0
274.13	0
280.97	0
285.83	0
286.03	0
289.72	0
290.90	0
310.33	0
322.84	0
328.52	0
333.59	0
334.08	0
335.65	0
335.71	0
340.20	0
320.54	0
321.77	0
322.14	0
324.28	0
328.04	0
330.41	0
331.20	0
334.06	0
337.20	0
342.70	0
343.42	0
344.54	0
345.26	0
350.92	0
352.51	0
352.65	0
404.18	0
411.49	0
418.67	0
419.15	0
419.72	0
420.99	0
421.15	0
422.27	0
246.44	1
251.41	1
255.55	1
261.30	1
261.88	1
263.04	1
270.58	1
270.80	1
427.06	1
448.52	0
450.82	0
451.10	0
451.12	0
451.60	0
452.61	0
453.36	0
433.40	0
438.57	0
439.76	0
443.12	0
443.80	0
445.72	0
445.93	0
446.64	0
527.45	1
539.97	0
542.58	1
559.10	0
579.33	0
583.88	0
590.33	0
590.99	0
184.16	1
201.10	1
351.97	0
356.27	1
357.94	1
358.12	0
359.34	0
368.72	0
117.37	1
130.72	1
188.86	1
313.47	0
319.15	0
319.78	0
321.97	0
322.34	0
273.53	0
280.35	0
282.87	0
287.03	0
287.68	0
296.14	0
299.99	0
304.77	0
397.65	0
399.83	0
407.46	0
411.10	0
411.96	0
416.25	0
419.10	0
419.61	0
249.08	0
251.89	0
257.88	0
259.11	0
259.77	0
262.66	0
263.48	0
267.36	0
296.38	0
301.30	0
304.26	0
304.56	0
305.45	0
306.88	0
307.01	0
307.58	0
536.53	0
540.03	0
546.40	0
550.50	0
552.44	0
554.03	0
555.22	0
556.73	0
561.61	0
572.04	0
572.63	0
574.38	0
578.36	1
581.33	0
582.60	0
582.69	1
468.76	0
473.09	0
474.24	0
475.62	0
480.46	0
481.00	0
481.75	0
482.02	0
580.15	0
588.86	0
591.62	0
594.88	0
596.56	0
604.63	0
607.94	0
608.21	0
560.04	0
569.55	0
569.81	0
572.03	0
573.64	0
575.39	0
576.01	0
580.38	0
364.57	0
366.06	0
367.69	0
367.99	0
368.31	0
368.72	0
369.45	0
370.48	0
372.41	0
384.84	0
393.22	0
434.22	0
434.65	0
436.54	0
436.83	0
438.44	0
204.66	0
208.54	0
208.61	0
209.65	0
210.98	0
211.96	0
213.72	0
213.81	0
245.37	0
247.86	0
252.42	0
254.09	0
254.11	0
257.01	0
259.86	0
265.71	0
296.94	0
300.53	0
301.35	0
303.83	0
304.27	0
306.64	0
307.04	0
307.15	0
340.82	0
348.30	0
349.12	0
352.78	0
353.27	0
353.70	0
356.54	0
357.48	0
274.50	1
283.41	1
285.96	0
286.56	0
287.36	0
288.02	0
288.56	0
289.77	0
355.46	0
358.05	0
358.45	0
358.48	0
360.26	0
361.03	0
361.22	0
363.05	0
314.29	0
314.36	0
321.02	0
324.14	0
326.68	0
326.87	0
327.53	0
328.35	0
683.51	0
685.78	0
686.83	0
686.94	0
692.12	0
693.08	0
693.70	0
695.35	0
477.89	0
477.98	0
480.61	0
480.92	0
484.23	0
484.36	0
485.30	0
486.08	0
282.07	0
282.12	0
289.32	0
289.71	0
291.65	0
292.96	0
298.09	0
299.71	0
393.17	1
394.46	0
396.07	0
396.50	0
397.27	0
398.70	0
399.09	0
401.92	1
304.74	0
325.98	0
326.11	0
326.92	0
330.97	0
333.17	0
334.63	0
334.75	0
574.47	1
581.91	1
742.00	0
748.80	0
749.16	0
750.44	0
751.22	0
751.38	0
388.25	0
391.67	0
393.93	0
394.14	0
395.98	0
398.54	0
398.66	1
398.81	0
241.82	1
266.02	1
269.93	0
279.32	0
296.83	0
300.35	0
300.83	0
301.63	0
236.90	0
246.74	0
249.71	0
253.77	0
255.60	0
256.86	0
256.94	0
258.73	0
251.20	0
251.74	0
252.70	0
253.74	0
259.05	0
261.59	0
263.73	0
264.32	0
368.74	0
374.22	0
381.08	0
384.48	0
387.29	0
389.23	0
389.73	0
390.75	0
582.02	0
584.43	0
585.56	0
586.81	0
587.71	0
587.82	0
589.09	0
593.31	0
151.26	1
152.48	1
156.81	1
159.97	1
161.40	1
163.22	1
163.88	1
168.23	1
26.40	0
26.44	0
26.63	0
27.78	0
27.80	0
29.39	0
30.39	0
30.51	0
178.18	0
179.71	0
181.02	0
182.13	0
182.54	0
182.57	0
183.12	0
183.16	0
317.07	0
322.01	0
325.12	0
325.35	0
326.48	0
334.30	0
342.80	0
344.60	0
165.64	0
167.83	0
169.40	0
172.24	0
173.37	0
174.37	0
182.39	0
182.82	0
300.24	0
324.62	0
326.74	0
331.57	0
337.00	0
337.41	0
337.69	0
338.28	0
125.82	0
127.09	0
128.02	0
129.76	0
130.72	0
134.41	0
134.50	0
136.11	0
271.00	0
276.92	0
286.21	0
287.50	0
287.79	0
289.73	0
290.79	0
290.80	0
180.13	0
180.87	0
181.56	0
181.86	0
186.53	0
187.82	0
194.69	0
197.91	0
291.07	0
309.57	0
316.10	0
317.63	0
318.30	0
319.77	0
321.16	0
321.51	0
106.48	0
131.50	0
184.03	0
190.11	0
190.63	0
192.30	0
193.80	0
199.24	0
95.13	1
105.65	1
106.18	1
124.38	0
137.67	0
138.04	1
139.09	0
139.86	0
115.07	1
115.71	1
115.77	1
121.98	1
122.81	1
125.59	1
132.51	1
133.84	1
28.65	1
28.66	1
29.12	1
29.80	1
29.97	1
32.20	1
32.24	1
32.53	1
161.18	0
197.06	0
198.44	0
204.59	0
204.75	0
222.30	0
228.82	0
231.11	0
252.10	0
252.14	0
252.60	0
254.25	0
256.98	0
257.16	0
257.33	0
258.62	0
131.02	0
135.64	1
140.32	0
140.44	0
140.61	0
144.35	0
146.28	0
147.30	0
101.56	1
108.59	1
119.74	1
131.83	0
132.09	0
135.59	0
138.57	0
139.32	0
91.70	0
94.05	0
95.46	0
95.96	0
96.04	0
97.08	0
100.96	0
104.54	0
8.63	1
14.36	1
15.67	1
17.00	1
18.57	1
19.98	1
74.83	0
82.13	0
185.83	1
188.22	1
191.20	1
192.64	1
192.98	1
195.26	1
196.86	1
197.75	0
187.20	0
194.14	0
200.36	0
204.48	0
204.75	0
204.91	0
209.41	0
212.90	0
126.25	0
131.78	0
137.96	0
138.44	0
139.69	0
141.96	0
143.03	0
143.65	0
129.33	0
133.06	0
133.11	0
134.37	0
134.94	0
138.27	0
138.29	0
141.87	0
44.96	0
46.14	0
47.07	0
47.26	0
51.74	1
52.51	0
55.22	0
58.21	0
117.80	0
141.27	0
141.59	0
142.49	0
143.57	0
143.58	0
148.67	0
153.14	0
87.29	0
88.43	0
89.29	0
90.27	0
94.32	0
95.03	0
97.75	0
97.81	0
139.37	0
141.27	0
141.44	0
141.96	0
142.36	0
143.50	0
144.55	0
150.38	0
132.98	1
136.90	1
143.65	1
144.49	1
145.09	1
145.89	0
145.97	0
150.91	0
169.20	0
173.92	0
175.61	0
179.06	0
181.77	0
184.50	0
187.29	0
190.00	0
222.43	0
223.19	0
223.60	0
223.93	0
224.82	0
226.92	0
227.13	0
228.11	0
226.75	0
229.61	0
230.34	0
230.56	0
233.35	0
233.49	0
234.20	0
235.18	0
87.39	0
90.31	0
90.47	0
93.05	0
94.32	0
95.03	0
104.02	0
113.19	0
272.19	0
275.78	0
282.32	0
288.12	0
289.86	0
298.50	1
300.18	0
305.71	0
113.56	0
114.70	0
116.34	0
116.64	0
117.36	0
119.03	0
123.75	0
127.37	0
141.81	0
144.42	0
144.51	0
146.04	0
148.14	0
151.66	0
153.49	0
153.63	0
143.03	0
143.68	0
144.29	0
144.81	0
146.13	0
146.53	0
148.26	0
148.44	0
135.34	0
137.24	0
137.25	0
137.25	0
137.33	0
140.26	0
140.75	0
142.79	0
138.66	0
143.65	0
144.37	0
144.63	0
144.73	0
146.21	0
146.55	0
151.40	0
178.81	0
181.95	0
182.66	0
184.35	0
185.40	0
186.04	0
186.24	0
187.98	0
31.79	1
32.52	1
35.92	1
57.55	1
66.23	1
73.11	0
78.50	0
78.78	0
121.99	0
122.65	0
124.11	0
125.71	0
127.85	0
128.30	0
132.98	0
137.02	0
123.66	0
126.00	0
126.31	0
127.35	0
128.74	0
129.14	0
129.29	0
130.81	0
107.27	0
108.81	0
110.04	0
113.30	0
113.49	0
114.40	0
116.30	0
118.64	0
128.23	0
128.44	0
129.09	0
129.86	0
132.00	0
133.56	0
133.64	0
134.84	0
99.13	0
102.07	0
103.55	0
103.71	0
106.22	0
109.62	0
110.73	0
110.90	0
30.50	1
31.77	1
32.15	1
54.84	1
62.47	1
72.41	0
76.40	0
76.66	0
103.50	1
121.91	0
122.17	0
122.48	0
124.30	0
124.78	0
127.33	0
128.71	0
95.39	1
110.36	1
113.28	1
116.30	1
130.93	1
139.97	1
145.65	0
148.64	0
118.19	0
130.77	0
131.26	0
131.85	0
134.23	0
134.89	0
137.20	0
137.36	0
102.47	0
103.45	0
104.38	0
105.51	0
107.84	0
110.21	0
112.83	0
114.39	0
92.51	0
101.30	0
101.90	0
102.14	0
102.36	0
102.94	0
104.79	0
109.08	0
93.44	0
100.06	0
100.57	0
100.75	0
102.41	0
103.09	0
103.16	0
109.43	0
80.63	0
81.56	0
83.36	0
86.48	0
90.11	0
90.15	0
90.84	0
92.64	0
87.86	0
90.63	0
96.42	0
98.00	0
101.30	0
107.78	0
108.65	0
110.45	0
180.67	0
184.35	0
196.37	0
205.21	0
213.77	0
220.20	0
226.07	0
226.30	0
209.93	0
217.24	0
220.81	0
238.40	0
239.61	0
242.73	0
252.65	0
255.64	0
82.08	1
83.84	1
85.76	1
86.34	1
87.80	1
89.02	1
100.16	1
106.97	1
19.95	1
20.74	1
21.71	1
21.92	1
21.94	1
23.12	1
23.77	1
24.30	1
192.65	0
207.91	1
212.93	0
219.39	1
223.12	0
224.05	0
226.20	1
226.52	0
164.61	0
167.40	0
168.37	0
171.11	0
171.26	0
172.77	0
172.95	0
174.11	0
170.73	0
175.72	0
186.57	0
188.13	0
189.84	0
189.88	0
191.01	0
191.53	0
87.00	0
87.13	0
88.42	0
91.12	0
93.27	0
95.04	0
96.15	0
98.45	0
17.10	1
17.81	1
18.64	1
20.52	1
22.57	1
24.08	1
24.11	1
52.60	0
151.19	0
151.62	0
151.80	0
152.87	0
153.11	0
154.62	0
154.66	0
157.63	0
91.52	0
108.20	0
114.43	0
117.12	0
117.41	0
118.38	0
119.26	0
121.79	0
115.75	0
143.47	0
144.20	0
146.59	0
149.71	0
150.23	0
151.47	0
151.48	0
80.19	0
84.88	0
85.48	0
91.03	0
91.81	0
92.51	0
93.18	0
93.86	0
171.18	0
171.86	0
172.00	0
173.54	0
174.51	0
175.15	0
176.42	0
179.37	0
54.34	1
64.37	1
77.06	1
91.74	0
91.75	0
92.88	0
93.41	0
97.52	1
155.01	0
155.28	0
155.95	0
156.80	0
161.36	0
162.66	0
162.83	0
164.47	0
116.03	0
118.87	0
120.13	0
121.62	0
122.64	0
122.98	0
124.80	0
125.32	0
86.61	0
88.79	0
90.28	0
92.84	0
95.98	0
96.00	0
97.55	0
98.84	0
9.16	1
10.90	1
13.68	1
14.24	1
15.71	1
16.22	1
17.31	1
50.11	0
158.94	0
160.28	0
160.85	0
162.84	0
164.06	0
165.92	0
166.28	0
166.42	0
83.19	0
107.71	0
108.25	0
113.93	0
115.65	0
116.47	0
117.04	0
117.28	0
132.30	0
142.36	0
144.38	0
144.83	0
147.46	0
147.86	0
147.93	0
149.28	0
98.41	0
100.50	0
101.35	0
101.97	0
104.24	0
105.04	0
109.04	0
109.08	0
128.71	1
137.92	1
139.83	0
146.89	0
147.24	0
150.00	0
151.34	0
151.44	1
171.54	0
172.84	0
173.27	0
173.56	0
175.15	0
177.19	0
180.73	0
184.92	0
134.57	0
136.66	0
137.18	0
140.80	0
143.92	0
145.31	0
146.43	0
147.90	0
98.84	0
99.58	0
101.15	0
103.23	0
105.69	0
106.62	0
108.40	0
109.32	0
138.64	0
140.54	0
142.68	0
145.08	0
146.53	0
148.70	0
151.59	0
154.66	0
95.51	0
99.25	0
102.50	0
103.10	0
103.82	0
105.04	0
106.50	0
106.85	0
190.56	0
195.70	0
230.81	0
231.39	0
231.42	0
232.04	0
233.92	0
235.37	0
159.34	0
159.36	0
160.46	0
161.76	0
172.41	0
172.72	0
173.06	0
173.10	0
408.54	0
408.80	0
408.82	0
409.72	0
410.22	0
411.56	0
413.62	0
417.29	0
206.77	0
207.85	0
210.41	0
211.77	0
212.26	0
212.60	0
212.74	0
215.06	0
335.08	0
344.22	0
350.08	0
350.99	0
353.24	0
353.60	0
353.68	0
355.63	0
742.93	0
746.88	0
749.05	0
761.80	0
763.82	0
764.83	0
765.43	0
766.95	0
162.96	0
167.04	0
167.84	0
169.01	0
169.02	0
169.85	0
172.22	0
174.34	0
55.65	0
55.80	0
59.21	0
60.06	0
61.99	0
62.19	0
64.40	0
68.42	0
20.55	1
46.58	0
46.83	0
47.30	0
48.92	0
49.73	0
51.64	0
53.71	1
23.24	1
47.34	0
48.04	0
48.48	0
49.97	0
50.62	0
51.27	0
57.75	0
149.35	0
150.20	0
150.70	0
151.90	0
155.55	0
158.48	0
159.10	0
163.13	0
335.91	0
341.39	0
343.59	0
344.00	0
347.76	0
348.20	0
348.95	0
349.26	0
541.13	1
542.01	1
544.34	1
545.25	0
546.34	1
549.41	1
550.10	0
551.40	0
219.19	0
224.42	0
278.84	0
283.15	0
283.98	0
284.22	0
286.73	0
286.76	0
154.47	0
157.76	0
158.52	0
161.68	0
164.55	0
165.83	0
167.50	0
167.74	0
431.13	0
431.60	0
432.08	0
432.53	0
432.69	0
434.21	0
435.70	0
436.25	0
201.48	0
202.52	0
204.54	0
204.60	0
206.89	0
207.03	0
208.27	0
208.48	0
371.13	0
374.27	0
375.42	0
380.25	0
381.02	0
386.96	0
387.25	0
387.39	0
669.08	0
675.53	0
675.98	0
682.22	0
683.51	0
684.13	0
684.82	0
684.96	0
154.88	0
156.04	0
157.95	0
159.58	0
159.84	0
160.49	0
161.98	0
167.14	0
61.68	1
122.02	0
122.58	0
124.44	0
125.69	0
125.78	0
128.01	0
128.35	0
23.38	1
81.49	1
199.35	0
200.65	0
203.84	0
205.55	0
207.29	0
207.52	0
6.74	1
12.74	1
127.47	0
127.79	0
140.08	0
140.74	0
147.29	0
148.63	0
22.09	1
161.68	0
162.39	0
163.45	0
164.03	0
165.67	0
167.12	0
171.75	0
52.30	1
53.38	1
55.24	1
55.55	1
57.84	1
76.82	1
82.06	1
86.69	0
68.01	1
79.73	1
107.88	0
109.53	0
113.21	0
115.42	0
116.28	0
116.30	0
37.91	1
39.82	1
42.12	1
43.99	1
44.60	0
46.30	0
49.03	1
50.62	0
8.16	1
9.03	1
9.17	1
9.26	1
9.27	1
9.54	1
10.28	1
10.36	1
143.20	0
148.21	0
159.55	0
162.29	0
172.04	0
192.48	0
192.76	0
196.88	0
293.00	0
293.96	0
296.65	0
296.94	0
297.04	0
300.29	0
300.49	0
300.99	0
166.98	0
167.03	0
168.59	0
171.78	0
171.91	0
171.96	0
172.48	0
172.66	0
217.15	0
226.29	0
226.39	0
227.31	0
229.28	0
229.37	0
230.09	0
230.58	0
146.08	0
163.55	0
164.04	0
165.49	0
167.78	0
167.79	0
168.24	0
168.24	0
229.82	0
231.36	0
236.60	0
250.59	0
256.77	0
257.11	0
257.48	0
257.49	0
84.04	1
93.90	1
102.27	1
103.35	0
105.55	1
111.16	0
116.16	1
121.77	0
152.44	0
155.51	0
162.06	0
162.59	0
163.54	0
165.00	0
165.30	0
166.60	0
125.24	0
126.71	0
126.77	0
127.37	0
129.59	0
130.21	0
130.35	0
130.35	0
245.07	0
247.43	0
264.07	0
270.55	0
278.97	0
285.64	0
287.24	0
289.52	0
22.30	1
22.81	1
24.90	1
25.73	1
28.86	1
31.38	1
33.41	1
40.49	1
2.10	1
2.30	1
2.33	1
2.86	1
3.18	1
3.35	1
4.23	1
4.40	1
158.83	1
229.56	1
241.70	0
241.89	1
266.75	0
268.15	0
271.78	0
272.69	0
234.52	0
273.88	1
280.46	0
283.86	0
286.41	0
286.92	0
290.80	0
293.63	0
76.03	1
87.68	1
87.81	1
90.40	1
92.23	1
93.43	1
94.48	1
95.73	1
301.15	1
304.92	0
311.21	1
314.31	1
314.60	0
319.36	0
324.53	0
325.28	0
278.80	0
300.86	0
305.92	0
309.51	0
311.71	0
312.60	0
312.76	0
316.64	0
269.28	0
273.80	0
278.72	0
282.24	0
283.21	0
283.30	0
285.80	0
287.16	0
176.97	0
211.47	0
215.81	0
217.81	0
220.28	0
223.05	0
228.20	0
228.20	0
167.82	0
172.38	0
181.19	0
181.40	1
189.34	0
189.90	0
190.04	0
191.32	0
266.92	0
276.96	0
279.12	0
279.31	0
279.68	0
287.95	0
295.04	0
298.18	0
155.58	0
171.06	0
184.65	0
184.77	0
190.34	0
191.51	0
192.61	0
193.39	0
219.65	0
228.15	0
228.73	0
228.82	0
231.67	0
235.01	0
235.82	0
236.18	0
43.45	1
44.62	1
50.51	1
51.83	1
95.26	0
106.20	0
114.70	0
116.87	0
145.18	0
160.80	0
161.13	0
162.58	0
162.87	0
164.89	0
164.91	0
164.95	0
134.01	0
137.03	0
158.38	1
160.47	0
163.27	1
163.96	0
164.78	0
165.35	0
179.77	1
246.78	0
257.35	0
261.50	0
269.29	0
283.17	0
283.35	0
287.63	0
129.88	0
227.21	0
229.30	0
231.03	0
233.91	1
234.28	0
234.93	0
235.70	0
254.80	0
265.06	0
307.65	0
312.67	0
313.23	0
314.23	0
315.21	0
315.48	0
187.40	0
189.02	0
189.52	0
193.10	0
196.47	0
196.69	0
196.84	0
197.20	0
127.73	0
134.31	0
135.20	0
135.26	0
136.23	0
136.58	0
137.02	0
137.28	0
166.30	0
177.74	0
211.86	0
214.13	0
216.11	0
217.66	0
218.61	0
218.94	0
107.09	0
282.11	0
288.32	0
291.88	0
298.81	1
300.18	0
310.09	0
326.97	0
84.51	1
104.17	0
119.57	0
121.87	0
129.72	0
134.29	0
134.41	0
141.66	0
36.02	1
231.79	0
232.30	0
240.42	0
243.15	0
246.20	0
246.76	0
247.32	0
5.18	1
40.93	1
41.73	1
48.10	1
48.58	1
93.01	0
109.08	0
112.55	0
94.60	0
109.85	0
112.60	0
114.55	0
115.79	0
120.05	0
120.25	0
120.34	0
68.17	0
74.81	0
81.23	0
85.20	0
85.87	0
86.52	1
91.85	1
96.32	0
163.21	0
177.30	0
183.21	0
184.43	0
186.78	0
192.29	0
196.00	0
201.15	0
98.17	1
102.05	0
105.59	0
106.28	0
106.34	0
106.38	0
106.70	0
106.78	0
181.38	0
227.24	1
228.77	1
233.48	1
253.06	1
254.13	1
256.52	0
258.75	0
288.37	0
307.67	0
309.62	0
311.38	0
321.60	0
327.54	0
328.09	0
328.10	0
262.06	0
266.80	0
267.72	0
267.99	0
270.14	0
274.32	0
274.87	0
275.13	0
289.08	1
315.50	1
317.71	1
318.83	1
333.00	1
333.87	1
336.21	1
339.61	1
261.55	0
279.49	0
279.83	0
289.08	0
297.19	0
301.24	0
308.52	0
313.15	0
309.42	0
315.80	0
318.32	0
319.01	0
319.70	0
319.98	0
320.69	0
321.02	0
268.87	0
274.72	1
279.58	0
280.38	0
280.73	0
281.81	1
282.97	0
285.93	0
168.65	1
219.48	0
233.09	0
233.93	0
239.00	0
239.02	0
239.45	0
239.46	0
236.36	1
241.92	0
247.69	0
249.45	0
249.97	0
251.44	0
251.62	0
253.03	0
78.95	1
126.70	0
132.15	0
135.91	0
145.59	0
147.14	0
147.93	0
149.05	0
203.90	0
209.26	0
224.51	0
228.69	0
231.16	0
237.44	0
237.52	0
238.66	0
87.51	1
253.86	0
263.43	0
263.44	0
264.45	0
264.74	0
265.38	0
265.85	0
7.72	1
44.29	1
45.21	1
49.89	1
51.86	1
96.54	0
112.89	0
114.66	0
135.90	0
138.13	0
142.94	0
144.51	0
144.58	0
145.42	0
145.65	0
145.70	0
43.66	1
46.28	1
47.33	1
49.47	1
50.11	1
51.51	1
57.75	1
61.76	1
2.67	1
3.03	1
3.68	1
3.78	1
3.89	1
3.93	1
4.45	1
4.73	1
81.13	1
104.38	1
118.91	1
125.28	0
152.71	0
162.52	1
163.59	0
165.78	0
183.86	0
192.30	0
193.40	0
198.51	0
199.97	0
201.77	0
209.32	0
213.34	0
231.75	0
247.58	0
272.71	0
276.45	0
277.25	0
278.02	0
278.05	0
278.31	0
120.53	1
132.83	1
149.81	0
158.84	0
161.92	0
166.10	0
166.45	0
167.71	0
220.23	0
233.15	0
233.29	0
238.52	0
240.82	0
242.48	0
243.59	0
244.22	0
61.67	0
63.76	0
89.84	0
100.21	0
103.19	0
103.26	0
104.75	0
109.58	0
83.69	1
145.28	0
145.43	0
145.74	0
148.39	0
150.63	0
158.05	0
159.11	0
209.92	0
213.44	0
214.43	0
214.82	0
216.84	0
217.78	0
217.93	0
218.01	0
133.09	0
137.09	0
142.43	0
143.62	0
144.11	0
145.63	0
146.31	0
149.19	0
117.81	0
121.97	0
123.44	0
124.19	0
125.94	0
128.25	0
129.49	0
129.67	0
86.72	1
89.51	1
91.41	0
102.59	0
105.94	0
109.68	0
110.13	0
116.31	0
55.86	1
61.56	1
64.99	1
68.67	1
86.63	1
87.98	1
96.68	0
96.92	0
62.94	1
88.25	1
99.52	0
102.41	0
105.62	0
106.51	0
110.03	0
113.73	0
98.08	0
100.00	0
100.53	0
101.49	0
101.62	0
105.73	0
106.05	0
106.06	0
47.31	1
91.00	1
96.31	1
98.92	0
102.42	1
109.92	0
112.02	0
113.96	0
78.00	1
105.78	0
112.38	0
115.23	0
125.88	0
135.32	0
145.25	0
151.05	0
11.56	1
15.12	1
86.86	0
90.22	0
99.04	0
101.29	0
102.60	0
104.44	0
30.72	1
53.74	1
66.53	0
78.23	0
79.46	0
84.75	0
89.15	0
93.67	0
7.66	1
10.91	1
19.28	1
19.97	1
19.97	1
21.25	1
22.00	1
31.80	1
1.01	1
1.38	1
1.79	1
2.19	1
2.21	1
2.28	1
2.34	1
2.58	1
36.44	0
36.55	0
36.60	0
36.61	0
37.44	0
37.53	0
37.62	0
38.28	0
160.77	1
172.20	1
178.17	1
179.97	1
181.42	0
182.12	1
186.18	0
186.33	0
161.21	0
162.41	0
165.39	0
166.14	0
168.65	0
171.47	0
177.02	1
180.20	0
120.20	1
120.68	1
123.89	1
125.26	1
129.45	1
129.67	1
130.75	1
131.04	1
80.04	0
87.12	0
88.19	0
89.70	0
91.57	0
91.72	0
92.63	0
93.78	0
184.09	0
186.55	1
201.59	0
201.60	0
206.42	0
210.55	0
213.37	0
216.49	0
23.47	1
26.54	1
153.88	0
153.91	0
154.71	0
154.84	0
159.09	0
159.80	0
29.75	1
31.35	1
117.66	0
128.12	0
129.56	0
130.43	0
131.09	0
132.46	0
126.13	1
136.95	1
142.51	0
144.29	1
158.80	1
159.04	0
165.73	0
166.51	0
85.60	1
93.43	1
95.11	0
102.95	1
109.58	1
110.20	1
115.34	1
116.65	1
