277.66	0
288.31	0
298.54	0
309.70	0
348.38	0
352.69	0
357.60	0
371.19	0
623.32	0
632.79	0
645.05	0
649.14	0
660.09	0
672.27	0
688.66	0
693.64	0
578.21	0
592.43	0
593.40	0
598.93	0
632.22	0
634.34	0
639.39	0
650.16	0
706.47	0
711.62	0
712.92	0
718.18	0
728.56	0
738.82	0
753.77	0
754.67	0
877.07	0
879.92	0
894.55	0
898.31	0
902.56	0
907.74	0
914.04	0
919.35	0
454.73	0
457.00	0
462.96	0
473.38	0
493.41	0
495.90	0
509.18	0
511.46	0
216.32	0
227.92	0
244.85	0
248.93	0
265.33	0
272.12	0
274.82	0
275.19	0
228.89	0
247.02	0
276.09	0
278.15	0
282.72	0
287.50	0
294.30	0
301.59	0
228.35	0
247.55	0
277.36	0
305.35	0
306.93	0
315.02	0
315.05	0
315.16	1
550.56	0
559.64	0
587.40	0
589.12	0
591.61	0
612.05	0
613.14	0
619.13	0
636.67	0
646.46	0
656.24	0
665.33	0
668.31	0
671.72	0
671.74	0
673.35	0
531.00	0
540.79	0
543.14	0
544.31	0
554.77	0
573.36	0
580.25	0
581.28	0
525.83	0
527.38	0
542.16	0
560.64	0
560.87	0
572.76	0
584.16	0
586.69	0
317.74	0
319.02	0
328.93	0
343.84	0
366.77	0
380.31	0
385.23	0
388.08	0
524.42	0
539.47	0
559.77	0
559.84	0
577.17	0
580.86	0
580.99	0
582.23	0
531.70	0
547.69	0
555.45	0
562.22	0
567.51	0
569.07	0
575.72	0
588.34	0
446.12	0
456.00	0
466.56	0
490.13	0
497.51	0
503.37	0
514.00	0
521.30	0
340.15	0
364.17	0
366.94	0
371.13	0
375.02	0
390.08	0
394.80	0
394.96	0
180.29	0
188.34	0
194.35	0
212.33	0
230.50	0
245.66	0
247.00	0
254.64	0
262.66	0
285.00	0
301.92	0
313.95	0
321.96	0
328.94	0
330.82	0
342.89	0
277.20	0
292.32	0
314.86	0
330.52	0
336.21	0
342.19	0
343.73	0
345.00	0
259.06	0
260.59	0
266.35	0
270.77	0
275.86	0
299.21	0
310.97	0
312.70	0
273.22	0
276.55	0
295.83	0
296.32	0
301.59	0
317.77	0
322.04	0
326.05	0
370.41	0
381.31	0
390.15	0
393.85	0
413.53	0
426.13	0
427.36	0
434.66	0
457.80	0
475.47	0
476.33	0
477.14	0
480.86	0
481.89	0
481.89	0
487.85	0
245.60	0
250.44	0
257.32	0
268.18	0
285.39	0
293.12	0
303.40	0
309.06	0
48.20	0
119.88	0
123.44	0
165.70	0
165.90	0
184.34	0
184.85	0
190.37	0
154.43	0
162.11	0
169.75	0
182.26	0
196.25	0
208.08	0
224.98	0
226.79	0
52.63	0
98.42	0
102.44	0
104.74	0
105.58	0
108.23	0
120.21	0
138.16	0
311.14	0
345.46	0
357.48	0
364.97	0
395.42	0
405.40	0
411.34	0
412.28	0
515.48	0
522.79	0
528.64	0
529.51	0
536.09	0
539.79	0
556.33	0
557.25	0
778.90	0
784.97	0
800.39	0
819.08	0
833.25	0
842.45	0
848.16	0
849.64	0
285.18	0
293.38	0
303.44	0
314.49	0
327.14	0
336.60	0
344.40	0
355.70	0
518.59	0
532.78	0
538.68	0
547.99	0
552.71	0
560.24	0
566.97	0
577.79	0
559.31	0
562.38	0
563.48	0
572.34	0
584.97	0
588.68	0
590.38	0
590.91	0
383.54	0
395.40	0
413.50	0
413.83	0
416.55	0
419.45	0
422.40	0
432.79	0
397.99	0
401.00	0
403.14	0
408.01	0
408.21	0
417.37	0
424.40	0
428.36	0
260.46	0
266.23	0
275.89	0
280.60	0
283.52	0
300.33	0
307.72	0
311.13	0
392.51	0
394.52	0
402.82	0
412.73	0
413.63	0
437.36	0
438.07	0
445.56	0
256.84	0
272.15	0
272.76	0
292.98	0
294.18	0
297.39	0
298.05	0
317.81	0
304.75	0
318.42	0
326.09	0
336.38	0
347.82	0
354.60	0
358.60	0
376.91	0
385.42	0
394.83	0
403.68	0
411.09	0
420.42	0
423.24	0
435.17	0
439.56	0
293.11	0
293.23	0
306.41	0
321.28	0
327.26	0
329.02	0
332.46	0
336.19	0
130.72	0
132.12	0
158.07	0
238.32	0
248.59	0
273.05	0
278.52	0
283.32	0
485.34	0
494.47	0
500.07	0
503.07	0
505.15	0
521.47	0
524.81	0
530.46	0
476.51	0
481.26	0
491.76	0
491.90	0
512.14	0
519.59	0
521.64	0
527.26	0
630.39	0
632.42	0
633.33	0
661.96	0
664.16	0
664.44	0
685.48	0
689.02	0
656.65	0
661.63	0
673.26	0
677.51	0
679.74	0
680.77	0
683.45	0
687.96	0
165.87	1
183.10	1
184.43	0
259.09	0
261.04	0
277.62	0
283.80	0
300.28	0
238.27	0
262.38	0
271.30	0
275.90	0
280.58	0
281.71	0
282.89	0
289.24	0
169.41	0
172.49	0
191.91	0
199.78	0
201.52	0
207.30	0
212.82	0
214.44	0
180.01	0
185.94	0
208.50	0
214.15	0
218.72	0
221.43	0
239.59	0
240.99	0
360.62	0
362.90	0
364.16	0
372.04	0
373.56	0
381.71	0
391.58	0
392.85	0
564.10	0
579.03	0
581.55	0
584.15	0
589.56	0
602.15	0
602.51	0
609.11	0
318.37	0
326.48	0
368.44	0
372.79	0
374.07	0
381.37	0
388.95	0
396.10	0
234.19	0
240.78	0
248.15	0
260.20	0
268.33	0
280.78	0
284.78	0
285.75	0
112.18	0
234.31	0
241.74	0
259.99	0
262.07	0
265.66	0
271.43	0
273.20	0
285.00	0
313.40	0
338.56	0
338.94	0
340.34	0
350.18	0
357.31	0
364.31	0
20.78	1
75.94	1
83.57	0
134.82	0
145.43	0
151.20	0
179.14	0
185.94	1
165.86	0
171.04	0
171.38	0
177.19	0
184.44	0
190.43	0
194.34	0
208.28	0
479.00	0
479.83	0
491.34	0
502.74	0
504.66	0
504.68	0
509.07	0
514.84	0
576.62	0
580.91	0
590.50	0
607.43	0
611.73	0
612.61	0
614.02	0
615.19	0
490.33	0
492.83	0
494.51	0
505.90	0
510.59	0
511.46	0
515.09	0
515.51	0
721.86	0
739.97	0
753.11	0
755.15	0
758.74	0
763.52	0
780.35	0
788.26	0
314.88	0
320.79	0
326.03	0
333.78	0
340.24	0
347.57	0
353.99	0
354.14	0
244.18	0
248.41	0
275.32	0
276.80	0
277.29	0
291.38	0
298.72	0
311.45	0
66.60	0
74.14	0
94.57	0
101.68	0
105.37	0
123.02	0
132.87	0
133.35	0
122.93	0
123.34	0
127.13	0
130.36	0
133.06	0
154.89	0
172.33	0
177.43	0
103.77	0
104.03	0
107.48	0
132.93	0
140.45	0
147.14	0
150.39	0
157.26	0
10.77	1
49.77	0
98.56	0
99.96	0
102.56	0
104.11	0
109.68	0
122.71	0
74.83	0
79.02	0
95.19	0
102.58	0
102.91	0
111.46	0
114.61	0
132.06	0
150.62	0
151.76	0
159.22	0
161.83	0
165.21	0
166.86	0
178.03	0
185.02	0
16.30	1
150.92	0
152.24	0
175.78	0
181.13	0
181.16	0
188.75	0
189.67	0
61.64	1
114.11	0
121.28	0
141.10	0
147.95	0
148.91	0
154.60	0
156.99	0
111.76	0
115.17	0
136.74	0
138.73	0
141.11	0
142.86	0
159.97	0
161.91	0
131.17	0
133.14	0
147.46	0
156.68	0
168.68	0
175.46	0
176.79	0
185.66	0
14.53	1
21.34	1
67.21	1
72.60	0
122.70	0
139.70	0
145.80	0
172.83	1
230.36	0
237.49	0
245.00	0
250.25	0
252.65	0
253.79	0
254.94	0
260.17	0
511.22	0
515.68	0
519.82	0
521.91	0
522.50	0
524.97	0
528.26	0
530.52	0
479.21	0
481.40	0
482.93	0
485.64	0
491.45	0
491.67	0
493.42	0
494.72	0
452.82	0
486.47	0
494.91	0
497.38	0
497.65	0
497.69	0
503.98	0
504.36	0
696.96	0
706.00	0
706.52	0
710.26	0
721.22	0
725.15	0
725.34	0
727.71	0
512.84	0
516.90	0
523.12	0
579.00	0
584.50	0
593.68	0
606.03	0
607.74	0
210.61	0
211.40	1
217.85	0
221.44	0
224.95	0
229.35	0
229.75	0
229.80	0
191.64	0
192.21	0
195.23	0
198.11	0
201.74	0
207.57	0
210.61	0
211.78	0
156.20	0
158.95	0
159.42	0
168.01	0
178.45	0
178.54	0
179.16	0
183.67	0
173.49	0
177.46	0
180.09	0
190.52	0
190.89	0
191.32	0
199.53	0
205.83	0
164.10	0
164.72	0
166.11	0
167.71	0
171.49	0
179.19	0
181.75	0
185.27	0
264.02	0
269.82	0
273.70	0
275.94	0
277.15	0
291.81	0
298.40	0
299.63	0
83.68	0
84.25	0
85.01	0
92.19	0
95.91	0
102.44	0
111.12	0
111.60	0
19.43	1
22.23	1
28.07	1
79.31	1
83.40	0
118.20	0
124.72	0
142.15	0
103.99	0
138.19	1
153.16	0
164.45	0
181.30	0
181.31	0
183.95	0
192.64	0
13.22	1
13.93	1
142.78	0
149.70	0
152.39	0
152.70	0
155.72	0
171.49	0
3.45	1
63.06	1
94.63	0
110.00	0
117.70	0
125.18	0
138.47	0
138.79	0
5.08	1
94.24	0
105.33	0
117.96	0
120.08	0
123.44	0
124.71	0
138.32	0
5.24	1
123.19	0
126.36	0
134.30	0
143.46	0
145.33	0
145.78	0
149.68	0
110.70	0
119.53	0
127.22	0
133.43	0
136.19	0
154.98	0
161.62	0
168.17	0
161.32	0
168.12	0
168.56	0
173.00	0
175.97	0
179.83	0
181.25	0
182.57	0
294.95	0
306.57	0
306.71	0
307.67	0
309.69	0
310.99	0
313.03	0
313.18	0
388.73	0
393.50	0
394.13	0
403.83	0
407.91	0
415.35	0
416.06	0
416.82	0
437.26	0
443.07	0
450.72	0
451.79	0
453.26	0
455.29	0
461.88	0
463.86	0
312.13	0
312.49	0
313.45	0
320.65	0
322.89	0
330.76	0
332.21	0
334.19	0
303.74	0
307.31	0
313.68	0
314.93	0
315.95	0
321.16	0
323.84	0
324.42	0
274.69	0
275.98	0
281.17	0
286.05	0
289.12	0
292.57	0
300.50	0
306.61	0
206.80	0
207.99	0
217.57	0
229.20	0
230.63	0
233.87	0
237.74	0
244.86	0
338.99	0
365.69	0
366.52	0
394.42	0
398.74	0
399.51	0
401.30	0
405.11	0
259.01	0
263.99	0
269.02	0
276.88	0
284.81	0
287.97	0
291.82	0
301.74	0
234.14	0
238.92	0
244.68	0
245.12	0
254.53	0
267.24	0
271.61	0
272.42	0
265.77	0
274.06	0
282.45	0
287.95	0
292.49	0
296.15	0
307.52	0
312.55	0
245.35	0
259.53	0
261.78	0
264.22	0
274.21	0
281.92	0
282.65	0
283.81	0
219.61	0
222.85	0
224.41	0
230.98	0
239.43	0
242.95	0
242.96	0
250.77	0
292.62	0
312.85	0
315.77	0
316.82	0
321.53	0
336.09	0
339.30	0
344.96	0
118.14	0
128.13	0
132.75	0
134.87	0
136.16	0
142.26	0
152.25	0
153.38	0
243.34	0
263.17	0
268.27	0
268.33	0
272.45	0
272.97	0
273.28	0
273.76	0
207.38	0
212.46	0
213.79	0
214.90	0
219.16	0
220.99	0
226.76	0
241.61	0
79.86	0
89.38	0
91.49	0
99.83	0
103.83	0
116.57	0
118.78	0
121.08	0
231.78	1
276.61	0
279.39	0
282.91	0
283.66	0
285.11	0
290.33	0
291.46	0
253.48	0
261.57	0
268.86	0
271.09	0
280.79	0
281.38	0
283.27	0
287.56	0
135.87	0
149.16	0
149.70	0
150.82	0
183.08	0
190.51	0
192.99	0
198.40	0
221.73	0
222.33	0
222.53	0
228.02	0
231.12	0
232.31	0
234.36	0
244.71	0
327.28	0
333.62	0
344.02	0
344.32	0
348.88	0
355.16	0
369.16	0
371.09	0
111.16	0
118.69	0
119.82	0
123.56	0
146.13	0
155.14	0
159.81	0
164.80	0
314.78	0
317.02	0
318.87	0
319.06	0
323.99	0
326.47	0
328.82	0
333.90	0
311.54	0
318.87	0
320.09	0
324.78	0
325.75	0
335.49	0
338.22	0
338.54	0
185.84	0
186.09	0
189.88	0
192.33	0
197.79	0
201.97	0
204.60	0
206.67	0
99.78	0
115.99	0
123.37	0
128.23	0
129.57	0
144.27	0
147.00	0
154.13	0
91.37	0
112.10	0
126.94	0
135.63	0
144.21	0
151.14	0
156.59	0
158.78	0
186.65	0
187.96	0
193.05	0
193.56	0
199.45	0
204.18	0
212.89	0
215.66	0
129.58	0
138.45	0
141.87	0
142.23	0
153.52	0
160.35	0
163.55	0
168.71	0
174.14	0
180.10	0
192.55	0
194.21	0
202.40	0
203.26	0
204.47	0
206.81	0
217.34	0
236.80	0
238.45	0
240.68	0
243.70	0
270.27	0
275.86	0
277.24	0
98.34	0
105.85	0
114.43	0
118.48	0
125.24	0
125.88	0
127.97	0
128.91	0
294.36	0
299.56	0
300.77	0
307.68	0
314.86	0
317.67	0
321.37	0
322.49	0
364.85	0
369.72	0
370.72	0
389.78	0
393.55	0
393.97	0
396.52	0
403.36	0
363.84	0
368.65	0
374.26	0
374.58	0
385.33	0
390.92	0
399.23	0
401.47	0
174.59	0
178.66	0
183.33	0
187.31	0
189.12	0
207.19	0
211.51	0
213.18	0
172.01	0
178.30	0
183.16	0
196.94	0
203.83	0
206.22	0
208.84	0
215.11	0
221.49	0
221.60	0
227.79	0
240.00	0
249.17	0
251.79	0
259.23	0
259.26	0
137.05	0
147.04	0
148.38	0
170.90	0
173.27	0
176.37	0
180.36	0
180.63	0
95.85	0
104.33	0
106.95	0
107.87	0
109.15	0
111.10	0
119.82	0
127.48	0
69.26	1
71.86	1
81.02	1
88.32	1
99.59	1
139.88	0
143.90	0
149.70	0
183.63	0
189.51	0
190.37	0
191.72	0
196.47	0
205.71	0
210.56	0
212.99	0
150.17	0
153.86	0
158.66	0
161.76	0
161.94	0
167.44	0
169.53	0
171.19	0
99.51	0
103.20	0
107.01	0
120.35	0
121.08	0
127.20	0
131.57	0
135.47	0
98.88	0
123.16	0
130.46	0
135.16	0
137.43	0
137.72	0
138.21	0
157.38	0
168.12	0
168.68	0
182.90	0
185.42	0
189.01	0
191.45	0
193.18	0
197.29	0
183.73	0
192.52	0
195.70	0
196.58	0
204.55	0
204.64	0
209.78	0
210.99	0
298.34	0
300.43	0
305.10	0
306.81	0
312.24	0
313.85	0
315.59	0
318.40	0
197.60	0
207.24	0
223.69	0
233.17	0
234.14	0
234.46	0
236.39	0
240.46	0
283.61	0
311.51	0
311.86	0
319.39	0
326.06	0
328.31	0
329.48	0
332.22	0
185.60	0
208.30	0
209.29	0
211.33	1
232.33	0
237.07	0
237.99	0
244.62	0
124.53	0
162.79	0
174.46	0
183.03	0
192.87	0
194.28	0
195.82	0
198.14	0
79.23	1
137.74	0
138.90	0
157.70	0
159.64	0
159.92	0
162.29	0
165.43	0
15.23	1
131.79	0
143.17	0
149.27	0
150.13	0
151.41	0
161.68	0
162.48	0
16.69	1
121.90	0
123.84	0
131.16	0
141.31	0
156.26	0
159.69	0
164.67	0
178.67	0
179.71	0
181.39	0
206.44	0
207.98	0
208.29	0
213.24	0
215.47	0
203.54	0
208.88	0
210.41	0
212.75	0
213.78	0
218.07	0
221.20	0
225.51	0
109.99	0
112.58	0
115.09	0
129.36	0
141.15	0
141.36	0
141.64	0
143.77	0
80.96	1
107.89	0
124.52	0
131.31	0
131.61	0
132.76	0
133.69	0
152.82	0
173.40	0
189.55	0
191.43	0
191.93	0
198.10	0
199.41	0
203.16	0
203.25	0
136.61	0
145.97	0
148.66	0
154.70	0
157.50	0
164.89	0
165.45	0
168.71	0
127.40	0
130.37	0
132.62	0
137.48	0
139.58	0
141.00	0
145.51	0
147.89	0
17.04	1
45.88	0
52.23	0
62.70	0
75.38	1
78.95	0
81.31	0
83.32	0
142.11	0
143.83	0
149.34	0
154.25	0
158.07	0
161.82	0
162.19	0
169.05	0
79.69	1
108.56	0
118.11	0
119.23	0
120.38	0
126.88	0
131.85	1
136.66	0
127.12	0
138.46	0
142.53	0
145.91	0
153.39	0
157.74	0
158.06	0
159.86	0
181.44	0
189.01	0
195.34	0
200.10	0
200.45	0
212.53	0
215.02	0
215.17	0
270.39	0
271.12	0
271.14	0
279.30	0
280.63	0
282.08	0
284.09	0
289.26	0
105.92	0
127.46	0
167.66	0
182.45	0
194.95	0
199.58	0
199.74	0
199.75	0
77.64	0
99.07	1
162.49	0
163.68	0
176.66	0
182.58	0
194.26	0
195.12	0
37.04	1
170.71	0
175.79	0
176.16	0
177.24	0
178.68	0
186.66	0
201.53	0
106.79	0
134.74	1
136.02	0
149.06	0
159.73	0
162.22	0
166.53	0
168.94	0
341.68	0
344.12	0
349.33	0
352.33	0
352.91	0
354.03	0
354.46	0
354.94	0
288.29	0
296.93	0
298.20	0
298.52	0
304.98	0
305.40	0
306.62	0
307.67	0
342.76	0
344.53	0
347.45	0
349.11	0
359.93	0
362.69	0
366.09	0
369.81	0
149.45	0
159.43	0
161.13	0
176.77	0
178.03	0
178.41	0
179.41	0
187.92	0
192.29	0
192.67	0
192.79	0
201.97	0
202.09	0
203.61	0
205.32	0
210.41	0
417.18	0
419.24	0
429.95	0
431.55	0
437.71	0
440.90	0
446.72	0
451.63	1
397.71	0
400.83	0
405.85	0
406.03	0
408.76	0
411.79	0
414.84	0
416.05	0
315.21	0
344.33	0
344.56	0
351.51	0
357.95	0
364.01	0
372.35	0
372.67	0
246.01	0
248.76	0
248.94	0
254.42	0
254.76	0
256.03	0
259.03	0
265.79	0
118.96	0
130.41	0
133.12	0
136.57	0
140.69	0
141.84	0
142.82	0
143.21	0
166.12	0
187.85	0
192.12	1
220.36	0
228.58	0
229.56	0
240.13	0
245.39	0
275.80	0
288.93	0
301.76	0
304.48	0
313.04	0
313.60	0
314.85	0
316.37	0
441.54	0
480.42	0
502.61	0
510.24	0
513.98	0
514.83	0
520.65	0
524.03	0
216.63	0
222.03	0
222.07	0
223.23	0
229.53	0
230.00	0
231.65	0
231.75	0
183.61	1
212.81	0
232.61	0
238.03	0
246.73	0
254.95	0
256.56	0
257.34	0
242.26	1
260.78	0
262.15	0
307.56	0
319.34	0
322.79	0
324.81	0
341.81	0
81.71	1
207.46	0
304.52	0
322.72	0
325.66	0
328.56	0
328.70	0
330.09	0
156.14	1
297.14	0
362.00	0
366.35	0
372.04	0
375.07	0
375.18	0
375.83	0
286.09	0
290.04	0
293.50	0
296.73	0
302.61	0
316.29	0
321.06	0
321.88	0
129.11	1
166.11	0
173.61	0
191.87	0
194.93	0
201.20	0
203.23	0
207.53	0
12.77	1
14.68	1
23.64	1
138.54	0
141.21	0
143.88	0
148.04	0
151.06	0
17.23	1
19.28	1
34.22	1
117.68	0
120.45	0
122.55	0
127.36	0
129.01	0
84.08	1
85.46	1
86.17	1
179.39	0
183.80	0
197.54	0
202.57	0
205.60	0
88.33	1
92.82	1
183.48	1
241.32	0
242.27	0
258.22	0
261.99	0
266.75	0
149.36	0
216.48	0
235.58	0
236.50	0
236.57	0
236.95	0
238.83	0
246.27	0
146.62	1
200.49	0
224.16	0
288.12	0
290.66	0
292.55	0
295.21	0
298.64	0
86.43	1
196.80	0
254.57	0
256.26	0
261.39	0
263.05	0
269.57	0
269.63	0
11.99	1
86.61	0
94.96	0
95.33	0
104.59	0
106.22	0
109.70	0
118.84	0
48.05	1
168.94	0
200.17	0
200.52	0
207.16	0
215.99	0
224.53	1
224.63	1
12.29	1
268.37	0
276.28	0
282.77	0
286.15	0
295.07	0
295.66	0
295.98	0
18.88	1
42.65	1
114.42	0
118.15	0
129.63	0
130.17	0
137.30	0
137.84	0
23.33	1
184.96	0
202.77	0
213.94	0
224.19	0
227.58	0
231.70	0
232.43	0
51.89	1
201.66	0
225.63	0
238.54	0
245.61	0
261.80	0
288.73	0
308.91	1
20.71	1
56.83	1
100.14	0
103.55	0
110.10	0
113.53	0
115.22	0
119.84	0
42.29	1
229.90	0
265.15	0
278.98	0
284.51	0
307.44	0
312.47	0
319.88	0
38.06	1
255.99	0
288.23	0
291.64	0
305.31	1
307.60	0
311.70	0
314.22	0
25.02	1
119.30	0
147.96	0
176.61	0
178.52	0
181.93	0
184.71	0
188.28	0
3.11	1
92.05	0
103.10	0
104.20	0
118.30	0
121.44	0
128.72	0
131.30	0
2.90	1
92.61	0
93.31	0
93.38	0
114.13	0
114.30	0
130.77	0
134.60	0
7.43	1
174.25	0
189.20	0
191.40	0
195.57	0
195.82	0
196.70	0
197.04	0
4.08	1
118.83	0
132.70	0
135.05	0
135.98	0
141.77	0
144.31	0
148.10	0
9.66	1
177.98	0
184.25	0
186.37	0
195.18	0
195.78	0
196.24	0
200.02	0
200.72	0
207.11	0
221.52	0
222.56	0
225.70	0
227.26	0
227.46	0
227.83	0
159.66	0
164.40	0
165.95	0
169.25	0
169.80	0
174.00	0
176.07	0
186.48	0
254.24	0
262.16	0
264.71	0
265.64	0
268.56	0
281.94	0
285.50	0
289.10	0
114.41	0
121.03	0
124.30	0
127.06	0
127.97	0
127.99	0
140.94	0
149.89	0
218.12	0
226.11	0
231.86	0
234.62	0
235.78	0
239.21	0
240.51	0
240.76	0
195.76	0
198.61	0
204.10	0
209.66	0
210.33	0
210.79	0
212.43	0
215.69	0
96.56	0
104.45	0
108.67	0
109.67	0
113.22	0
121.34	0
123.95	0
136.47	0
266.37	0
269.89	0
278.09	0
283.48	0
283.56	0
287.99	0
289.84	0
296.58	0
62.29	1
85.07	0
88.43	0
90.22	0
92.92	0
93.91	0
106.20	1
118.19	0
278.07	0
282.99	0
285.18	0
285.25	0
289.97	0
301.49	0
301.71	0
302.18	0
267.52	0
277.06	0
278.29	0
289.63	0
300.70	0
301.37	0
302.14	0
302.88	0
164.21	0
166.96	0
172.72	0
175.80	0
186.25	0
187.54	0
190.49	0
192.53	0
125.63	0
128.23	0
133.09	0
135.53	0
140.07	0
147.19	0
149.20	0
149.48	0
145.98	0
148.31	0
153.25	0
162.43	0
165.90	0
169.96	0
170.35	0
172.60	0
115.44	0
118.22	0
128.03	0
131.53	0
143.50	0
146.33	0
146.91	0
149.84	0
159.07	0
169.86	0
171.52	0
174.38	0
176.09	0
176.56	0
178.97	0
181.60	0
195.50	0
211.16	0
221.14	0
221.94	0
226.65	0
228.22	0
232.03	0
233.57	0
258.79	0
261.30	0
263.45	0
268.16	0
273.14	0
273.19	0
274.71	0
280.79	0
315.82	0
318.48	0
323.98	0
337.38	0
339.56	0
341.25	0
341.52	0
342.31	0
448.44	0
451.63	0
456.59	0
456.87	0
462.02	0
463.87	0
465.58	0
472.55	0
42.46	1
94.96	0
111.99	0
113.30	0
115.37	0
121.67	0
125.96	0
130.33	0
194.12	1
212.60	0
217.10	0
220.33	0
220.35	0
221.67	0
224.46	0
224.49	0
19.97	1
20.39	1
31.24	1
135.00	0
145.19	0
147.45	0
147.58	0
149.59	0
6.48	1
7.35	1
69.55	1
86.56	0
93.49	0
95.95	0
96.22	0
103.87	0
14.79	1
15.28	1
93.13	0
96.28	0
103.64	0
115.87	0
119.76	0
126.84	0
7.83	1
9.19	1
122.25	0
127.08	0
127.08	0
131.80	0
137.32	0
138.71	0
260.87	0
281.83	0
284.87	0
286.77	0
287.18	0
287.63	0
287.73	0
290.80	0
182.83	1
222.18	0
227.89	0
228.71	0
237.98	0
239.85	0
240.81	0
241.60	1
182.78	0
190.22	0
199.45	0
206.14	0
210.54	0
211.95	0
214.61	0
217.87	0
250.43	0
256.86	0
261.76	0
262.70	0
264.77	0
270.20	0
272.89	0
286.10	0
98.50	1
133.88	0
137.97	0
139.45	0
140.57	0
147.01	0
147.96	0
148.99	0
18.14	1
31.91	1
34.94	1
42.22	1
45.41	1
78.40	1
97.82	0
100.91	0
166.45	0
168.62	0
169.23	0
169.83	0
174.37	0
175.50	0
175.68	0
180.20	0
247.27	0
257.31	0
257.63	0
264.47	0
265.56	0
267.25	0
267.91	0
270.02	0
243.10	0
246.97	0
247.22	0
248.70	0
249.01	0
250.46	0
258.70	0
259.55	0
274.54	0
278.09	0
287.77	0
291.17	0
291.86	0
292.06	0
292.27	0
292.36	0
96.35	0
97.09	0
99.12	0
101.12	0
107.19	0
107.50	0
107.52	0
109.20	0
96.84	1
141.30	0
151.75	1
153.26	0
159.02	0
159.35	0
160.79	0
161.50	0
148.69	0
149.82	0
150.11	0
151.77	0
161.79	0
167.89	0
179.91	0
180.91	0
219.62	0
220.52	0
223.90	0
227.52	0
228.91	0
231.79	0
234.59	0
255.58	0
53.44	1
68.26	0
80.66	0
81.99	0
88.59	0
92.28	0
94.80	0
94.82	0
14.41	1
15.49	1
23.28	1
29.02	1
33.63	1
68.11	1
82.68	1
85.40	0
172.04	0
175.03	0
180.72	0
182.76	0
184.71	0
186.58	0
188.34	0
189.18	0
228.33	0
234.21	0
247.49	0
253.85	0
256.82	0
258.15	0
261.21	0
263.41	0
3.16	1
5.80	1
86.56	0
90.49	0
93.96	0
97.83	0
98.24	0
112.42	0
3.21	1
4.65	1
92.80	0
94.62	0
95.91	0
97.65	0
97.81	0
113.58	0
7.45	1
11.45	1
166.90	0
169.50	0
181.57	0
182.49	0
183.78	0
188.57	0
4.98	1
7.83	1
119.04	0
125.30	0
136.37	0
138.24	0
139.14	0
141.45	0
9.08	1
15.79	1
169.57	0
170.57	0
172.25	0
173.72	0
176.00	0
186.27	0
113.45	1
158.83	0
161.72	0
161.82	0
167.47	0
181.18	0
181.98	0
182.48	0
147.11	0
176.92	0
188.07	0
188.31	0
188.31	0
189.90	0
193.51	0
194.28	0
188.73	0
201.18	0
202.49	0
209.75	0
216.21	0
217.17	0
217.39	0
218.40	0
62.04	0
87.69	0
91.19	0
96.08	0
96.16	0
97.05	0
100.80	0
102.89	0
154.74	0
193.36	0
216.43	0
217.89	0
218.11	0
221.70	0
223.35	0
226.64	0
49.13	1
178.78	0
180.64	0
207.26	0
210.65	0
211.20	0
216.26	0
219.69	0
269.35	0
300.72	0
301.63	0
317.77	0
318.09	0
333.22	0
335.07	0
336.75	0
338.67	0
339.88	0
352.97	0
359.85	0
360.84	0
361.59	0
361.60	0
361.61	0
123.49	1
132.80	0
141.76	0
142.37	0
151.67	0
152.05	0
152.60	0
153.92	0
46.95	0
47.76	1
51.84	0
60.24	0
73.45	0
74.49	0
81.49	0
85.94	1
4.70	1
12.85	1
17.26	1
29.19	1
30.17	1
37.91	1
41.22	1
71.49	1
65.78	1
150.17	1
181.90	0
197.82	0
203.78	0
219.91	0
242.15	0
258.39	0
3.02	1
7.01	1
14.75	1
16.35	1
25.08	1
151.76	0
154.74	0
154.79	0
2.14	1
27.64	1
54.99	1
55.33	1
62.21	1
149.58	0
157.31	0
157.86	0
5.82	1
63.35	1
169.87	1
175.20	1
177.81	1
259.64	0
268.65	0
271.90	0
8.57	1
166.75	1
332.48	1
336.23	1
342.97	1
441.09	0
482.27	0
507.92	0
67.72	1
244.26	1
247.23	0
269.49	0
278.71	0
279.54	0
285.11	0
292.13	0
36.89	1
206.81	1
225.97	0
237.33	0
239.47	0
239.84	0
243.05	0
252.14	0
11.14	1
63.32	1
115.97	0
202.48	0
232.26	0
232.33	0
238.00	0
241.97	0
35.14	1
102.71	1
215.63	0
297.24	0
299.39	0
307.75	0
308.96	0
309.19	0
164.11	0
186.58	0
188.02	0
193.92	0
197.29	0
206.77	0
210.43	0
219.68	0
153.99	1
156.90	1
174.70	1
175.66	1
175.94	1
177.03	1
177.24	1
212.24	0
248.69	0
266.35	0
266.70	0
268.30	0
270.00	0
270.80	0
272.99	0
273.36	0
132.95	0
163.60	0
163.97	0
164.17	0
166.98	0
167.16	0
168.72	0
170.85	0
175.20	0
180.12	0
182.29	0
184.15	0
186.08	0
186.70	0
188.44	0
190.43	0
190.72	0
192.93	0
193.36	0
194.74	0
197.76	0
197.83	0
199.75	0
200.14	0
127.21	0
148.33	0
154.57	0
156.95	0
160.20	0
163.09	0
164.40	0
166.37	0
161.50	0
190.90	0
201.07	0
204.86	0
212.50	0
212.84	0
216.83	0
217.47	0
190.80	1
194.65	0
196.31	0
197.10	0
198.10	0
198.34	0
201.22	0
201.73	0
267.39	0
297.79	1
311.00	0
313.98	0
319.94	0
320.70	0
322.68	0
322.99	0
141.36	0
189.80	0
192.66	0
192.94	0
195.11	0
196.61	0
197.53	0
197.98	0
186.39	0
186.79	0
187.66	1
189.33	0
194.14	0
199.44	1
200.32	0
200.47	0
192.59	0
196.93	0
197.50	0
198.23	0
198.74	0
199.71	0
203.76	0
205.24	0
82.24	0
86.83	0
92.58	0
99.80	0
100.02	0
100.51	0
101.19	0
102.33	0
246.18	0
248.26	0
250.26	0
254.14	0
256.00	0
257.34	0
260.97	0
265.55	0
210.68	0
223.58	0
227.44	0
228.89	0
229.19	0
229.44	0
229.87	0
230.00	0
205.24	0
206.75	0
208.07	0
209.25	0
211.61	0
212.29	0
213.04	0
214.01	0
137.72	0
170.47	0
175.28	0
175.66	0
177.16	0
177.20	0
178.00	0
178.05	0
227.35	0
241.71	0
244.61	0
244.62	0
248.74	0
248.75	0
249.09	0
255.34	0
74.50	1
130.46	0
133.09	0
134.22	0
136.45	0
137.56	0
137.93	0
140.07	0
59.16	1
149.92	1
152.63	0
177.50	1
180.58	1
198.14	1
201.74	0
202.11	0
35.41	1
105.71	1
155.30	0
175.64	0
178.17	0
180.52	0
183.84	0
188.56	0
11.71	1
14.17	1
39.37	1
78.11	0
80.63	0
83.01	0
87.40	1
88.31	0
167.73	0
179.03	0
201.93	0
225.83	0
231.18	0
233.35	0
236.19	0
238.46	0
528.21	0
528.21	0
529.25	0
530.66	0
531.17	0
535.61	0
537.91	0
538.34	0
473.57	0
474.99	0
476.41	0
478.58	0
479.04	0
479.22	0
479.31	0
479.81	0
137.19	0
138.14	0
147.59	0
151.09	0
154.44	0
155.03	0
155.22	0
156.87	0
70.97	1
174.39	0
183.08	0
183.73	0
186.60	0
186.73	0
187.01	0
187.19	0
13.65	1
54.55	1
169.42	0
171.26	0
173.23	0
192.75	0
197.32	0
201.47	0
15.68	1
204.41	0
278.16	0
298.19	0
298.87	0
298.87	0
323.72	0
324.19	0
12.99	1
219.47	0
333.72	0
334.42	0
336.81	0
340.08	0
344.15	0
354.12	0
3.89	1
123.43	1
127.95	0
135.07	0
137.37	0
137.98	0
146.71	0
148.00	0
15.30	1
39.09	1
58.60	0
58.74	0
60.83	0
73.17	0
76.54	1
81.29	0
2.50	1
2.98	1
16.06	1
18.47	1
29.97	1
31.53	1
40.38	1
41.33	1
161.47	1
163.57	0
164.33	0
166.62	0
168.22	0
171.77	0
171.77	0
174.96	0
209.44	0
219.72	0
228.09	0
230.56	0
231.15	0
232.79	0
233.52	0
243.63	0
115.40	1
116.30	0
119.34	0
120.95	0
121.01	0
127.65	0
129.74	0
131.80	0
179.07	0
183.60	0
184.24	0
187.70	0
188.26	0
188.88	0
190.45	0
194.94	0
216.83	0
217.47	0
218.17	0
221.62	0
222.10	0
224.04	0
228.38	0
229.92	0
194.15	0
198.76	0
200.51	0
200.65	0
201.65	0
203.19	0
206.93	0
207.41	0
110.58	0
141.15	0
142.04	0
146.76	1
152.67	0
164.21	0
166.10	0
166.88	0
66.82	1
74.40	1
106.65	0
107.39	0
116.97	0
120.95	0
121.15	0
122.42	0
110.53	1
132.66	1
139.76	1
172.07	1
178.42	1
179.92	0
180.01	0
180.37	0
211.23	0
215.24	0
216.86	0
217.51	0
218.08	0
227.42	0
229.71	0
231.89	0
267.70	0
267.74	0
270.85	0
273.50	0
273.99	0
274.30	0
278.01	0
286.10	0
431.17	0
434.07	0
435.98	0
445.79	0
446.85	0
447.95	0
449.12	0
449.73	0
245.09	0
259.44	0
259.91	0
260.83	0
265.49	0
266.54	0
271.83	0
273.00	0
195.32	0
199.24	0
206.20	0
208.72	0
210.72	0
212.98	0
213.00	0
215.82	0
110.84	1
113.25	1
144.50	0
145.97	0
146.43	0
147.65	1
148.74	1
156.22	0
2.45	0
2.56	0
3.82	0
12.62	0
15.14	0
25.70	0
28.35	0
35.63	0
354.04	0
362.36	1
366.81	0
372.63	0
374.08	0
375.15	1
381.56	1
389.37	1
211.94	0
227.30	0
236.19	0
242.20	0
256.27	0
256.39	0
257.50	0
258.44	0
256.35	0
256.72	0
257.97	0
258.21	0
259.71	0
261.72	0
266.86	0
270.21	0
317.49	0
318.38	0
318.42	0
325.70	0
328.99	0
331.37	0
347.69	0
349.72	0
333.02	0
336.00	0
339.01	0
354.08	0
361.75	0
369.61	0
370.44	0
376.77	0
587.22	0
595.32	0
621.40	0
643.04	0
646.74	0
651.88	0
671.63	0
676.65	0
430.44	1
552.42	0
555.85	0
559.77	0
568.96	0
575.05	0
578.47	0
579.54	0
625.43	1
710.35	0
733.66	0
734.67	0
745.01	0
759.35	0
760.76	0
767.89	0
377.36	0
597.90	0
603.34	0
641.26	0
658.66	0
658.78	0
662.22	0
662.46	0
199.57	0
202.60	0
211.91	0
224.04	0
233.70	0
234.26	0
239.30	0
240.27	0
93.83	0
98.70	0
100.43	0
101.35	0
103.18	0
105.43	0
107.34	0
108.72	0
165.73	0
180.78	0
185.09	0
189.55	0
194.38	0
195.10	0
195.58	0
199.84	0
153.28	0
155.24	0
157.05	0
159.01	0
162.68	0
168.26	0
208.84	0
217.36	0
96.04	0
97.25	0
98.35	0
98.73	0
101.34	0
101.69	0
102.96	0
104.91	0
10.74	1
10.86	1
14.47	1
20.25	1
53.03	1
59.87	1
96.85	0
97.33	0
7.47	1
8.95	1
19.52	1
80.42	1
94.46	0
95.86	0
96.21	0
108.76	0
11.56	1
14.93	1
17.10	1
82.80	1
138.76	0
140.79	0
144.41	0
147.18	0
52.26	1
63.81	0
75.90	1
89.19	0
91.00	0
93.98	0
96.81	0
100.91	0
237.53	0
241.24	0
241.67	0
246.07	0
247.63	0
248.94	0
249.31	0
250.83	0
22.44	1
25.82	1
27.15	1
27.94	1
34.84	1
42.34	1
128.60	0
135.38	0
5.47	1
6.36	1
6.75	1
21.10	1
64.03	1
71.50	1
84.86	0
88.29	0
9.66	1
10.68	1
11.95	1
85.89	0
86.68	0
89.25	0
93.63	1
101.65	0
9.68	1
10.09	1
11.71	1
99.98	1
112.18	0
112.53	0
118.49	0
119.45	0
54.68	0
78.11	0
90.82	0
95.40	0
99.28	0
105.42	0
107.33	0
108.76	0
109.71	0
112.51	0
113.84	0
116.28	0
116.55	0
119.85	0
120.01	0
120.81	0
123.39	0
123.73	0
125.66	0
126.21	0
127.25	0
127.96	0
128.08	0
128.82	0
24.84	1
27.85	1
30.44	1
33.75	1
35.39	1
44.39	1
126.36	0
129.04	0
6.78	1
7.07	1
7.98	1
25.55	1
66.21	1
72.80	1
87.02	0
87.10	0
10.49	1
11.38	1
11.68	1
90.59	0
91.66	0
94.06	0
97.34	1
101.31	0
8.14	1
9.30	1
10.49	1
99.28	1
113.76	0
114.28	0
117.28	0
118.05	0
164.27	0
178.98	0
185.45	0
208.19	0
210.27	0
225.05	0
228.59	0
229.81	0
167.85	0
174.51	0
181.51	0
183.76	0
186.59	0
187.98	0
189.14	0
189.59	0
48.81	1
172.96	0
207.13	0
207.64	0
208.26	0
208.88	0
211.64	0
212.34	0
14.11	1
138.03	0
141.28	0
143.08	0
145.72	0
145.88	0
146.34	0
146.82	0
126.41	0
160.65	0
203.36	0
204.33	0
204.99	0
205.73	0
216.46	0
217.81	0
223.61	0
224.11	0
225.87	0
231.20	0
234.10	0
235.87	0
236.05	0
240.32	0
181.09	0
211.23	0
215.96	0
218.61	0
219.52	0
219.93	0
220.22	0
222.33	0
75.62	0
93.89	0
94.66	0
99.66	0
102.55	0
103.26	0
105.51	0
106.38	0
213.13	1
224.27	1
226.59	1
232.06	0
232.28	0
233.60	0
241.97	0
245.40	0
188.49	0
192.81	0
198.85	0
200.77	0
201.87	0
202.22	0
205.21	0
208.22	0
153.53	0
153.94	0
159.53	0
159.87	0
164.22	0
165.90	0
166.57	0
168.51	0
231.87	0
236.61	0
240.66	0
243.23	0
244.09	0
249.38	0
252.00	0
253.73	0
215.64	0
215.95	0
217.39	0
228.12	0
228.64	0
229.89	0
233.44	0
237.32	0
81.66	0
99.11	0
101.45	0
105.47	0
106.74	0
108.82	0
110.49	0
112.44	0
111.36	1
114.78	1
163.33	0
180.73	0
186.42	1
203.01	0
206.93	0
207.82	0
10.29	1
12.96	1
15.28	1
15.32	1
15.99	1
19.38	1
142.94	0
147.99	0
5.08	1
6.60	1
7.79	1
24.74	1
66.30	1
73.37	1
88.44	0
90.36	0
10.57	1
13.60	1
15.40	1
90.70	0
91.24	0
95.49	0
97.76	0
103.32	1
8.31	1
9.46	1
10.36	1
97.45	1
113.84	0
114.58	0
117.42	0
121.78	0
46.08	1
57.13	1
77.55	0
77.81	1
91.06	0
102.65	0
102.76	0
107.67	1
2.30	1
3.96	0
4.07	1
4.90	1
19.02	1
21.65	1
32.31	1
32.48	1
89.07	1
136.95	1
167.39	0
168.88	0
169.31	0
170.47	0
171.61	0
172.43	0
200.52	0
268.55	0
289.97	0
290.60	0
294.40	0
307.57	0
311.05	0
311.43	0
415.31	0
415.47	0
419.65	0
422.38	0
422.51	0
423.54	0
424.76	0
427.23	0
178.39	0
181.28	0
199.95	0
204.59	0
204.72	0
205.62	0
208.14	0
213.66	0
38.63	1
56.27	1
130.97	0
147.63	0
164.02	0
167.31	0
177.64	0
178.19	0
1.86	1
2.30	1
4.11	1
87.87	0
91.55	0
91.66	0
93.92	0
95.89	0
1.30	1
3.32	1
4.36	1
92.79	0
93.40	0
94.88	0
95.81	0
97.23	0
3.42	1
6.97	1
11.46	1
172.30	0
173.29	0
175.66	0
184.08	0
186.71	0
4.17	1
9.46	1
11.99	1
136.50	0
137.18	0
143.20	0
145.14	0
154.34	0
5.08	1
7.80	1
13.66	1
170.15	0
174.41	0
175.09	0
175.18	0
175.76	0
110.90	0
123.58	0
132.69	0
135.51	0
139.44	0
140.68	0
143.22	0
147.39	0
109.24	1
157.25	0
159.81	0
163.60	0
165.33	0
166.11	0
167.74	0
169.77	0
218.87	0
239.12	0
250.63	0
252.81	0
256.70	0
258.80	0
260.39	0
261.01	0
111.12	0
170.42	0
178.63	0
186.20	0
190.87	0
198.13	0
199.38	0
202.92	0
179.66	0
184.82	0
185.51	0
185.54	0
186.34	0
186.53	0
187.63	0
187.73	0
32.21	1
53.96	1
58.06	1
66.16	0
68.23	0
68.38	0
68.52	0
69.68	0
170.21	0
193.84	0
195.34	0
196.76	0
198.02	0
198.75	0
200.43	0
201.03	0
175.22	0
175.32	0
175.53	0
175.68	0
178.09	0
181.52	0
181.81	0
183.98	0
133.15	0
141.42	0
146.30	0
147.83	0
148.83	0
153.15	0
154.60	0
155.07	0
150.44	0
153.46	0
159.33	0
162.49	0
164.28	0
164.68	0
164.76	0
165.47	0
66.27	0
70.95	0
74.18	1
88.68	0
90.11	0
95.54	0
96.65	0
98.28	0
181.81	0
182.74	0
183.73	0
188.63	0
189.00	0
189.57	0
191.60	0
192.54	0
88.86	1
117.96	0
124.79	0
126.26	0
129.63	0
136.12	0
138.14	0
140.20	0
207.89	0
212.48	0
224.95	0
231.27	0
231.58	0
231.64	0
233.23	0
236.05	0
280.14	0
290.17	0
293.15	0
296.69	0
296.84	0
297.59	0
298.06	0
298.75	0
217.65	0
247.41	0
252.87	1
253.51	1
258.05	0
259.39	0
260.37	1
273.95	0
250.24	0
250.54	0
251.93	0
257.22	0
258.89	0
259.53	0
259.75	0
260.52	0
269.21	1
272.56	0
275.64	0
277.26	0
279.53	0
283.12	0
284.11	1
285.25	0
198.15	0
209.25	0
220.87	0
222.13	0
224.89	0
229.40	0
229.49	0
234.19	0
162.67	0
163.86	0
166.13	0
167.03	0
167.97	0
168.03	0
168.05	0
168.68	0
171.17	0
171.64	0
174.62	0
182.41	0
189.81	0
194.58	0
194.94	0
197.34	0
137.25	0
144.75	0
153.46	0
154.16	0
169.90	0
180.92	0
185.91	0
191.40	0
51.30	1
95.83	0
103.43	1
103.54	1
116.89	0
123.32	0
128.76	0
131.52	0
162.49	0
166.59	0
187.50	0
194.30	0
233.94	0
236.05	0
236.30	0
237.63	0
137.68	0
138.47	0
138.72	0
138.86	0
139.48	0
141.59	0
143.37	0
144.34	0
171.01	0
172.57	0
173.29	0
176.13	0
186.29	0
186.98	0
190.26	0
195.34	0
175.79	0
191.91	0
193.20	0
199.00	0
199.44	0
199.70	0
199.76	0
200.91	0
125.81	0
129.80	0
130.14	0
140.12	0
141.00	1
141.35	1
159.74	0
163.83	0
60.80	1
63.12	1
85.98	1
89.67	1
97.86	0
103.42	0
105.05	0
108.14	0
24.83	1
25.98	1
27.80	1
30.08	0
32.41	1
38.74	1
44.96	1
50.96	1
214.96	0
226.14	0
234.76	0
236.77	0
241.43	0
242.69	0
253.82	0
256.38	0
137.37	0
154.25	0
186.25	0
194.01	0
196.96	0
200.31	0
206.72	0
210.98	0
47.95	1
48.33	1
48.43	1
75.07	1
107.76	0
108.49	0
109.65	0
109.84	1
88.32	0
108.12	1
169.61	0
170.46	1
176.74	0
186.25	0
186.87	0
186.95	0
115.28	1
126.66	0
139.57	1
169.56	0
177.49	0
180.97	0
181.37	0
187.81	0
176.23	1
197.18	0
204.15	0
205.54	1
205.76	1
206.16	0
208.58	0
210.56	0
213.94	0
216.64	0
217.19	0
218.39	0
220.57	0
226.06	0
226.91	0
230.48	0
156.35	0
165.59	0
168.36	0
173.98	0
185.48	0
188.76	0
189.54	0
190.39	0
180.79	0
185.30	0
185.90	0
191.48	0
191.92	0
192.00	0
193.73	0
196.09	0
110.96	0
111.49	0
112.52	0
112.82	0
113.60	0
114.78	0
115.77	0
120.74	0
174.64	1
209.19	0
209.48	0
211.12	0
214.25	0
214.47	0
216.40	0
218.77	0
166.99	0
174.29	0
174.40	0
176.07	0
177.00	0
177.43	0
178.76	0
180.10	0
79.46	0
80.15	0
81.22	0
85.12	0
85.41	0
90.38	0
91.20	0
92.78	0
74.41	1
140.06	0
141.09	0
141.74	0
148.44	0
152.38	0
155.26	0
155.60	0
151.76	0
152.37	0
155.07	0
157.73	0
202.09	0
203.76	0
204.48	0
204.73	0
155.28	1
162.74	0
165.44	1
166.95	0
168.87	0
182.26	0
182.53	0
184.24	0
158.73	0
169.42	0
201.59	0
203.36	0
205.49	0
211.87	0
211.99	0
214.18	0
63.47	1
78.48	0
94.13	0
94.39	0
101.04	0
107.38	0
107.42	0
107.94	0
127.20	1
158.51	1
191.69	1
197.34	1
208.34	0
228.76	0
231.82	0
234.11	0
9.08	1
9.71	1
13.84	1
15.19	1
15.59	1
18.74	1
22.35	1
32.80	1
3.63	1
3.65	1
7.12	1
7.38	1
8.15	1
9.20	1
10.63	1
15.94	1
4.27	1
5.66	1
7.91	1
10.53	1
11.60	1
16.05	1
16.89	1
78.43	1
7.66	1
8.70	1
9.77	1
9.77	1
11.39	1
11.72	1
12.00	1
78.43	1
204.86	0
208.02	0
220.88	0
225.14	0
226.27	0
226.54	0
226.77	0
227.31	0
136.03	0
138.58	0
140.15	0
153.36	0
160.60	0
161.51	0
162.06	0
164.08	0
89.56	0
129.62	0
144.38	0
188.59	0
189.41	0
205.09	0
208.10	0
213.20	0
76.75	1
156.67	0
188.36	0
205.29	0
208.44	0
214.07	0
215.85	0
218.36	0
20.76	1
64.99	1
129.70	0
178.29	0
181.35	0
212.43	0
222.55	0
232.42	0
7.46	1
14.65	1
137.99	0
139.31	0
148.68	0
149.82	0
150.07	0
150.21	0
71.23	0
89.38	1
95.57	1
104.02	0
115.14	0
124.95	0
125.65	0
129.48	0
83.84	1
170.51	0
193.94	0
194.17	0
194.53	0
199.44	0
201.36	0
202.70	0
36.24	0
120.59	0
138.20	1
163.13	0
188.12	0
196.83	0
206.67	0
206.83	0
29.72	1
40.95	1
44.29	1
59.36	0
70.12	1
71.36	0
73.42	1
74.17	0
9.13	1
11.41	1
13.66	1
15.96	0
16.12	1
19.35	1
26.99	1
32.60	1
170.60	0
227.00	0
227.58	0
229.92	0
232.66	0
233.89	0
240.45	0
244.86	0
132.36	0
143.62	0
151.00	0
152.58	0
160.27	0
169.26	0
174.21	0
176.74	0
241.25	0
260.53	0
262.22	0
264.01	0
266.76	0
266.97	0
267.92	0
274.03	0
120.21	0
127.59	0
131.78	0
133.21	0
133.69	0
147.14	0
152.17	0
156.37	0
224.22	0
229.79	1
237.03	0
240.44	1
242.99	0
245.74	0
246.05	0
246.72	0
198.73	0
207.78	0
208.01	0
209.57	0
209.98	0
212.32	0
214.17	0
215.79	0
279.95	0
280.12	0
280.43	0
286.97	0
288.61	0
289.19	0
289.51	0
289.61	0
176.81	0
177.87	0
179.87	0
183.88	0
187.99	0
191.07	0
191.09	0
191.45	0
99.69	1
103.06	1
113.54	0
113.54	1
120.41	0
125.09	1
130.87	0
133.13	0
74.03	0
89.90	0
125.63	0
130.75	1
140.68	1
143.04	0
146.66	1
151.60	1
100.18	1
104.51	1
125.64	0
133.84	0
143.31	0
144.62	0
175.84	0
183.00	0
77.66	1
97.49	1
101.72	1
151.31	1
152.56	0
189.97	0
191.99	0
193.42	0
16.62	1
17.70	1
18.37	1
40.26	1
57.12	1
83.88	0
84.43	0
89.30	0
117.66	1
146.08	0
151.73	1
166.32	0
210.12	0
210.66	0
218.14	0
220.50	0
42.95	1
65.88	1
271.35	0
282.09	0
288.03	1
291.36	0
294.99	0
295.11	0
22.97	1
24.89	1
31.63	1
124.30	0
146.40	0
149.80	0
153.72	0
169.78	0
1.61	1
2.17	1
2.68	1
2.86	1
80.34	0
86.94	0
89.98	0
91.95	0
1.94	1
2.41	1
2.41	1
2.45	1
90.04	0
91.26	0
91.30	0
91.83	0
4.96	1
5.27	1
5.41	1
5.82	1
166.83	0
168.31	0
169.59	0
170.66	0
2.93	1
3.33	1
4.23	1
8.83	1
111.62	0
111.75	0
112.01	0
116.48	0
6.32	1
6.69	1
7.27	1
7.52	1
166.76	0
168.56	0
170.87	0
172.79	0
39.67	1
55.21	1
55.95	1
60.83	1
75.93	1
77.09	0
85.80	0
92.44	0
1.99	1
2.08	1
2.65	0
3.27	1
4.43	1
14.04	1
16.07	1
16.50	1
125.98	0
182.95	0
184.30	0
188.41	0
189.73	0
191.09	0
191.48	0
194.24	0
214.00	0
217.40	0
222.17	0
229.74	0
233.51	0
234.91	0
235.82	0
235.83	0
348.45	0
351.48	0
354.48	0
355.33	0
356.51	0
357.05	0
357.23	0
357.24	0
235.58	0
255.07	0
276.30	0
286.84	0
286.91	0
288.14	0
288.79	0
292.42	0
193.80	0
196.02	0
198.33	0
198.49	0
199.58	0
205.37	0
209.76	0
211.24	0
150.69	1
174.41	0
183.05	0
185.62	0
185.76	0
185.83	0
188.39	0
190.85	0
183.10	0
187.63	0
198.83	0
199.57	0
206.80	0
207.81	0
209.24	0
209.40	0
137.28	0
138.26	0
139.02	0
148.53	1
148.56	0
155.61	0
158.91	0
160.82	0
127.99	0
128.15	0
141.64	0
148.92	0
150.79	0
153.61	0
153.99	0
154.26	0
47.20	1
50.40	1
59.11	1
74.06	0
74.35	0
77.65	1
79.57	1
80.59	1
3.61	1
4.49	1
4.51	0
5.65	1
6.03	1
8.68	1
10.23	1
14.31	1
211.61	0
225.04	1
243.65	0
270.01	0
277.51	0
281.43	0
282.07	0
284.31	0
275.88	0
277.22	0
279.33	0
285.60	0
288.53	0
289.12	0
289.17	0
293.44	0
405.05	0
405.53	0
415.86	0
419.88	0
422.40	0
424.18	0
427.61	0
428.61	0
165.16	1
192.23	0
192.46	0
193.34	0
194.30	0
196.59	0
199.38	0
200.85	0
299.37	0
300.63	0
304.00	0
305.71	0
315.67	0
322.17	0
326.10	0
326.20	0
266.62	0
268.70	1
272.24	1
272.37	0
276.74	0
280.51	0
285.75	0
288.42	0
227.48	0
234.26	0
242.32	0
244.97	0
248.37	0
250.58	0
253.44	0
254.41	0
314.73	0
319.74	0
329.42	0
329.82	0
333.38	0
341.16	0
347.73	0
348.71	0
308.65	0
310.70	0
312.45	0
313.67	0
315.30	0
320.27	0
326.30	0
333.79	0
405.38	0
408.10	0
410.77	0
410.89	0
412.56	0
413.51	0
415.43	0
416.48	0
143.35	1
173.47	0
174.05	0
174.24	0
174.77	0
176.98	0
181.17	0
183.31	0
291.70	0
298.18	0
303.00	0
307.52	0
314.42	0
324.26	0
327.58	0
328.85	0
325.70	0
326.15	0
340.67	0
340.98	0
353.72	0
355.72	0
357.10	0
358.04	0
168.69	0
168.85	0
175.10	0
183.19	0
187.10	0
189.19	0
190.43	0
190.96	0
111.42	1
119.28	1
134.20	0
137.84	0
139.02	0
144.70	0
146.27	0
146.87	0
6.15	1
17.90	1
19.62	1
20.43	0
21.54	1
22.99	1
22.99	1
23.83	1
46.52	0
46.78	0
47.26	0
47.99	0
48.07	0
50.06	0
50.55	0
51.01	0
163.12	0
164.30	0
166.18	1
167.61	1
169.37	0
175.19	0
182.86	0
185.91	0
8.15	1
10.48	1
12.25	0
13.67	1
13.70	1
13.84	1
14.77	1
15.41	1
186.40	0
192.17	0
192.74	0
193.16	0
198.65	0
200.52	0
202.45	0
202.71	0
296.74	0
300.84	0
300.95	0
301.41	0
301.77	0
302.24	0
302.60	0
302.94	0
1281.99	0
1290.79	0
1291.12	0
1291.37	0
1293.78	0
1293.99	0
1294.27	0
1294.55	0
128.82	0
129.36	0
132.95	0
138.83	0
139.07	0
142.68	0
144.14	0
145.44	0
149.77	0
153.47	0
155.47	0
166.40	0
168.47	0
170.30	0
170.32	0
172.63	0
102.61	0
104.63	0
114.13	0
118.15	0
120.43	0
124.16	0
127.76	0
128.10	0
123.50	0
125.06	0
134.87	0
134.97	0
135.34	0
135.87	0
137.05	0
137.36	0
172.37	0
172.93	0
175.26	0
175.35	0
176.57	0
181.31	0
181.79	0
185.83	0
1211.54	0
1213.65	0
1214.15	0
1221.88	0
1222.44	0
1223.12	0
1223.45	0
1223.85	0
60.52	1
70.57	1
96.69	0
103.26	0
104.15	0
113.58	0
114.13	0
120.64	0
145.85	1
172.80	0
177.15	0
177.54	0
178.14	0
180.94	0
180.94	0
181.13	0
80.93	1
95.97	1
105.21	1
116.40	0
116.79	1
120.78	0
124.46	1
126.46	0
8.60	1
10.29	1
11.11	0
11.25	1
11.30	1
11.68	1
13.25	1
14.20	1
163.54	0
178.52	0
211.79	0
230.04	0
240.63	0
241.99	0
249.32	0
250.43	0
133.49	0
134.29	0
137.03	0
144.30	0
146.72	0
147.83	0
150.52	0
151.85	0
96.02	0
100.96	0
105.07	0
109.11	0
116.30	0
120.37	0
122.61	0
127.11	0
114.74	0
115.57	0
116.48	0
119.00	0
120.13	0
133.48	0
140.13	0
147.19	0
96.97	0
98.39	0
98.54	0
102.01	0
106.04	0
106.42	0
114.73	0
116.90	0
231.00	0
240.17	0
245.85	0
256.80	0
260.08	0
263.69	0
263.95	0
265.44	0
86.50	1
87.23	1
93.28	1
95.85	1
97.59	1
107.30	1
108.61	0
110.21	0
39.12	1
39.33	1
39.86	1
40.89	1
40.93	0
41.48	1
42.52	1
42.76	1
187.72	0
192.57	0
193.21	0
203.48	0
222.88	0
227.69	0
232.94	0
247.02	0
333.87	0
334.50	0
337.03	0
343.29	0
348.54	0
349.47	0
351.15	0
352.47	0
258.77	0
260.09	0
262.42	0
265.73	0
266.62	0
266.64	0
266.93	0
267.44	0
71.84	1
154.48	0
158.01	0
164.71	0
166.69	0
166.79	0
169.12	0
169.93	0
192.59	0
196.28	1
197.55	0
208.51	0
211.34	0
214.53	0
215.34	0
216.64	0
217.48	0
222.17	0
222.71	0
226.30	0
228.46	0
229.74	0
230.44	0
231.80	0
120.93	0
132.18	0
139.14	0
140.34	0
141.76	0
142.45	0
143.20	0
144.10	0
107.23	1
139.09	1
141.28	1
149.60	1
158.77	0
170.87	0
173.47	0
174.68	1
267.16	0
340.87	0
370.54	0
378.93	0
379.72	0
381.31	0
381.92	0
382.06	0
289.31	0
404.33	0
404.84	0
406.07	0
406.91	0
408.70	0
409.22	0
411.25	0
213.34	1
271.70	1
277.05	0
283.43	0
285.95	0
286.16	0
288.12	0
288.64	0
179.45	0
228.84	0
231.72	0
237.00	0
242.00	0
251.41	0
252.04	0
253.62	0
309.03	0
327.65	0
333.05	0
335.13	0
335.17	0
335.96	0
336.88	0
337.82	0
223.51	0
234.22	0
235.16	0
236.17	0
238.87	0
239.06	0
241.26	0
241.48	0
143.31	0
150.83	0
152.60	0
155.35	0
158.01	0
161.09	0
164.30	0
164.51	0
278.93	0
289.44	0
296.44	0
303.89	0
305.59	0
307.64	0
309.82	0
317.78	0
108.85	0
142.37	0
150.01	0
167.46	0
168.71	0
185.83	0
187.99	0
188.19	0
101.58	1
103.71	1
104.47	0
106.84	0
110.41	0
111.46	0
113.72	1
126.31	0
123.63	1
133.67	0
135.09	0
137.77	0
140.28	0
143.53	0
144.66	0
144.79	0
93.82	0
93.86	0
99.00	0
101.85	0
105.08	0
111.30	0
115.50	0
117.76	0
94.17	0
103.49	0
110.59	0
113.02	0
119.46	0
120.88	0
122.24	0
126.61	0
48.00	1
50.36	1
58.18	1
61.02	1
69.49	1
80.01	0
80.04	1
81.08	1
1.97	1
1.99	1
2.56	1
2.70	1
2.86	0
4.34	1
5.06	1
10.61	1
181.97	0
206.11	0
213.71	0
221.22	0
226.92	0
235.55	0
237.96	0
240.41	0
23.23	1
88.92	0
90.71	0
91.92	0
95.34	0
96.44	0
96.75	0
98.29	0
140.18	0
178.94	0
190.72	0
192.02	0
208.35	0
211.28	0
215.65	0
217.38	0
131.22	0
135.72	0
136.88	0
138.50	0
139.12	0
142.30	0
145.27	0
146.57	0
175.23	0
181.73	0
185.37	0
192.64	0
192.97	0
193.19	0
194.39	0
195.68	0
65.35	1
74.49	1
83.66	1
85.63	1
86.17	1
101.75	1
119.79	1
134.27	0
146.47	1
170.01	1
184.43	1
185.51	1
197.68	0
197.84	0
199.66	1
200.56	0
182.03	0
184.55	0
187.35	0
190.75	0
196.71	0
197.26	0
197.34	0
199.48	0
138.17	0
139.96	1
139.99	0
145.42	0
145.71	0
149.14	1
154.10	0
158.65	0
146.68	0
146.76	0
149.84	0
158.38	0
160.82	0
161.08	0
163.93	0
167.55	0
60.43	1
77.50	1
89.08	0
89.64	0
95.78	0
103.39	0
107.43	1
113.21	1
227.88	0
228.05	0
228.15	1
230.26	0
235.95	1
237.56	0
240.45	0
245.20	0
217.22	0
233.32	0
237.01	0
237.91	0
239.16	1
247.56	0
249.65	0
250.24	0
60.91	1
113.31	1
366.76	0
368.58	0
410.40	0
413.05	0
423.90	0
429.83	0
29.92	1
41.71	1
203.21	1
232.48	0
232.87	0
233.34	0
235.21	0
237.95	0
83.49	0
84.23	0
310.33	0
316.79	0
321.04	0
326.03	0
327.33	0
337.35	0
340.56	0
348.68	0
349.73	0
358.45	0
361.44	0
363.37	0
363.38	0
365.13	0
180.13	0
183.63	0
187.54	0
189.41	0
192.77	0
195.34	0
195.69	0
197.14	0
242.43	0
244.54	0
247.44	0
254.25	0
256.00	0
256.54	0
256.72	0
262.60	0
192.08	0
199.73	0
203.29	0
206.72	0
206.85	0
208.66	0
210.01	0
213.21	0
115.55	0
126.28	1
133.20	1
138.22	0
138.89	1
150.63	0
151.18	0
151.68	0
85.54	1
123.70	0
126.08	0
138.97	0
160.44	1
167.20	1
177.90	0
183.79	1
33.42	1
72.81	0
93.55	1
110.42	0
128.96	0
148.23	0
150.75	0
158.70	0
7.97	1
37.57	1
166.86	0
170.26	0
170.89	0
171.21	0
172.20	0
172.36	0
236.30	0
242.60	0
244.30	0
250.17	0
250.53	0
252.01	0
252.88	0
254.92	0
113.67	0
114.17	0
115.95	0
117.74	0
118.23	0
119.80	0
120.23	0
120.68	0
236.08	1
238.41	0
240.42	0
248.99	0
255.16	0
255.40	0
256.66	0
260.42	0
65.80	1
121.73	1
130.38	0
136.71	0
141.28	0
166.69	1
167.91	1
193.65	0
73.47	1
230.03	1
254.52	0
257.24	0
297.17	0
306.51	0
315.06	0
340.57	0
12.48	1
121.81	0
175.68	0
177.19	0
193.66	0
196.35	0
196.40	0
197.51	0
78.40	1
159.85	0
202.47	1
208.17	0
210.82	1
213.77	1
220.64	1
226.19	1
49.99	0
147.21	1
158.96	0
179.81	1
186.48	0
213.52	1
216.05	1
220.62	0
6.99	1
11.98	1
13.33	1
13.46	1
13.82	1
15.80	1
16.59	1
23.21	1
11.14	1
14.85	1
27.26	1
54.38	1
59.19	1
62.47	1
63.12	1
69.28	1
27.23	1
35.01	1
52.88	1
177.93	1
184.41	1
187.75	1
191.28	1
194.34	1
51.63	1
62.27	1
217.87	1
392.45	1
397.83	1
411.46	1
418.31	1
426.76	1
93.89	1
164.82	1
226.80	1
236.55	0
248.38	0
276.35	0
278.81	0
284.33	0
84.97	1
92.27	1
170.51	1
186.97	0
214.99	0
220.29	0
223.34	0
224.58	0
20.16	1
27.53	1
51.37	1
141.57	0
233.12	0
242.83	0
248.92	0
259.34	0
65.41	1
68.05	1
94.80	1
235.28	0
247.36	0
288.68	0
297.23	0
298.52	0
182.55	0
196.85	0
201.58	1
212.13	0
212.69	0
213.78	0
214.09	0
215.56	0
205.50	0
205.60	0
206.10	0
208.22	0
211.79	0
211.95	0
214.03	0
217.56	0
180.12	0
191.70	0
194.57	0
197.41	0
200.27	0
215.09	0
217.97	0
219.29	0
18.18	1
83.11	0
91.17	0
94.25	0
103.53	0
105.66	0
105.76	0
105.99	0
200.96	0
233.05	0
237.04	0
239.57	0
252.64	0
255.27	0
260.30	0
260.46	0
382.85	0
383.30	0
389.66	0
391.91	0
400.93	0
407.71	0
411.55	0
413.77	0
145.62	1
158.80	0
169.65	1
176.25	1
184.32	0
186.47	1
192.17	0
201.21	1
140.64	1
202.66	0
210.80	0
211.77	0
213.60	0
218.93	0
219.26	0
220.37	0
163.03	0
174.23	0
178.45	0
179.65	0
181.14	0
181.88	0
182.79	0
189.54	0
118.99	1
120.93	1
125.25	0
164.69	0
201.71	0
211.55	0
225.86	0
228.03	0
25.79	1
26.47	1
279.20	0
287.52	0
291.06	0
292.44	0
295.52	0
297.52	0
23.75	1
29.41	1
42.26	1
44.08	1
69.41	1
87.71	1
105.84	0
109.31	0
33.93	1
44.12	1
193.49	0
198.27	0
198.73	0
208.30	0
208.65	0
210.59	0
54.66	1
59.45	1
222.27	0
224.39	0
227.69	0
230.94	0
235.74	0
237.36	0
22.93	1
23.79	1
26.13	1
44.20	1
126.40	0
152.71	0
154.29	0
156.19	0
2.39	1
2.44	1
2.65	1
3.41	1
5.08	1
83.94	0
88.78	0
92.14	0
1.91	1
2.20	1
2.29	1
3.62	1
4.35	1
85.75	0
86.21	0
87.20	0
4.97	1
5.23	1
5.51	1
8.66	1
9.66	1
162.96	0
165.83	0
167.39	0
4.20	1
5.04	1
5.10	1
6.23	1
6.52	1
128.60	0
128.91	0
129.07	0
6.69	1
7.00	1
7.49	1
8.78	1
12.85	1
175.39	0
175.93	0
176.60	0
111.94	0
121.16	0
122.98	0
126.14	0
128.75	0
130.44	0
138.63	0
138.74	0
186.62	1
191.19	1
196.31	0
201.67	0
212.13	0
212.41	0
213.28	0
215.02	0
250.19	0
251.95	0
258.17	0
268.98	0
269.50	0
273.61	0
279.65	0
279.77	0
281.27	0
282.54	0
283.68	0
286.27	0
296.03	0
300.38	0
301.38	0
302.36	0
254.19	0
257.00	0
261.44	0
277.23	0
283.60	0
287.04	0
287.61	0
287.74	0
514.97	0
518.51	1
535.51	0
542.75	0
555.00	0
556.32	0
557.48	0
563.96	0
220.03	0
229.70	0
236.14	1
244.06	0
247.44	1
259.99	0
261.33	0
262.63	1
203.48	0
268.35	0
273.66	0
279.12	0
279.77	0
282.60	0
287.11	0
289.94	0
37.73	0
100.12	0
144.86	0
158.53	0
159.64	0
169.17	0
174.65	0
176.56	0
95.86	0
190.59	1
196.26	0
197.04	0
221.52	0
222.18	0
225.47	0
227.43	0
168.89	0
194.58	0
199.10	0
199.58	0
201.93	0
204.49	0
208.40	0
210.00	0
155.12	0
163.88	0
172.84	0
174.07	0
177.25	0
186.47	0
187.03	0
190.22	0
316.41	1
316.83	1
326.18	0
329.49	0
330.34	0
333.68	0
335.07	0
336.37	0
301.23	0
303.16	0
321.56	0
330.06	0
333.13	0
333.60	0
345.59	0
351.63	0
151.03	0
178.87	0
188.43	0
196.80	0
211.64	0
225.79	0
226.64	0
229.33	0
168.12	1
180.38	0
181.79	1
186.29	0
190.60	1
190.96	1
191.79	0
196.01	0
259.72	0
264.73	0
274.95	0
276.39	0
279.42	0
279.78	0
294.80	0
301.38	0
290.20	0
304.06	0
312.08	0
313.86	0
324.74	0
324.93	0
325.89	0
327.90	0
465.81	1
514.19	0
528.62	0
531.22	0
531.24	0
531.95	0
536.33	0
538.00	0
178.50	1
273.28	1
307.26	0
322.48	0
325.96	0
327.27	0
328.40	0
329.17	0
109.14	0
267.72	1
332.44	0
333.80	0
336.79	0
338.27	0
339.24	0
339.85	0
96.46	1
167.22	1
212.69	0
213.73	0
213.86	0
219.52	0
222.63	0
222.74	0
195.63	0
198.35	0
200.09	0
202.55	0
203.72	0
210.98	0
211.07	0
211.69	1
321.61	0
323.65	0
324.04	0
327.73	0
329.89	0
336.99	0
337.80	0
343.44	0
317.41	0
324.92	0
330.54	0
334.92	1
336.09	1
336.78	0
341.78	1
344.71	0
327.43	0
347.42	0
349.65	0
354.81	0
357.56	0
357.85	0
358.78	0
360.21	0
158.56	0
158.63	0
158.68	0
166.14	0
170.54	0
170.76	0
172.75	0
174.99	0
374.52	1
384.51	0
385.40	0
387.11	0
393.06	0
395.92	0
400.26	0
402.50	0
223.88	0
235.85	0
237.77	0
244.30	0
246.33	0
248.81	0
252.68	0
252.96	0
251.26	0
283.21	0
288.47	0
291.23	0
295.41	0
297.64	0
297.96	0
299.55	0
271.40	1
282.70	1
375.40	0
381.12	0
381.77	0
387.13	0
387.78	0
390.21	0
225.56	0
229.59	0
230.50	0
244.04	0
244.67	0
249.96	0
258.37	0
273.99	0
109.61	1
111.11	1
215.26	0
216.20	0
221.06	0
228.27	0
232.99	0
239.04	0
149.92	1
160.06	1
238.58	0
240.07	0
244.25	0
255.20	0
295.44	0
304.12	0
56.04	1
57.51	1
59.70	1
69.89	1
174.07	0
192.24	0
200.34	0
200.95	0
5.67	1
5.92	1
6.10	1
6.35	1
7.44	1
84.43	0
91.73	0
94.91	0
6.69	1
6.95	1
7.44	1
7.53	1
8.40	1
89.91	0
91.04	0
91.84	0
10.71	1
11.04	1
11.38	1
11.54	1
13.41	1
171.89	0
175.23	0
175.35	0
8.83	1
10.36	1
10.52	1
10.57	1
11.00	1
129.65	0
130.54	0
130.82	0
12.47	1
12.92	1
12.99	1
13.12	1
17.16	1
177.00	0
179.16	0
182.79	0
153.49	0
155.84	0
163.63	0
164.51	0
167.07	0
168.94	0
170.86	0
176.51	0
194.00	0
212.23	0
216.48	0
219.71	0
222.58	0
224.40	0
226.22	0
226.97	0
346.11	0
347.83	0
356.80	1
359.89	0
361.84	1
364.20	1
371.58	1
379.25	0
334.64	0
354.44	0
358.33	0
360.70	0
361.40	0
362.24	0
363.35	0
368.65	0
480.67	0
502.72	0
507.60	0
509.94	0
510.74	0
518.22	0
518.66	0
521.90	0
552.40	0
566.91	0
567.65	0
569.31	0
572.85	0
579.60	0
581.69	0
583.29	0
428.78	0
454.63	0
457.20	0
461.56	1
463.34	1
463.76	0
464.53	0
468.07	1
411.05	0
432.18	0
458.46	0
463.82	0
468.27	0
470.69	0
473.13	1
476.26	0
47.71	1
53.14	1
53.75	1
56.07	1
56.38	1
57.35	1
67.09	1
68.19	1
37.92	1
39.34	1
40.24	1
56.68	1
58.04	1
59.73	1
61.38	1
62.46	1
68.73	1
93.86	1
95.75	1
114.37	1
115.86	1
118.13	1
120.03	1
120.23	1
145.82	1
155.76	1
164.12	1
256.01	1
259.24	1
260.40	1
275.88	1
277.55	1
326.29	1
335.07	1
344.12	0
346.72	0
352.01	0
352.63	0
357.34	0
361.66	0
155.47	1
195.28	1
259.38	0
277.69	0
285.33	0
286.73	1
293.45	0
296.55	0
77.95	1
84.28	1
113.43	1
187.37	0
275.63	0
283.22	0
285.00	0
287.80	0
123.07	1
153.74	1
207.03	1
231.66	0
265.06	0
293.18	0
294.31	0
295.98	0
149.53	0
155.93	0
159.05	0
166.32	0
177.43	0
178.18	0
178.24	0
181.44	0
171.82	0
191.95	0
192.13	0
194.88	0
197.75	0
207.30	0
208.04	0
208.77	0
283.10	1
417.15	0
422.67	0
424.30	0
428.92	0
432.57	0
433.16	0
435.57	0
84.16	1
86.80	1
88.16	1
97.48	1
101.30	1
103.54	0
104.81	0
106.65	1
11.27	1
11.29	1
11.65	1
12.07	1
13.28	0
14.23	1
14.66	1
15.43	1
190.13	0
225.24	0
235.65	1
235.66	0
246.06	0
249.62	0
249.65	0
252.62	0
231.84	0
236.38	0
250.36	0
263.86	0
286.13	0
300.83	0
305.26	0
306.17	0
228.46	1
229.05	1
231.02	1
236.83	1
237.54	1
245.48	1
247.05	1
247.40	0
253.24	0
280.01	0
286.69	0
288.83	0
309.22	0
322.02	0
324.59	0
328.49	0
345.67	0
389.41	0
396.93	0
397.97	0
400.07	0
408.89	0
417.98	0
420.07	0
235.84	0
247.20	0
250.16	0
254.19	0
255.92	0
257.02	0
257.34	0
258.68	0
232.38	0
258.89	0
265.46	0
267.66	0
279.92	0
284.01	0
284.32	0
284.94	0
334.01	0
341.95	0
346.38	0
349.95	0
353.48	0
355.07	0
356.83	0
360.69	0
235.72	0
240.09	0
252.34	0
263.19	0
267.28	0
272.26	0
272.41	0
273.51	0
350.93	1
356.49	0
356.60	0
360.38	1
363.07	0
366.90	0
371.41	0
375.35	1
337.54	0
360.99	0
361.93	0
367.91	0
371.43	0
386.46	0
390.73	0
393.99	0
274.20	0
277.13	0
277.51	0
277.78	0
277.91	0
278.03	0
278.93	0
279.54	0
247.03	0
260.87	0
268.21	0
270.89	0
272.14	0
279.37	0
283.58	0
284.71	0
262.44	0
272.86	0
281.49	0
281.62	0
281.71	0
282.23	0
284.23	0
287.06	0
232.02	0
240.67	0
261.49	0
264.47	0
269.82	0
275.91	0
280.52	0
292.51	0
345.30	0
357.89	0
361.62	0
362.80	0
370.47	0
371.84	0
386.89	0
388.48	0
154.40	0
164.18	0
166.22	0
168.01	0
169.25	0
170.09	0
185.55	0
190.38	0
221.07	0
255.37	0
261.70	0
261.95	0
264.07	0
264.39	0
264.64	0
266.71	0
299.51	0
323.94	0
324.15	1
329.84	0
333.96	0
343.85	0
352.28	0
352.85	0
134.64	0
158.26	0
174.93	0
175.04	0
176.47	0
177.96	0
181.43	0
182.37	0
327.52	0
329.27	1
332.72	0
347.54	1
349.23	0
351.44	1
354.30	1
354.69	0
346.35	0
373.26	0
394.40	0
397.33	0
398.28	0
411.29	0
419.10	0
420.90	0
270.65	0
272.72	0
274.84	0
275.48	0
275.94	0
276.36	0
276.73	0
277.89	0
248.80	0
251.16	0
256.47	0
265.12	0
265.70	0
268.91	0
269.77	0
275.02	0
277.67	0
287.02	0
310.28	0
316.55	0
335.69	0
336.22	0
336.64	0
337.67	0
260.29	1
290.82	0
291.74	1
296.63	1
301.88	0
305.46	1
306.02	1
314.15	0
174.43	0
203.79	0
204.51	0
209.98	0
210.98	0
212.50	0
213.06	0
215.70	0
241.89	0
250.46	0
255.03	0
258.90	0
261.04	0
262.29	0
262.34	0
262.50	0
278.02	0
301.89	0
302.76	0
305.17	0
307.07	0
307.22	0
308.00	0
309.70	0
229.28	0
230.99	0
247.25	0
256.12	0
259.15	1
260.55	0
260.81	0
263.23	0
259.49	0
263.21	0
264.51	0
265.91	0
269.54	0
269.64	0
269.99	0
270.39	0
248.00	0
250.84	0
251.27	0
253.26	0
262.04	0
266.53	0
267.83	0
269.27	0
210.22	0
219.43	0
220.09	0
226.44	0
227.78	0
230.68	0
231.11	0
232.29	0
167.05	0
168.00	0
168.04	1
176.72	0
176.75	0
177.70	0
177.98	0
178.52	0
244.93	0
250.77	0
252.62	0
256.23	0
265.16	0
267.53	0
270.04	0
275.24	0
285.42	0
299.38	0
328.73	0
371.72	0
372.69	0
396.47	0
397.56	0
404.01	0
189.89	0
198.16	0
200.93	0
205.47	0
205.48	0
206.30	0
206.62	0
207.10	0
275.48	0
293.05	0
293.96	0
298.16	0
298.35	0
299.26	0
299.61	0
300.53	0
96.30	0
96.51	0
97.23	0
97.62	0
98.47	0
99.28	0
102.36	0
102.74	0
201.81	0
210.97	0
215.51	0
221.42	0
221.91	0
221.97	0
224.40	0
226.91	0
215.89	0
237.60	0
252.81	0
254.77	0
258.01	0
260.75	0
261.71	0
265.20	0
295.28	1
296.48	1
297.12	1
302.28	0
304.25	1
304.33	0
305.16	0
311.03	0
254.86	0
275.63	0
284.49	0
293.82	0
297.02	0
300.26	0
303.92	0
303.97	0
349.25	1
357.94	0
359.16	0
364.25	0
368.56	0
369.02	0
375.23	0
383.47	0
226.75	0
236.78	0
264.03	0
284.29	0
295.23	0
297.38	0
298.87	0
303.42	0
402.04	0
403.89	0
415.65	0
417.48	0
418.57	0
420.19	0
420.57	0
422.18	0
106.23	1
106.40	1
133.04	0
139.73	0
141.91	0
145.26	0
145.81	0
146.84	0
120.49	0
190.09	0
191.78	0
192.09	0
195.87	0
195.91	0
196.20	0
196.30	0
157.11	0
159.46	0
166.07	0
190.32	0
190.45	0
193.08	0
196.97	0
199.51	0
77.19	1
80.98	0
122.77	0
160.51	0
167.29	0
173.62	0
174.39	0
175.21	0
63.01	0
107.24	1
146.49	1
151.13	0
160.40	0
165.52	0
170.15	0
172.09	0
51.16	1
61.93	1
62.97	1
67.22	1
71.42	1
81.12	1
87.83	0
90.37	1
4.40	1
4.61	0
5.11	1
5.17	1
5.20	1
5.83	1
6.05	1
6.54	1
80.12	0
136.19	1
141.20	0
202.60	0
223.17	0
227.59	0
229.13	0
232.75	0
232.52	0
244.86	0
245.18	0
246.87	0
248.62	0
250.14	0
260.33	0
261.54	0
226.75	0
226.79	0
228.21	0
229.34	0
230.68	0
230.93	0
231.94	0
232.14	0
310.96	0
322.82	0
325.59	0
331.43	0
344.57	0
348.16	0
350.72	0
355.43	0
194.94	0
198.06	0
199.45	0
199.92	0
200.23	0
201.49	0
201.97	0
202.24	0
258.38	0
262.63	0
265.72	0
269.99	0
278.58	0
281.98	0
283.83	0
285.20	0
223.28	0
243.30	0
245.07	0
250.56	0
254.22	0
255.19	0
255.81	0
259.01	0
244.30	0
319.46	0
329.94	0
337.34	0
338.23	0
340.61	0
340.78	0
342.85	0
229.27	1
232.50	0
236.46	1
237.51	1
245.71	0
253.52	0
254.38	0
256.86	0
287.39	0
326.81	0
332.63	0
334.16	0
337.08	0
338.34	0
340.99	0
342.45	0
332.87	0
364.89	0
367.00	1
367.51	1
380.74	1
385.02	1
385.94	1
392.01	0
285.62	0
293.44	0
304.39	0
310.11	0
314.85	0
315.27	0
323.29	0
330.08	0
307.84	0
353.65	0
360.16	0
374.77	0
386.13	0
388.17	0
390.08	0
392.90	0
540.79	0
545.41	0
554.98	0
555.67	0
556.64	0
557.14	0
558.84	0
559.52	0
523.59	0
526.25	0
530.91	0
539.78	0
542.92	0
547.57	0
548.22	0
548.92	0
94.64	1
96.41	1
105.61	1
106.31	1
108.61	1
113.99	1
116.62	1
117.12	1
3.94	1
4.42	1
4.43	1
4.80	1
5.27	1
5.80	0
6.00	1
7.67	1
113.44	0
115.10	0
116.49	0
118.77	0
128.39	0
133.41	0
135.12	0
136.91	0
144.33	0
145.34	0
149.78	0
150.61	0
152.80	0
153.00	0
156.49	0
166.21	0
141.06	0
142.30	0
143.46	0
143.98	0
145.70	0
145.80	0
147.17	0
149.48	0
136.13	0
141.11	0
148.22	0
149.14	0
150.48	0
155.74	0
155.78	0
158.93	0
139.73	0
143.94	0
145.83	0
147.68	0
149.80	0
155.08	0
158.39	0
160.77	0
179.69	0
196.43	0
197.60	0
202.74	0
203.09	0
204.94	0
209.60	0
210.42	0
52.18	1
66.30	1
79.88	1
83.85	0
84.62	0
84.79	0
85.80	0
87.93	0
121.81	0
124.23	0
125.48	0
135.45	0
139.18	0
139.50	0
139.99	0
140.74	0
124.86	0
125.67	0
129.66	0
133.95	0
134.95	0
135.80	0
136.36	0
137.68	0
103.24	0
108.91	0
109.29	0
118.11	0
120.86	0
129.57	0
130.65	0
131.30	0
122.47	0
122.99	0
124.50	0
125.95	0
127.85	0
129.50	0
132.39	0
132.72	0
108.62	0
111.69	0
116.22	0
118.84	0
124.91	0
132.74	0
133.38	0
134.01	0
51.76	1
64.31	1
79.98	0
80.08	1
80.63	0
83.03	0
84.52	0
85.31	0
122.55	0
123.87	0
126.72	0
131.30	0
132.38	0
134.84	0
136.37	0
139.16	0
136.70	1
143.06	0
146.42	1
155.31	0
155.43	0
155.68	0
156.10	0
157.64	0
82.87	1
114.60	0
120.16	0
132.37	1
132.97	0
134.94	0
139.12	0
139.51	0
85.52	1
99.18	0
101.41	0
107.81	0
111.12	0
125.59	0
127.15	0
127.45	0
92.23	0
93.21	0
101.25	0
105.21	0
109.63	0
111.68	0
114.00	0
117.18	0
91.01	0
96.03	0
98.69	0
104.80	0
116.51	0
119.34	0
122.14	0
122.15	0
91.91	0
93.72	0
97.94	0
106.08	0
107.52	0
108.92	0
114.33	0
134.43	0
88.52	0
92.96	0
96.66	0
101.66	0
105.90	0
108.67	0
109.46	0
109.96	0
221.67	0
228.07	0
229.75	0
230.19	0
232.41	0
232.70	0
235.42	0
236.25	0
218.72	0
221.14	0
235.56	0
238.01	0
247.57	0
249.18	0
251.92	0
253.42	0
84.75	1
93.23	1
98.66	0
104.23	0
104.26	0
105.55	1
106.49	1
108.15	1
16.69	1
18.06	1
21.11	1
21.79	1
22.06	0
22.51	1
22.64	1
23.68	1
200.08	0
205.48	1
220.58	0
222.81	0
226.19	0
230.42	0
230.57	0
232.75	0
169.71	0
171.02	0
174.23	0
177.52	0
178.25	0
180.39	0
180.46	0
181.27	0
173.14	0
179.46	0
180.49	0
185.39	0
188.76	0
190.11	0
190.43	0
190.52	0
86.60	0
94.48	0
95.02	0
96.49	0
97.55	1
103.48	0
114.41	0
114.74	0
13.41	1
23.79	1
50.02	0
53.09	0
71.69	0
75.54	0
85.47	0
88.98	0
148.88	0
151.34	0
152.24	0
152.43	0
152.95	0
155.17	0
156.04	0
170.74	0
106.38	0
110.75	0
115.75	0
123.73	0
124.07	0
129.40	0
134.33	0
136.18	0
116.86	0
140.08	0
141.97	0
146.08	0
149.53	0
158.35	0
159.73	0
163.07	0
85.87	0
91.45	0
91.53	0
96.92	0
113.93	0
118.33	0
118.41	0
119.16	0
173.57	0
174.96	0
177.65	0
178.31	0
178.94	0
183.29	0
184.24	0
187.81	0
61.79	1
93.46	0
99.22	0
99.36	0
102.49	0
103.67	0
106.91	0
114.43	0
154.14	0
157.57	0
159.95	0
164.02	0
165.31	0
172.36	0
177.51	0
180.52	0
109.86	0
116.66	0
116.95	0
124.80	0
129.38	0
130.18	0
131.17	0
132.01	0
85.03	0
93.37	0
93.83	0
95.65	0
99.86	0
101.95	1
108.10	0
116.11	0
7.42	1
18.45	1
46.44	0
51.69	0
69.94	0
74.50	0
82.86	0
88.04	0
159.71	0
161.15	0
162.70	0
163.62	0
165.23	0
166.58	0
170.06	0
184.03	0
104.60	0
112.05	0
112.78	0
115.19	0
119.62	0
127.60	0
129.97	0
133.18	0
134.56	0
138.54	0
144.62	0
145.67	0
149.01	0
150.13	0
156.09	0
157.06	0
100.50	0
102.45	0
102.49	0
106.35	0
106.55	0
108.01	0
125.77	1
127.47	0
100.60	1
126.89	0
137.01	0
137.93	1
150.51	0
151.78	0
154.15	0
156.22	0
165.87	0
166.07	0
170.70	0
171.23	0
178.59	0
180.77	0
186.87	0
188.77	0
132.66	0
143.78	0
144.24	0
146.78	0
149.03	0
154.17	0
157.45	0
159.96	0
78.38	1
93.57	0
103.92	1
104.05	0
108.19	0
114.37	0
118.68	0
121.95	0
135.25	0
140.35	0
142.75	0
144.15	0
149.13	0
150.33	0
161.10	0
161.48	0
94.66	0
95.53	0
99.93	0
102.14	0
107.43	0
113.50	0
115.94	0
118.16	0
225.06	0
226.76	0
227.59	0
229.37	0
230.16	0
231.11	0
235.21	0
236.47	0
155.20	0
163.87	0
165.71	0
166.40	0
167.54	0
168.56	0
168.80	0
172.22	0
407.81	0
409.66	0
409.93	0
414.85	0
415.28	0
415.64	0
415.91	0
417.65	0
206.95	0
207.63	0
208.53	0
210.04	0
211.20	0
211.55	0
214.13	0
215.05	0
265.05	0
266.59	0
267.34	0
269.47	0
271.57	0
272.44	0
277.05	0
277.18	0
756.59	0
758.45	0
760.01	0
784.11	0
784.89	0
785.03	0
785.52	0
787.75	0
135.37	0
138.96	0
142.28	0
143.81	0
147.60	0
150.94	0
151.29	0
155.42	0
41.77	1
54.21	0
58.14	0
58.22	1
58.46	0
61.55	0
68.39	0
85.48	0
23.79	1
26.06	1
46.46	0
55.47	0
61.00	1
72.03	0
73.04	0
77.96	0
24.47	1
28.14	1
47.07	0
55.41	0
70.98	1
80.45	0
81.21	0
82.11	0
158.07	0
158.86	0
161.19	0
165.69	0
165.96	0
172.33	0
174.86	0
176.85	0
325.75	0
327.94	0
330.27	0
331.50	0
332.43	0
332.44	0
334.07	0
334.59	0
525.64	1
535.54	1
539.49	0
545.22	1
546.69	1
548.16	0
553.04	1
555.83	0
267.77	0
274.38	0
286.02	0
295.17	0
295.99	0
296.45	0
296.68	0
297.17	0
149.80	0
151.88	0
154.59	0
155.07	0
155.79	0
156.48	0
160.39	0
160.75	0
409.02	0
419.03	0
425.31	0
428.63	0
429.18	0
430.20	0
431.26	0
431.36	0
199.30	0
200.04	0
200.37	0
202.77	0
204.64	0
205.29	0
206.20	0
209.39	0
374.06	1
386.58	0
417.89	0
420.10	0
424.23	0
425.91	0
426.58	0
427.72	0
588.45	0
601.05	0
602.63	0
603.20	0
606.95	0
608.24	0
612.84	0
614.08	0
44.69	1
50.41	0
50.59	1
53.11	1
53.64	1
54.32	1
54.44	1
54.62	1
166.77	0
167.43	0
171.45	0
172.01	0
175.62	0
176.17	0
176.45	0
177.64	0
143.27	0
148.97	0
160.16	1
165.53	0
167.80	0
168.37	0
171.85	0
172.74	0
34.06	1
175.23	0
196.74	0
202.27	0
202.42	0
204.45	0
206.10	0
206.11	0
6.43	1
125.59	0
125.70	0
126.89	0
134.89	0
143.53	0
143.91	0
149.00	0
20.22	1
165.26	0
168.10	0
169.05	0
171.38	0
172.47	0
172.90	0
172.98	0
70.52	1
71.24	1
96.39	1
102.52	0
102.85	0
109.12	1
110.53	0
111.51	1
80.33	1
117.62	0
119.34	0
119.73	0
121.67	0
122.62	0
123.99	0
126.39	0
36.17	1
39.61	1
46.26	0
49.82	1
52.78	0
54.57	1
56.51	0
60.78	1
4.22	1
4.34	0
4.38	1
4.66	1
6.03	1
6.14	1
6.25	1
6.44	1
133.07	0
138.93	0
167.22	0
183.55	0
194.78	0
194.80	0
197.83	0
198.25	0
293.00	0
294.55	0
296.98	0
298.99	0
299.57	0
300.03	0
300.04	0
301.11	0
149.72	1
162.87	0
164.80	0
166.43	0
166.98	0
169.24	0
169.57	0
170.57	0
209.23	0
220.01	0
222.80	0
223.26	0
227.71	0
227.82	0
230.08	0
230.49	0
164.15	0
165.66	0
168.63	0
168.82	0
169.76	0
171.25	0
171.28	0
174.11	0
250.59	0
256.89	0
257.45	0
257.49	0
257.90	0
260.67	0
260.77	0
261.22	0
71.02	1
110.11	0
112.35	1
114.09	1
123.99	1
126.29	0
127.12	0
128.84	1
158.16	0
159.11	0
160.04	0
161.70	0
162.70	0
165.73	0
168.02	0
170.59	0
114.79	1
124.43	0
126.84	0
127.74	0
127.90	0
130.37	0
130.98	0
131.45	0
282.50	0
288.20	0
289.84	0
290.42	0
290.65	0
293.29	0
294.37	0
295.42	0
24.87	1
30.88	1
42.06	1
43.05	1
46.86	1
50.53	1
52.71	1
60.12	0
1.83	1
2.77	0
2.84	1
3.17	1
3.30	1
3.54	1
3.62	1
4.31	1
