212.69	0
238.29	0
242.32	0
243.69	0
244.54	0
266.90	0
271.44	0
273.04	0
390.29	0
416.89	0
418.98	0
433.86	0
440.00	0
445.02	0
472.30	0
479.01	0
180.32	0
216.46	0
232.43	0
246.74	0
246.86	0
248.12	1
251.58	0
257.49	0
244.22	0
248.12	0
258.62	0
265.37	0
268.88	0
270.61	0
272.77	0
294.88	0
194.56	0
230.11	0
235.24	0
246.66	0
247.17	0
249.53	0
253.97	0
271.64	0
202.37	0
204.55	0
209.63	0
227.22	0
230.58	0
244.60	0
254.05	0
272.33	0
140.70	0
143.74	0
144.37	0
165.06	0
169.83	0
185.96	0
186.61	0
188.60	0
191.37	0
204.50	0
209.13	0
215.15	0
219.99	0
241.93	0
242.02	0
249.16	0
218.38	0
268.97	0
272.61	0
277.97	0
286.34	0
297.98	0
316.49	0
324.88	0
130.26	0
130.43	0
131.87	0
157.20	0
170.03	0
170.42	0
185.42	0
188.18	0
190.98	0
191.22	0
193.35	0
203.63	0
209.75	0
223.02	0
224.15	0
235.88	0
198.15	0
226.76	0
227.34	0
240.10	0
240.93	0
245.44	0
253.70	0
272.19	0
251.95	0
255.33	0
255.85	0
269.06	0
277.51	0
278.21	0
288.22	0
299.33	0
145.39	0
146.40	0
146.65	0
163.28	0
180.13	0
186.54	0
198.47	0
208.71	0
204.78	0
228.76	0
230.43	0
233.33	0
241.66	0
243.15	0
249.11	1
265.43	0
194.26	0
196.18	0
196.55	0
227.35	0
238.74	0
239.58	0
241.87	0
243.93	0
193.76	0
219.12	0
221.30	0
237.44	0
244.72	0
246.70	0
249.37	0
265.46	0
202.11	0
202.86	0
211.26	0
230.63	0
232.46	0
247.77	0
258.42	0
274.74	0
119.18	0
119.60	0
125.14	0
158.23	0
160.94	0
169.52	0
178.43	0
183.21	0
182.33	0
186.68	0
192.18	0
212.60	0
220.94	0
232.06	0
237.89	0
251.44	0
121.25	0
121.93	0
128.46	0
156.91	0
157.35	0
171.55	0
180.26	0
183.00	0
171.02	0
185.73	0
189.73	0
195.38	0
207.98	0
212.18	0
218.42	0
239.74	0
223.08	0
225.55	0
229.92	0
243.85	0
244.27	0
251.75	0
256.71	0
279.09	0
171.04	0
174.70	0
191.70	0
193.55	0
196.94	0
199.78	0
218.12	0
220.70	0
106.83	0
107.19	0
115.34	0
147.70	0
156.76	0
158.25	0
177.14	0
179.54	0
161.05	0
167.88	0
179.04	0
181.18	0
203.04	0
204.42	0
206.50	0
214.47	0
178.89	0
184.75	0
185.01	0
207.75	0
209.21	0
219.00	0
224.50	0
243.81	0
81.56	1
90.91	1
96.04	0
131.46	0
185.12	0
204.96	0
211.42	0
217.39	0
232.96	0
234.17	0
234.64	0
234.93	0
241.85	0
243.79	0
247.61	0
248.77	0
129.15	0
129.36	0
132.26	0
139.82	0
143.20	0
155.02	0
158.04	0
159.19	0
138.21	0
148.08	0
150.09	0
154.63	0
159.12	0
170.67	0
208.73	0
209.34	0
239.56	0
240.75	0
245.11	0
251.78	0
253.65	0
256.52	0
257.36	0
257.83	0
159.70	0
160.92	0
161.13	0
161.16	0
165.61	0
167.42	0
202.64	0
207.72	0
318.71	0
320.10	0
320.69	0
323.07	0
324.91	0
325.12	0
328.07	0
328.20	0
398.82	0
399.88	0
400.29	0
401.27	0
401.54	0
402.47	0
404.57	0
411.24	0
322.20	0
327.23	0
327.94	0
334.46	0
340.74	0
340.75	0
341.52	0
344.19	0
192.95	0
194.38	0
195.14	0
197.15	0
197.24	0
199.16	0
231.76	0
239.28	0
236.92	0
237.68	0
238.58	0
239.56	0
240.17	0
241.29	0
243.25	0
245.52	0
139.78	0
144.75	0
146.92	0
153.61	0
158.94	0
159.49	0
160.43	0
166.75	0
137.23	0
139.11	0
143.96	0
153.77	0
154.31	0
158.33	0
159.71	0
162.60	0
211.59	0
211.74	0
215.64	0
216.18	0
216.81	0
217.89	0
218.63	0
238.51	0
197.92	0
201.53	0
203.36	0
207.26	0
212.13	0
214.09	0
230.98	0
238.24	0
191.11	0
194.79	0
196.04	0
196.20	0
196.28	0
196.44	0
200.90	0
202.31	0
121.58	0
125.10	0
127.58	0
136.27	0
136.57	0
137.30	0
140.76	0
142.15	0
184.01	0
186.16	0
186.20	0
195.82	0
199.85	0
203.35	0
204.52	0
206.90	0
126.92	0
127.58	0
127.63	0
134.75	0
146.08	0
147.04	0
188.55	0
194.29	0
267.96	0
269.87	0
270.76	0
273.28	0
273.48	0
274.01	0
274.73	0
275.07	0
506.20	0
508.54	0
509.44	0
513.18	0
514.70	0
518.60	0
520.77	0
520.99	0
217.81	0
217.85	0
218.48	0
225.93	0
230.08	0
230.78	0
239.22	0
251.42	0
217.30	0
219.00	0
222.62	0
224.82	0
233.25	0
234.47	0
251.01	0
260.38	0
117.27	0
119.45	0
123.59	0
137.60	0
137.76	0
138.51	0
141.78	0
142.67	0
199.44	0
200.77	0
203.06	0
210.56	0
214.06	0
217.65	0
220.99	0
221.22	0
121.53	0
125.14	0
128.95	0
132.07	0
136.56	0
149.68	0
172.25	0
181.69	0
192.96	0
197.08	0
197.47	0
207.53	0
207.65	0
216.27	0
216.35	0
216.57	0
154.43	0
157.87	0
161.86	0
164.69	0
167.98	0
179.88	0
192.42	0
207.31	0
108.80	0
110.20	0
111.06	0
118.36	0
118.85	0
123.26	0
123.28	0
128.42	0
609.50	0
610.82	0
611.57	0
625.68	0
630.20	0
632.48	0
633.89	0
634.11	0
79.52	0
83.70	0
89.32	0
102.01	0
102.79	0
111.53	0
130.79	0
133.50	0
33.36	1
38.35	1
40.32	1
49.70	1
52.37	1
58.24	1
94.59	0
96.92	0
208.98	0
211.64	0
213.50	0
216.58	0
225.84	0
227.97	0
231.75	0
232.12	0
38.82	1
45.58	0
54.81	1
79.83	1
88.91	0
123.29	0
134.25	0
136.12	0
210.23	0
211.87	0
212.74	0
217.13	0
217.32	0
219.29	0
219.36	0
219.88	0
178.34	0
179.79	0
181.82	0
181.89	0
182.21	0
187.80	0
189.27	0
194.17	0
117.42	1
280.38	0
282.45	0
283.66	0
296.96	0
299.27	0
301.27	0
302.28	0
42.85	1
213.88	0
215.87	0
220.59	0
220.70	0
227.10	0
227.21	0
228.44	0
40.84	1
177.21	0
180.47	0
181.74	0
192.85	0
194.82	0
196.57	0
200.29	0
131.74	0
133.62	0
138.65	0
139.79	0
143.72	0
152.92	0
167.18	0
183.65	0
101.46	0
103.83	0
106.77	0
107.77	0
110.55	0
113.34	0
114.57	0
115.67	0
24.24	1
34.50	1
145.82	0
149.48	0
149.78	0
154.12	0
155.33	0
163.77	0
15.53	1
17.58	1
101.74	0
113.72	0
121.10	0
121.70	0
125.76	0
142.66	0
45.37	0
47.57	0
51.15	0
54.37	0
54.87	0
71.05	0
87.52	0
101.01	0
270.73	0
272.43	0
275.94	0
277.46	0
280.66	0
284.09	0
285.60	0
297.97	0
328.84	0
329.22	0
329.30	0
331.32	0
333.29	0
336.07	0
341.54	0
343.16	0
217.80	0
229.72	0
232.22	0
232.78	0
234.28	0
236.63	0
240.35	0
243.08	0
248.18	1
294.53	0
296.96	0
303.39	0
306.15	0
306.28	0
307.21	0
307.68	0
62.77	1
302.31	0
303.61	0
308.45	0
314.86	0
316.89	0
317.06	0
321.44	0
130.36	0
201.85	0
229.24	0
229.54	0
230.28	0
231.58	0
232.51	0
239.19	0
174.18	0
192.30	0
192.50	0
197.83	0
199.00	0
203.78	0
207.57	0
207.73	0
315.59	0
331.95	0
333.69	0
339.61	0
342.58	0
342.92	0
343.69	0
345.00	0
403.73	0
404.59	0
404.68	0
408.67	0
409.14	0
410.62	0
411.28	0
411.61	0
242.73	0
244.30	0
244.46	0
246.39	0
247.95	0
250.15	0
251.07	0
251.48	0
177.29	0
180.12	0
181.60	0
182.87	0
183.07	0
183.90	0
186.06	0
199.42	0
189.17	0
191.88	0
193.27	0
194.27	0
196.90	0
198.01	0
203.87	0
205.32	0
119.86	0
121.32	0
122.35	0
124.92	0
132.66	0
138.85	0
154.18	0
155.50	0
155.29	0
165.43	0
166.32	0
166.44	0
167.51	0
169.76	0
171.32	0
176.25	0
126.18	0
128.97	0
130.31	0
132.94	0
136.28	0
137.97	0
143.92	0
144.52	0
119.16	0
119.20	0
120.13	0
126.72	0
127.22	0
128.21	0
128.98	0
131.65	0
122.42	0
123.14	0
125.33	0
134.67	0
138.59	0
142.25	0
143.90	0
144.40	0
131.67	0
196.26	0
196.97	0
197.37	0
197.90	0
204.43	0
211.22	0
211.62	0
252.68	1
278.82	0
308.02	0
313.38	0
314.13	0
315.47	0
315.59	0
318.40	0
341.22	0
341.85	0
345.50	0
347.64	0
351.11	0
352.33	0
354.04	0
354.95	0
179.14	0
179.53	0
181.53	0
183.35	0
193.60	0
195.78	0
198.82	0
202.18	0
181.39	0
189.32	0
196.95	0
197.83	0
199.51	0
202.08	0
204.29	0
204.99	0
150.78	0
208.36	1
275.86	0
287.88	0
288.44	0
289.21	0
289.54	0
296.56	0
308.78	0
329.87	0
330.36	0
332.44	0
334.31	0
336.61	0
341.78	0
342.29	0
132.89	1
258.05	0
259.45	0
265.15	0
266.84	0
267.02	0
274.57	0
274.71	0
5.89	1
95.30	0
117.79	0
133.64	0
139.38	0
139.90	0
140.27	0
150.10	0
10.82	1
88.34	0
114.34	0
119.38	0
120.86	0
124.42	0
126.80	0
137.11	0
17.84	1
173.29	0
186.77	0
187.31	0
192.48	0
195.24	0
196.32	0
196.74	0
182.55	0
185.42	0
186.46	0
187.72	0
188.45	0
189.75	0
200.80	0
205.43	0
21.44	1
45.37	1
46.36	0
56.91	1
92.00	1
112.48	0
119.28	0
124.71	0
116.85	1
160.76	0
182.35	0
187.81	0
188.25	0
189.74	0
192.78	0
193.57	0
182.87	0
184.44	0
233.30	0
244.00	0
254.15	0
254.23	0
256.24	0
261.10	0
155.22	0
216.43	0
226.72	0
232.25	0
233.01	0
237.91	0
238.66	0
239.13	0
274.48	0
278.35	0
299.38	0
304.91	0
314.47	0
315.48	0
316.17	0
316.65	0
323.94	0
348.83	0
355.35	0
364.43	0
383.56	0
385.01	0
386.49	0
396.13	0
142.88	0
145.69	0
148.05	0
148.09	0
148.37	0
153.37	0
154.29	0
156.01	0
307.58	1
363.79	1
420.62	0
422.01	0
431.90	0
435.89	0
447.40	0
461.50	0
93.51	0
162.97	0
301.38	0
301.84	0
304.77	0
305.57	0
308.24	0
311.53	0
435.85	0
456.96	0
460.55	0
471.10	0
476.73	0
489.46	0
489.68	0
495.49	0
145.22	0
148.07	0
151.16	0
153.38	0
155.40	0
165.94	0
167.87	0
168.46	0
176.97	0
177.25	0
177.48	0
177.97	0
178.61	0
180.19	0
192.36	0
194.35	0
310.99	0
322.60	0
324.06	0
325.92	0
336.88	0
339.56	0
341.28	0
343.73	0
542.89	0
543.31	0
545.73	0
546.04	0
549.57	0
553.35	0
558.54	0
564.55	0
90.49	1
174.59	0
177.41	0
184.77	0
187.43	0
187.62	0
192.13	0
192.99	0
83.96	1
127.35	0
165.09	0
184.11	0
189.22	0
189.34	0
191.65	0
193.69	0
20.93	1
156.14	0
156.82	0
158.28	0
163.99	0
167.35	0
169.42	0
172.93	0
5.99	1
51.92	0
53.23	0
55.72	0
56.09	0
58.14	0
71.46	0
88.44	0
183.81	0
221.20	1
245.66	0
258.07	0
267.77	0
269.57	0
270.63	0
275.24	0
250.23	0
254.68	0
257.99	0
263.08	0
264.93	0
265.16	0
266.67	0
267.73	0
115.04	0
117.43	0
117.96	0
118.20	0
118.33	0
123.28	0
126.03	0
138.11	0
177.53	0
194.77	1
202.13	1
219.90	0
243.36	1
247.11	1
247.48	0
262.41	0
237.96	0
240.10	0
240.11	0
241.38	0
244.59	0
245.54	0
250.30	0
252.62	0
223.83	1
224.19	1
244.38	0
244.40	0
246.52	0
247.92	0
249.27	0
249.76	0
56.81	1
128.02	1
142.40	0
209.54	0
216.61	0
227.23	0
229.77	0
233.83	0
3.44	1
6.17	1
94.89	0
119.09	0
119.65	0
132.25	0
135.56	0
140.26	0
4.73	1
9.53	1
98.65	0
124.09	0
129.40	0
131.05	0
134.58	0
135.08	0
11.18	1
14.24	1
185.21	0
190.34	0
201.15	0
203.31	0
203.55	0
204.42	0
244.86	0
245.34	0
247.93	0
248.98	0
252.89	0
252.95	0
260.46	0
261.77	0
369.16	0
390.82	0
391.22	0
395.29	0
395.40	0
396.24	0
404.43	0
404.73	0
145.32	0
219.98	0
223.39	0
223.40	0
223.47	0
224.43	0
229.34	0
229.53	0
244.69	0
246.39	0
248.55	0
248.56	0
248.87	0
252.69	0
263.42	0
267.35	0
133.76	0
135.49	0
141.78	0
145.82	0
147.39	0
153.22	0
154.20	1
154.84	0
228.10	0
229.02	0
231.26	0
231.61	0
232.27	0
232.29	0
234.12	0
238.77	0
175.94	0
234.39	0
267.94	0
278.73	0
300.03	0
307.29	0
309.40	0
312.72	0
131.53	1
198.50	0
275.65	1
296.87	0
307.25	0
307.81	0
331.51	0
348.76	0
95.95	0
182.82	0
228.67	0
298.70	0
316.29	0
326.52	0
365.05	0
368.95	0
204.19	1
230.32	0
242.76	0
307.58	0
313.25	0
313.31	0
315.06	0
315.42	0
32.66	1
192.32	0
195.80	0
202.85	0
202.99	0
209.92	0
210.04	0
213.27	0
130.48	0
189.66	0
211.76	0
216.04	0
222.50	0
223.08	0
226.02	0
228.67	0
159.64	0
166.94	0
169.26	0
174.51	0
175.01	0
179.88	0
187.84	0
191.00	0
195.21	0
256.95	0
258.82	0
260.47	0
260.91	0
263.35	0
265.80	0
267.41	0
156.06	0
156.67	0
156.77	0
162.66	0
167.43	0
168.14	0
169.07	0
170.39	0
164.25	0
181.20	0
183.90	0
184.44	0
185.83	0
186.90	0
189.19	0
189.67	0
106.77	0
110.19	0
114.39	0
116.28	0
118.09	0
129.41	0
133.56	0
136.42	0
120.87	0
125.50	0
127.44	0
128.84	0
130.59	0
132.51	0
140.24	0
144.83	0
86.73	0
92.27	0
93.00	0
93.53	0
97.94	0
98.42	0
109.76	0
110.99	0
182.93	0
196.13	0
213.57	0
222.98	0
225.83	0
225.84	0
226.49	0
228.55	0
109.56	0
157.99	1
207.14	0
213.50	0
235.37	0
239.03	0
241.40	0
241.54	0
106.92	0
135.38	0
181.58	0
185.93	0
186.29	0
191.37	0
191.88	0
192.31	0
105.94	1
138.87	0
173.60	0
175.01	0
175.52	0
175.60	0
177.15	0
179.36	0
16.98	1
121.34	0
123.58	0
123.76	0
124.47	0
124.75	0
135.54	0
140.11	0
169.28	1
191.26	0
194.03	0
197.37	0
200.41	0
200.46	0
201.93	0
204.35	0
41.47	1
133.55	0
150.36	0
151.23	0
170.18	0
171.75	0
173.43	0
173.58	0
82.52	1
129.79	0
153.97	0
164.78	0
171.02	0
177.98	0
182.77	0
183.92	0
105.18	1
207.17	0
250.06	0
252.80	0
253.58	0
254.80	0
256.04	0
258.00	0
151.97	0
153.88	0
155.32	0
156.33	0
159.79	0
169.05	0
171.72	0
177.12	0
188.76	0
191.95	0
193.12	0
194.38	0
195.70	0
199.43	0
201.62	0
208.15	0
66.91	0
66.92	0
70.80	0
71.21	0
72.02	0
83.96	0
98.73	0
101.35	0
208.34	0
213.47	0
215.08	0
215.98	0
216.30	0
219.66	0
221.68	0
221.83	0
64.98	0
70.09	0
72.01	0
73.95	0
75.98	0
85.28	0
99.94	0
104.26	0
200.69	0
205.49	0
206.99	0
207.44	0
208.92	0
209.75	0
210.71	0
214.24	0
200.52	0
202.56	0
206.49	0
208.14	0
212.01	0
212.91	0
213.35	0
224.84	0
67.13	0
67.66	0
70.23	0
72.13	0
72.36	0
83.84	0
97.43	0
103.71	0
137.57	0
138.03	0
139.86	0
144.62	0
144.84	0
147.02	0
150.22	0
155.84	0
211.05	0
217.43	0
217.61	0
219.74	0
225.52	0
225.79	0
229.63	0
231.24	0
66.54	0
71.12	0
73.16	0
74.98	0
75.95	0
85.97	0
100.97	0
108.12	1
169.08	0
169.35	0
172.59	0
174.82	0
175.11	0
178.73	0
180.15	0
181.83	0
67.07	0
69.39	0
71.72	0
73.98	0
74.44	0
84.87	0
98.80	0
101.70	0
167.75	0
169.93	0
170.77	0
172.35	0
177.08	0
177.32	0
180.20	0
182.49	0
65.45	0
67.36	0
70.27	0
71.57	0
73.92	0
83.37	0
96.97	0
100.93	0
178.49	0
186.32	0
187.23	0
188.17	0
188.84	0
189.83	0
192.11	0
195.03	0
68.04	0
72.46	0
74.53	0
76.67	0
76.83	0
88.28	0
101.95	0
104.99	0
143.23	0
149.02	0
149.09	0
150.68	0
151.18	0
151.74	0
155.47	0
159.43	0
65.10	0
66.94	0
71.68	0
72.01	0
74.42	0
84.53	0
97.90	0
103.89	0
140.65	0
146.35	0
148.93	0
149.05	0
150.91	0
151.24	0
157.38	0
168.45	0
201.14	0
201.37	0
202.34	0
207.95	0
217.85	0
218.00	0
226.45	0
228.31	0
65.81	0
66.64	0
70.63	0
71.68	0
74.06	0
83.30	0
96.21	0
105.28	0
116.02	0
118.58	0
119.94	0
126.62	0
127.78	0
128.66	0
129.63	0
138.43	0
222.14	0
226.46	0
231.08	0
231.26	0
234.00	0
240.35	0
245.84	0
249.13	0
196.96	0
198.13	0
198.36	0
203.39	0
213.62	0
213.64	0
214.40	0
215.50	0
64.91	0
65.61	0
69.52	0
71.34	0
74.36	0
81.67	0
96.29	0
101.92	0
144.02	1
207.94	0
210.77	0
213.96	0
218.66	0
218.90	0
218.94	0
220.43	0
153.12	0
159.56	0
161.30	0
163.13	0
167.76	0
168.12	0
168.89	0
172.34	0
65.38	0
67.02	0
70.65	0
72.48	0
74.33	0
83.44	0
97.14	0
98.83	0
144.67	0
147.22	0
150.36	0
156.05	0
156.17	0
156.59	0
165.67	0
166.62	0
65.78	0
66.90	0
70.67	0
72.89	0
73.74	0
83.86	0
101.22	0
101.69	0
148.46	0
149.75	0
150.93	0
158.64	0
159.13	0
160.02	0
168.47	0
169.16	0
68.39	0
69.16	0
71.51	0
74.68	0
75.38	0
84.32	0
104.66	0
104.85	0
153.01	0
154.64	0
156.16	0
164.05	0
164.25	0
168.78	0
173.15	0
173.39	0
70.92	0
73.24	0
75.22	0
76.83	0
77.44	0
85.68	0
103.85	0
106.19	0
165.38	0
168.47	0
170.18	0
170.59	0
174.21	0
174.76	0
182.13	0
182.70	0
180.68	0
189.06	0
191.85	0
192.64	0
193.37	0
195.60	0
195.85	0
200.75	0
185.11	0
185.19	0
185.31	0
187.87	0
193.67	0
197.77	0
199.20	0
200.59	0
70.24	0
74.73	0
76.80	0
78.01	0
78.09	0
88.34	0
104.80	0
110.27	0
144.00	0
145.02	0
147.23	0
149.79	0
150.81	0
153.15	0
153.39	0
155.98	0
92.69	0
94.54	0
94.59	0
95.84	0
97.71	0
106.14	0
116.38	0
121.85	0
83.79	1
164.11	0
173.41	0
173.47	0
173.73	0
178.60	0
179.12	0
179.70	0
114.97	0
132.23	0
134.00	0
134.39	0
139.18	0
139.49	0
143.49	0
143.55	0
145.03	0
152.25	0
154.16	0
154.49	0
155.85	0
155.86	0
163.76	0
166.07	0
71.34	0
75.09	0
76.43	0
77.16	0
79.97	0
81.17	0
85.50	0
87.84	0
4.68	1
18.83	1
42.21	0
44.51	1
56.27	1
98.76	1
107.94	0
112.56	0
137.78	1
153.41	1
164.18	0
164.77	0
166.30	0
167.15	0
169.96	0
173.71	0
263.28	0
264.92	0
273.67	0
275.55	0
280.42	0
283.11	0
286.98	0
290.39	0
194.92	0
225.73	0
227.34	0
243.69	0
248.54	0
248.75	0
251.49	0
254.11	0
207.41	0
231.11	0
250.10	0
263.23	0
273.80	0
275.71	0
277.27	0
280.24	0
110.31	0
112.84	0
113.74	0
114.05	0
114.54	0
117.19	0
117.77	0
122.33	0
136.14	0
141.21	0
146.67	0
159.55	0
172.77	0
172.78	0
175.64	0
175.71	0
165.21	0
166.53	0
198.19	0
205.13	0
209.33	0
211.48	0
216.15	0
217.33	0
355.12	0
378.11	0
378.13	0
379.87	0
381.06	0
381.32	0
382.12	0
383.05	0
366.30	0
367.08	0
370.58	0
372.21	0
372.94	0
372.94	0
373.25	0
374.21	0
116.10	1
135.96	0
145.73	0
146.49	0
148.66	0
148.69	0
152.95	0
153.07	0
166.88	0
169.57	0
172.89	0
173.10	0
173.21	0
174.41	0
175.15	0
175.53	0
228.07	0
238.60	0
271.02	0
271.91	0
273.39	0
273.97	0
275.22	0
279.33	0
121.63	1
133.20	1
395.87	0
396.87	0
397.86	0
403.53	0
406.57	0
407.16	0
113.73	0
132.20	0
211.05	0
217.09	0
217.81	0
219.30	0
220.96	0
221.89	0
176.61	0
182.97	0
230.88	1
235.60	0
236.95	0
236.95	0
238.16	0
238.23	0
4.70	1
9.57	1
16.33	1
37.22	0
39.96	1
56.07	1
101.58	0
102.61	1
127.25	0
132.33	0
132.92	0
143.44	0
145.28	0
148.85	0
149.48	0
151.85	0
143.10	0
143.37	0
145.67	0
149.91	0
151.15	0
151.47	0
151.61	0
152.84	0
51.55	1
52.94	1
114.57	1
177.12	0
178.50	0
202.92	0
212.08	0
214.08	0
3.50	1
4.94	1
5.00	1
92.98	0
110.36	0
118.19	0
126.80	0
130.58	0
3.83	1
4.91	1
8.01	1
90.06	0
116.12	0
119.62	0
120.83	0
126.45	0
12.50	1
14.73	1
16.03	1
205.55	0
206.89	0
207.32	0
222.04	0
227.72	0
62.45	0
67.63	0
68.50	0
70.03	0
70.88	0
76.31	0
79.79	0
85.51	0
9.75	1
10.00	1
13.49	1
16.90	1
30.87	0
34.36	1
46.96	1
92.53	0
147.95	1
160.32	1
164.29	0
184.74	1
193.86	0
197.36	1
205.52	0
206.04	0
3.67	1
4.48	1
5.19	1
5.45	1
92.81	0
112.45	0
117.50	0
123.85	0
4.13	1
5.29	1
7.46	1
12.39	1
75.13	0
107.75	0
114.26	0
116.98	0
12.13	1
14.61	1
19.01	1
23.16	1
192.99	0
195.50	0
198.71	0
200.72	0
79.57	1
121.84	0
123.61	0
129.28	0
130.20	0
132.19	0
132.33	0
132.34	0
174.10	0
186.25	0
190.51	0
195.85	0
196.53	0
197.61	0
197.65	0
198.16	0
282.42	0
283.75	0
291.04	0
292.34	0
292.38	0
293.69	0
294.79	0
294.87	0
196.35	0
231.69	0
232.29	0
233.46	0
236.18	0
236.59	0
236.60	0
236.84	0
398.20	0
414.92	0
415.86	0
419.09	0
423.45	0
423.82	0
425.15	0
428.00	0
450.08	0
461.39	0
484.12	0
491.14	0
491.94	0
497.05	0
500.90	0
503.63	0
357.34	0
360.25	0
363.39	0
363.46	0
364.79	0
370.71	0
370.80	0
373.00	0
182.92	0
183.96	0
185.32	0
188.91	0
191.18	0
193.57	0
195.81	0
206.11	0
429.17	0
537.22	0
540.46	0
547.43	0
548.94	0
549.49	0
551.58	0
552.75	0
46.59	1
169.71	0
170.43	0
172.34	0
172.43	0
172.93	0
173.66	0
176.03	0
211.56	0
219.90	0
225.10	0
233.66	0
246.21	0
255.25	1
255.75	0
256.24	0
231.77	0
233.21	0
233.31	0
234.25	0
235.89	0
236.06	0
236.60	0
237.55	0
164.37	1
180.97	0
195.99	0
198.95	0
200.24	0
206.02	0
210.85	0
212.71	0
10.58	1
165.62	0
169.16	0
170.79	0
170.91	0
171.27	0
184.05	0
184.69	0
3.95	1
87.12	0
88.77	0
95.65	0
97.50	0
97.85	0
98.52	0
98.65	0
13.40	1
77.86	1
189.35	0
195.08	0
197.43	0
200.00	0
200.27	0
201.30	0
132.87	0
137.44	0
141.38	1
141.90	0
143.40	0
145.55	1
155.69	0
157.51	0
172.28	0
207.74	0
208.92	0
213.06	0
218.15	0
223.84	0
224.07	0
228.73	0
253.00	0
263.16	0
267.10	0
267.97	0
268.06	0
268.65	0
270.65	0
274.87	0
31.15	1
63.38	0
70.32	0
81.63	0
84.26	0
85.60	0
85.70	0
87.32	0
8.81	1
15.18	1
19.71	1
20.64	1
31.32	1
50.95	1
51.38	0
56.48	1
117.92	0
161.31	0
173.99	0
175.01	0
175.31	0
175.46	0
176.45	0
179.63	0
7.72	1
13.59	1
161.62	0
164.29	0
168.42	0
172.62	0
172.94	0
173.01	0
2.92	1
4.49	1
77.08	0
91.09	0
92.57	0
97.52	0
98.00	0
100.30	0
10.65	1
12.32	1
67.41	1
173.56	0
178.49	0
180.23	0
182.23	0
184.09	0
19.94	1
76.29	1
119.31	0
119.38	0
123.08	0
124.43	0
126.08	0
128.92	0
74.81	1
133.40	0
134.46	0
142.76	0
150.11	0
150.46	0
152.10	0
152.34	0
207.05	0
207.85	0
208.82	0
209.96	0
210.05	0
210.27	0
211.80	0
212.47	0
172.83	0
173.15	0
174.61	0
176.46	0
177.37	0
178.71	0
179.94	0
182.68	0
106.45	0
151.69	0
152.26	0
153.63	0
158.80	0
160.00	0
162.09	0
162.16	0
218.68	1
239.12	0
242.39	0
243.85	0
244.34	0
245.71	0
246.73	0
252.52	0
176.58	0
178.16	0
179.61	0
181.99	0
183.00	0
184.14	0
185.79	0
185.89	0
296.93	0
301.27	0
301.43	0
303.96	0
306.00	0
308.88	0
309.88	0
310.29	0
238.68	0
243.04	0
244.31	0
245.37	0
245.97	0
262.78	0
264.41	0
281.28	0
538.16	0
539.55	0
539.82	0
544.18	0
545.59	0
549.04	0
561.92	0
565.35	0
192.73	0
194.27	0
195.40	0
196.48	0
197.00	0
198.97	0
203.19	0
203.70	0
265.14	0
265.92	0
266.85	0
270.01	0
270.45	0
270.45	0
272.84	0
274.04	0
204.87	0
205.22	0
210.07	0
211.44	0
211.99	0
213.09	0
218.15	0
219.98	0
260.72	0
272.93	0
274.42	0
276.68	0
288.52	0
288.56	0
288.94	0
289.36	0
175.90	0
180.82	0
183.06	0
186.21	0
186.88	0
187.44	0
190.09	0
191.33	0
21.18	1
46.50	1
73.42	0
74.17	0
78.41	0
79.12	0
80.66	0
96.15	0
5.69	1
6.16	1
7.10	1
7.17	1
8.60	1
17.39	1
37.20	0
39.93	1
111.66	0
115.46	0
143.24	0
151.33	0
152.12	0
152.95	0
153.36	0
154.39	0
152.05	0
152.45	0
170.20	0
178.21	0
180.43	0
186.98	0
188.63	0
189.12	0
92.07	1
116.83	0
145.16	0
146.89	0
147.26	0
148.81	0
148.92	0
149.66	0
70.10	1
121.12	0
129.05	1
152.71	0
155.13	0
159.63	0
160.53	0
166.31	0
5.43	1
6.25	1
11.55	1
166.62	0
167.37	0
171.74	0
172.44	0
174.76	0
1.77	1
2.18	1
4.36	1
76.85	0
90.73	0
91.86	0
96.83	0
96.95	0
4.13	1
10.34	1
11.85	1
64.36	1
167.06	0
169.48	0
171.87	0
177.31	0
197.87	0
210.46	0
232.71	0
242.05	0
243.76	0
244.17	0
244.92	0
245.78	0
122.74	0
125.71	0
128.14	0
129.28	0
131.21	0
138.68	0
139.88	0
140.41	0
139.29	0
140.26	1
141.90	0
172.54	0
177.76	0
184.52	0
188.33	1
188.91	0
81.26	1
157.96	0
192.00	0
204.59	0
206.13	0
206.21	0
206.41	0
206.98	0
239.92	1
470.14	0
470.80	0
472.07	0
484.89	0
489.65	0
490.14	0
492.26	0
51.43	1
200.93	0
201.54	0
231.28	0
240.57	0
241.63	0
242.19	0
243.99	0
140.79	0
232.03	0
252.30	0
276.38	0
303.31	0
313.79	0
318.50	0
318.81	0
79.64	1
151.59	0
178.36	0
179.12	0
180.69	0
182.47	0
183.34	0
184.03	0
72.03	1
238.94	0
242.44	0
246.09	0
246.75	0
249.48	0
250.02	0
251.39	0
100.88	0
179.33	0
181.79	0
184.79	0
190.16	0
190.34	0
192.61	0
201.64	0
110.77	0
112.48	0
131.80	0
143.93	0
144.87	0
145.81	0
148.62	0
152.22	0
51.75	1
98.28	1
123.36	1
130.25	0
135.99	0
140.77	0
141.19	0
141.97	0
136.32	0
136.79	0
138.62	0
141.17	0
143.57	0
145.54	0
149.26	0
151.44	0
19.09	1
24.87	1
28.85	1
63.41	0
70.67	0
72.44	0
74.92	0
76.83	0
1.39	1
4.95	1
5.12	1
6.78	1
7.18	1
9.02	1
17.20	1
37.63	0
156.14	0
181.54	0
236.06	0
241.38	0
249.04	0
260.55	0
261.15	0
262.32	0
125.75	0
149.87	0
163.04	0
209.23	0
217.15	0
221.62	0
232.66	0
237.88	0
176.78	0
190.01	0
190.91	0
192.74	0
200.92	0
212.74	0
213.86	0
214.54	0
214.41	0
227.71	0
229.02	0
229.84	0
230.04	0
230.51	0
231.23	0
231.23	0
44.53	0
51.52	0
156.04	0
156.09	0
158.31	0
158.94	0
159.67	0
160.24	0
120.65	1
128.48	1
137.07	0
137.63	0
139.52	0
139.68	0
139.85	0
140.66	0
249.13	0
255.11	0
265.00	0
275.69	0
279.74	0
289.34	0
291.85	0
304.07	0
109.61	1
127.17	1
135.70	1
195.33	0
197.71	1
218.18	0
231.06	0
237.18	1
2.97	1
4.53	1
4.76	1
5.23	1
6.16	1
98.36	0
101.21	0
101.57	0
3.29	1
4.75	1
5.32	1
8.43	1
10.86	1
76.67	0
76.71	0
78.84	0
18.98	1
21.70	1
23.19	1
26.08	1
28.81	1
169.50	0
169.77	0
170.39	0
142.55	0
143.07	0
151.35	1
152.59	1
152.77	1
153.04	1
153.65	1
153.92	1
36.81	1
82.71	1
85.45	0
132.59	0
143.60	1
167.28	0
170.17	0
171.50	0
4.13	1
6.82	1
7.45	1
11.57	1
168.62	0
171.59	0
175.52	0
176.46	0
2.78	1
3.00	1
3.10	1
6.10	1
75.68	0
90.53	0
90.74	0
98.56	0
5.96	1
6.06	1
9.64	1
11.35	1
68.37	1
173.60	0
173.93	0
176.07	0
59.44	0
187.44	0
208.10	0
212.56	0
213.12	0
242.78	0
244.93	0
246.08	0
48.29	1
228.23	0
233.33	0
240.10	0
242.16	0
242.41	0
244.17	0
246.35	0
2.98	1
126.68	0
127.03	0
129.23	0
132.01	0
134.47	0
139.12	0
141.65	0
12.16	1
76.69	0
137.35	1
142.98	0
144.88	0
145.09	1
162.55	0
174.45	0
24.73	1
81.63	0
87.52	1
162.45	0
165.28	0
186.31	0
186.56	0
190.01	0
20.25	1
243.62	1
474.76	0
476.69	0
477.71	0
479.85	0
485.16	0
490.24	0
7.71	1
50.10	1
194.72	0
198.61	0
230.00	0
237.36	0
238.38	0
238.50	0
22.88	0
120.71	1
167.07	0
207.11	0
209.77	0
227.32	0
242.36	0
262.56	0
23.77	1
87.06	1
142.42	0
165.68	0
176.68	0
183.65	0
184.60	0
185.24	0
5.05	1
73.17	1
219.02	0
235.72	0
238.44	0
239.45	0
240.44	0
243.31	0
3.74	1
106.53	0
179.16	0
182.11	0
185.04	0
187.34	0
188.88	0
191.53	0
12.23	1
118.96	0
121.40	0
122.82	0
131.98	0
149.03	0
149.37	0
150.65	0
30.29	1
64.48	1
114.23	1
119.60	1
125.37	0
126.14	1
130.34	0
134.74	0
141.80	0
198.39	0
199.22	0
200.10	0
200.32	0
212.18	0
212.42	0
212.48	0
266.78	0
266.90	0
267.55	0
277.17	0
279.50	0
280.29	0
281.20	0
282.87	0
178.74	0
179.17	0
179.52	0
180.32	0
180.37	0
181.61	0
182.94	0
183.29	0
136.37	0
156.42	0
158.93	0
160.18	0
161.92	0
165.87	0
167.38	0
172.51	0
7.51	1
18.02	1
27.17	1
27.48	1
71.81	0
71.86	0
77.42	0
78.89	0
4.19	1
4.72	1
5.71	1
5.99	1
10.58	1
14.54	1
16.34	1
25.05	1
146.03	1
178.43	0
223.93	0
224.40	0
227.30	0
227.91	0
228.18	0
228.24	0
215.57	0
262.12	0
271.56	0
284.11	0
286.34	0
287.04	0
288.64	0
295.13	0
157.45	1
192.10	0
205.42	1
220.78	1
240.41	1
241.31	0
247.44	0
251.26	1
80.17	0
178.97	0
200.03	0
229.98	0
239.27	0
243.29	0
246.64	0
248.83	0
234.39	0
270.26	0
270.44	0
273.74	0
273.87	0
278.72	0
280.54	0
284.81	0
289.82	0
290.35	0
290.38	0
290.82	0
291.07	0
293.46	0
293.84	0
293.95	0
414.86	0
424.22	0
424.28	0
425.85	0
426.91	0
427.45	0
429.04	0
430.14	0
158.65	1
164.04	0
164.84	1
164.95	1
165.00	1
166.47	1
166.67	1
167.36	1
178.78	0
193.64	0
208.98	0
209.39	0
209.85	0
210.51	0
211.25	0
211.82	0
145.14	1
168.12	1
179.26	1
209.04	0
209.85	0
212.05	0
220.62	0
220.89	1
134.97	0
138.24	0
155.25	0
160.37	0
161.60	0
161.75	0
171.68	0
173.18	0
159.77	0
162.11	0
162.53	0
164.40	0
164.46	0
164.73	0
165.68	0
165.98	0
276.25	0
276.59	0
277.29	0
277.71	0
277.95	0
278.79	0
280.08	0
281.40	0
172.97	0
178.00	0
182.40	0
186.08	0
186.80	0
188.60	0
189.08	0
195.32	0
271.22	0
271.56	0
275.30	0
276.01	0
277.81	0
279.31	0
280.21	0
280.59	0
183.56	0
184.53	0
185.59	0
186.27	0
189.53	0
191.53	0
194.57	0
196.66	0
75.80	1
78.44	1
82.78	1
92.80	1
103.08	1
124.44	0
127.59	0
132.30	0
1.87	1
2.86	1
4.34	1
4.84	1
6.51	1
6.65	1
8.00	1
13.15	1
17.75	1
147.29	1
161.84	1
162.65	0
169.71	0
179.89	1
192.55	0
193.08	1
1.60	1
4.13	1
4.46	1
5.02	1
5.89	1
7.03	1
92.23	0
95.23	0
1.97	1
4.56	1
4.66	1
5.52	1
8.24	1
15.82	1
82.28	0
83.06	0
9.22	1
13.54	1
18.21	1
18.28	1
18.85	1
24.77	1
189.25	0
191.15	0
46.55	1
58.14	1
124.95	1
144.71	0
147.31	0
148.44	0
151.42	0
153.94	0
137.11	0
187.51	0
192.14	0
211.02	0
220.09	0
222.09	0
235.79	0
237.87	0
106.84	0
130.58	0
145.73	0
149.77	0
152.47	0
155.67	0
161.56	0
161.66	0
243.11	0
244.41	0
246.68	0
248.18	0
249.50	0
252.37	0
256.16	0
256.78	0
181.36	0
203.72	1
225.54	1
229.54	0
249.86	1
260.15	1
262.11	0
262.35	0
225.50	0
254.35	0
290.95	0
319.01	0
320.60	0
321.19	0
323.69	0
326.47	0
275.85	0
299.60	0
305.17	0
309.80	0
310.70	0
311.38	0
311.39	0
318.61	0
187.82	0
218.34	0
223.08	0
227.38	0
230.38	0
231.45	0
231.65	0
231.76	0
88.14	0
96.07	0
98.21	0
99.35	0
100.62	0
100.77	0
101.85	0
103.44	0
143.54	0
157.50	0
168.17	0
172.56	0
174.42	0
175.75	0
176.27	0
177.59	0
96.71	0
100.41	0
101.04	0
102.07	0
106.22	0
107.77	0
109.98	0
110.82	0
143.48	0
145.92	0
147.08	0
151.27	0
151.53	0
152.80	0
153.27	0
154.05	0
64.00	1
64.57	0
82.15	0
87.02	0
91.40	0
92.33	0
92.57	0
92.89	0
226.47	0
229.76	0
236.17	0
240.54	0
246.24	0
246.53	0
247.48	0
248.35	0
178.24	0
179.17	0
180.84	0
188.56	0
191.02	0
199.34	0
199.90	0
199.99	0
261.42	0
269.75	0
275.26	0
278.89	0
280.54	0
282.19	0
284.00	0
284.33	0
201.12	0
207.52	0
208.96	0
210.52	0
211.74	0
220.50	0
225.17	0
225.58	0
292.10	0
294.01	0
297.02	0
299.35	0
307.60	0
307.92	0
307.95	0
308.92	0
341.10	0
395.93	0
397.34	0
397.51	0
399.97	0
405.43	0
406.84	0
407.15	0
191.43	0
209.92	0
210.04	0
213.40	0
213.68	0
215.03	0
216.89	0
217.71	0
209.85	0
230.30	0
231.32	0
233.94	0
238.85	0
241.26	0
243.33	0
245.70	0
52.67	0
57.58	0
63.21	0
72.80	0
73.74	0
78.96	0
81.06	0
81.79	0
122.83	0
130.13	0
143.13	0
145.79	0
146.69	0
148.00	0
149.20	0
149.24	0
179.71	0
182.33	0
183.03	0
184.36	0
184.65	0
189.88	0
191.31	0
191.58	0
8.19	1
11.91	1
44.73	0
47.05	0
48.13	0
52.93	0
55.39	0
67.04	0
36.31	1
38.19	1
39.93	1
41.33	1
47.33	1
90.83	0
95.78	0
97.94	0
2.88	1
5.85	1
9.70	1
9.90	1
10.70	1
13.82	1
16.02	1
19.81	1
127.45	0
138.57	0
163.28	0
165.03	0
166.44	0
170.05	0
171.45	0
171.85	0
90.93	0
91.51	0
96.37	0
106.53	0
108.65	0
108.75	0
112.17	0
115.59	0
95.87	0
131.83	0
134.56	0
135.66	0
137.29	0
140.54	0
141.40	0
142.64	0
135.80	1
154.10	0
164.99	0
169.66	0
175.43	0
178.08	0
178.73	0
186.56	0
87.35	1
167.13	0
172.36	0
178.53	0
183.22	0
185.08	0
188.37	0
190.62	0
24.37	1
103.63	0
107.63	0
111.55	0
133.23	0
136.57	0
141.33	0
144.99	0
96.82	0
214.12	0
217.65	0
221.26	0
222.49	0
224.53	0
226.44	0
227.00	0
90.50	1
149.82	0
185.21	0
189.97	0
200.18	0
202.73	0
207.67	0
212.33	0
21.19	1
132.93	0
134.94	0
135.75	0
136.15	0
137.66	0
139.86	0
140.72	0
65.62	1
223.64	0
223.96	0
224.55	0
224.75	0
224.82	0
225.57	0
226.76	0
149.24	0
171.67	0
177.47	0
180.18	0
181.71	0
181.86	0
192.41	0
202.29	0
51.97	1
187.23	0
190.36	0
190.86	0
196.20	0
201.97	0
210.55	0
212.63	0
11.24	1
90.23	0
100.91	0
102.83	0
103.51	0
104.81	0
106.08	0
108.89	0
238.07	0
292.08	0
293.19	0
293.87	0
295.65	0
295.70	0
296.55	0
297.83	0
65.87	0
104.31	0
118.07	0
121.91	0
124.60	0
124.71	0
125.56	0
125.90	0
145.33	0
176.32	0
185.56	0
186.96	0
187.38	0
192.46	0
193.15	0
195.59	0
324.84	0
329.13	0
330.40	0
333.04	0
333.72	0
338.26	0
340.87	0
342.02	0
335.01	0
347.57	0
347.78	0
349.58	0
350.75	0
352.48	0
354.74	0
355.76	0
186.11	0
186.52	0
187.22	0
191.59	0
191.73	0
193.80	0
201.05	0
202.89	0
99.15	0
100.84	1
101.29	1
102.15	1
102.47	1
103.31	1
103.79	1
104.48	1
122.96	0
122.97	0
138.89	0
139.06	0
140.88	0
141.18	0
143.45	0
146.18	0
28.14	1
82.83	0
90.80	0
91.27	0
92.93	0
95.15	0
96.06	0
97.93	0
229.52	0
234.65	0
236.02	0
238.51	0
240.41	0
241.97	0
242.58	0
242.95	0
189.05	0
190.01	0
190.76	0
190.87	0
193.87	0
194.52	0
199.45	0
200.71	0
18.81	1
19.51	1
22.30	1
22.31	1
22.41	1
22.70	1
22.77	1
23.34	1
168.07	0
169.15	0
170.95	0
171.68	0
173.30	0
175.73	0
176.27	0
178.13	0
286.77	0
294.03	0
294.84	0
294.93	0
296.30	0
297.98	0
300.39	0
302.59	0
20.37	1
22.31	1
23.22	1
23.76	1
24.03	1
24.43	1
24.60	1
24.62	1
198.50	0
200.05	0
200.23	0
202.43	0
202.99	0
205.50	0
206.21	0
207.72	0
15.07	1
16.16	1
16.18	1
17.08	1
17.21	1
18.96	1
19.77	1
20.15	1
161.53	0
164.12	0
167.88	0
168.83	0
169.93	0
170.17	0
170.32	0
174.07	0
27.71	1
41.55	0
48.37	1
51.56	0
56.59	0
56.83	0
56.87	0
57.22	0
191.35	0
191.68	0
191.78	0
192.43	0
194.02	0
194.02	0
195.51	0
198.60	0
198.05	0
198.32	0
200.31	0
200.58	0
202.34	0
205.15	0
207.69	0
209.73	0
203.27	0
210.00	0
211.08	0
212.83	0
213.05	0
213.14	0
213.79	0
219.71	0
20.32	1
20.43	1
21.57	1
21.70	1
31.10	1
33.40	1
61.42	0
65.09	0
4.74	1
7.10	1
7.52	1
10.42	1
10.58	1
12.62	1
13.54	1
16.38	1
21.42	1
24.41	1
153.80	1
157.83	0
174.60	1
175.73	0
181.05	0
183.64	1
0.65	1
1.30	1
3.60	1
4.38	1
4.85	1
5.32	1
6.18	1
92.19	0
0.63	1
1.61	1
3.59	1
3.89	1
4.44	1
6.50	1
13.37	1
83.87	0
2.76	1
7.07	1
11.57	1
14.24	1
16.06	1
18.17	1
20.32	1
188.26	0
126.43	1
174.32	1
175.92	1
203.04	0
229.08	0
230.00	0
233.49	0
237.02	0
125.11	1
184.50	1
228.22	0
228.99	0
248.21	0
252.71	0
274.56	0
280.43	0
22.09	1
27.30	1
101.88	0
102.91	0
108.43	0
114.01	0
118.62	0
132.83	0
108.76	0
146.64	0
215.74	0
255.38	0
275.86	0
277.05	0
277.79	0
277.87	0
142.11	0
145.57	0
145.75	0
146.70	0
146.78	0
148.66	0
149.10	0
156.68	0
114.43	0
163.90	0
171.54	1
177.92	0
181.04	0
192.75	0
199.51	0
216.13	0
58.38	1
63.13	0
64.68	0
65.86	1
68.54	0
74.66	1
74.90	1
78.87	1
95.36	1
109.53	1
122.22	1
122.48	0
124.87	0
127.69	0
128.07	0
130.21	0
183.59	0
184.22	0
184.91	0
186.12	0
191.87	0
194.42	0
197.42	0
197.52	0
212.28	0
212.57	0
214.30	0
223.97	0
224.43	0
225.41	0
225.97	0
228.14	0
118.40	0
121.95	0
126.41	0
131.89	0
133.12	0
135.59	0
137.61	0
140.31	0
127.31	0
138.65	0
146.92	0
150.20	0
151.08	0
151.27	0
151.61	0
153.50	0
237.08	0
242.39	0
264.59	0
268.76	0
295.22	0
295.73	0
297.06	0
297.43	0
196.02	1
211.40	1
212.07	1
212.91	0
215.99	0
232.47	0
232.66	0
234.20	0
223.25	0
223.99	0
225.00	0
225.01	0
225.64	0
229.00	0
230.82	0
231.02	0
77.10	0
78.28	0
81.97	0
82.69	0
82.82	0
84.58	0
85.12	0
87.18	0
150.19	1
195.70	0
209.92	0
213.00	0
219.74	0
223.47	0
228.62	0
229.12	0
60.30	0
74.93	0
82.08	0
170.33	0
172.67	0
172.82	0
173.46	0
174.52	0
146.26	0
147.31	0
148.60	0
151.81	0
152.19	0
153.64	0
157.19	0
159.85	0
198.41	0
198.75	0
198.77	0
199.71	0
201.10	0
202.39	0
213.38	0
214.79	0
189.32	0
192.40	0
192.53	0
192.87	0
195.64	0
196.66	0
198.97	0
201.09	0
13.74	1
15.31	1
18.37	1
19.08	1
23.45	1
33.35	1
40.71	1
57.81	0
1.77	1
2.25	1
2.83	1
4.11	1
4.17	1
4.34	1
6.91	1
7.62	1
21.07	1
26.67	1
30.63	1
132.16	1
163.05	1
171.42	0
171.44	0
172.53	0
1.26	1
1.28	1
1.56	1
2.33	1
4.20	1
5.44	1
5.52	1
6.13	1
1.90	1
1.96	1
2.20	1
2.71	1
4.58	1
5.26	1
5.29	1
9.98	1
7.19	1
9.72	1
11.15	1
11.27	1
12.82	1
14.11	1
18.69	1
29.72	1
18.63	1
19.64	1
49.55	1
65.41	1
82.24	0
105.91	0
107.66	0
111.41	0
68.61	1
92.76	1
160.07	0
160.23	0
163.66	0
166.08	0
169.82	0
170.56	0
162.55	0
162.59	0
165.46	0
166.50	0
167.33	0
169.23	0
169.51	0
171.84	0
168.36	0
170.23	0
171.73	0
172.26	0
172.48	0
172.64	0
174.31	0
174.77	0
244.32	0
247.93	0
250.45	0
252.06	0
252.24	0
252.73	0
252.95	0
252.95	0
256.33	0
268.70	0
274.11	0
275.96	1
284.32	0
292.43	0
296.35	0
296.46	0
59.36	1
59.53	1
61.28	1
64.34	1
66.72	1
66.98	1
68.15	1
88.16	1
60.78	0
63.92	0
64.33	0
66.53	0
67.51	0
68.86	0
69.68	0
70.90	0
22.11	1
24.07	1
24.17	1
25.78	1
27.88	1
28.16	1
28.75	1
32.07	1
47.54	1
114.22	0
115.78	0
117.39	0
119.10	0
128.24	0
132.31	0
139.31	0
33.40	1
159.19	0
163.51	0
164.93	0
169.66	0
173.25	0
176.79	0
178.31	0
84.24	1
107.14	1
118.41	0
120.08	0
139.26	0
139.40	0
152.28	0
161.23	0
52.49	1
57.15	1
70.56	1
107.97	1
124.23	0
130.79	1
157.41	0
163.13	0
3.33	1
4.10	1
4.43	1
5.08	1
5.09	1
5.22	1
6.17	1
6.36	1
6.44	1
6.90	1
6.99	1
7.26	1
7.59	1
9.56	1
9.71	1
9.84	1
13.88	1
15.12	1
15.81	1
16.21	1
16.53	1
16.66	1
17.04	1
17.08	1
116.36	1
120.82	1
128.87	1
144.38	1
166.30	0
189.15	1
197.64	0
201.47	0
163.58	0
173.64	0
201.10	0
201.83	0
202.30	0
203.07	0
205.17	0
206.23	0
78.29	1
80.69	1
90.39	0
91.40	0
91.95	0
92.86	1
95.56	0
96.13	0
151.35	1
158.35	1
170.15	1
183.96	0
194.09	0
194.26	0
196.30	0
198.65	0
159.46	1
233.37	0
238.07	0
238.82	0
240.14	0
245.66	0
246.31	0
246.53	0
218.85	0
219.81	0
253.19	0
257.28	0
258.19	0
262.46	0
262.96	0
264.55	0
151.56	1
190.58	1
229.20	0
240.87	0
242.78	0
248.78	0
252.72	0
256.30	0
170.63	0
183.80	0
183.95	0
184.11	0
184.28	0
184.36	0
185.71	0
186.00	0
259.32	0
260.25	0
262.54	0
266.57	0
271.74	0
275.35	0
275.81	0
276.47	0
196.93	0
221.73	0
223.67	0
225.58	0
230.00	0
231.97	0
233.06	0
234.37	0
109.17	0
134.55	0
144.34	0
148.72	0
149.66	0
149.88	0
152.48	0
153.36	0
74.73	1
92.52	0
103.15	0
109.57	0
113.80	0
117.79	0
118.63	0
119.27	0
20.09	1
52.89	1
55.57	1
63.17	1
95.51	0
95.55	1
108.01	0
113.37	0
26.10	1
91.00	0
92.78	0
98.15	1
100.71	1
105.29	0
113.26	0
114.18	0
16.08	1
83.51	0
110.41	1
116.13	0
116.22	0
116.23	0
118.02	0
121.07	0
47.16	1
81.26	0
81.65	0
82.63	0
83.82	0
84.13	0
84.66	0
85.51	0
86.57	0
94.50	0
99.91	0
119.51	0
125.20	0
125.97	0
128.56	0
129.46	0
4.99	1
10.79	1
10.81	1
47.21	0
50.04	0
51.43	0
57.28	0
58.37	0
137.00	0
144.96	0
154.39	0
155.97	0
158.28	0
158.84	0
159.00	0
159.29	0
193.11	0
202.50	0
203.64	0
210.56	0
215.05	0
217.47	0
217.48	0
219.73	0
128.36	0
135.67	0
147.87	0
153.25	0
153.42	0
154.85	0
155.15	0
158.18	0
61.91	1
62.12	1
64.72	1
65.46	1
68.52	1
76.53	1
158.56	0
170.24	0
217.74	1
220.46	0
221.00	0
222.42	0
223.75	0
224.18	0
226.51	0
227.52	0
31.18	1
52.18	1
57.35	0
83.67	0
139.42	0
140.69	0
141.07	0
143.15	0
38.73	1
43.21	1
46.78	1
47.78	0
50.08	1
50.17	1
50.55	1
57.00	1
13.74	1
13.77	1
14.16	1
15.41	1
16.09	1
17.61	1
19.96	1
21.78	1
67.28	0
132.29	0
132.69	0
134.63	0
141.26	0
141.73	0
143.66	0
145.17	0
168.11	0
175.24	0
176.48	0
176.87	0
200.61	0
201.09	0
204.62	0
205.46	0
47.29	1
65.66	1
80.92	1
83.17	1
120.37	0
144.11	1
154.28	1
159.54	1
1.02	1
2.68	1
3.04	1
3.62	1
3.75	1
4.22	1
4.97	1
5.09	1
1.27	1
2.38	1
3.18	1
3.43	1
3.99	1
4.22	1
4.26	1
5.96	1
9.14	1
11.20	1
14.04	1
14.89	1
15.20	1
16.15	1
18.34	1
18.45	1
235.79	0
244.20	0
252.22	0
255.70	0
257.25	0
257.61	0
257.87	0
257.90	0
31.97	1
58.48	0
62.51	0
67.98	0
71.30	0
72.23	0
75.00	0
75.21	0
1.71	1
6.66	1
7.30	1
7.96	1
8.61	1
9.67	1
9.73	1
13.31	1
266.04	0
285.33	0
290.69	0
307.96	0
308.54	0
313.72	0
320.13	0
321.05	0
73.43	0
75.10	0
76.03	0
76.15	0
77.69	0
78.66	0
79.01	0
79.83	0
189.59	0
209.28	0
211.51	0
215.20	0
215.62	0
215.85	0
216.50	0
219.73	0
176.68	0
177.79	0
224.55	0
227.27	0
234.23	0
234.76	0
234.78	0
234.99	0
147.51	0
170.98	0
181.31	0
185.33	0
193.06	0
202.94	0
204.52	0
210.70	0
2.94	1
3.42	1
3.92	1
4.28	1
4.46	1
5.10	1
5.14	1
5.40	1
3.19	1
3.35	1
4.14	1
4.96	1
5.37	1
5.89	1
6.84	1
6.85	1
7.77	1
11.89	1
14.09	1
15.15	1
15.89	1
16.70	1
18.10	1
19.29	1
277.27	1
287.14	0
290.79	0
291.77	0
292.51	0
297.30	0
300.31	0
300.33	0
125.57	1
128.25	1
130.38	0
151.35	1
152.98	1
162.45	1
166.32	1
183.48	0
225.63	0
233.03	0
236.32	0
258.03	0
265.25	0
271.68	0
273.08	0
279.44	0
304.30	0
309.38	0
318.31	0
318.88	0
319.79	0
321.74	0
327.60	0
333.67	0
141.90	1
160.31	0
201.73	1
300.17	0
301.80	0
302.86	0
302.97	0
306.02	0
257.26	0
281.13	0
290.62	0
301.84	0
310.56	0
317.37	0
320.73	0
321.21	0
261.78	0
268.82	0
269.43	0
270.06	0
270.79	0
271.29	0
272.22	0
273.02	0
121.56	0
122.06	0
132.54	0
133.50	0
139.73	1
141.99	0
142.47	0
144.60	0
192.63	1
214.53	0
243.28	0
252.93	1
258.53	0
264.97	0
265.51	0
275.56	1
239.51	0
245.74	0
249.12	0
256.64	0
262.26	0
263.20	0
264.79	0
265.03	0
264.10	0
264.94	0
264.99	0
265.50	0
266.88	0
268.12	0
268.14	0
268.74	0
153.70	0
154.78	0
155.28	0
157.05	0
157.20	0
157.93	0
158.32	0
158.37	0
188.32	1
188.93	0
190.19	0
201.22	0
213.89	0
218.34	0
248.26	0
250.60	0
122.84	0
131.90	0
135.86	0
136.02	0
136.28	0
138.01	0
141.15	0
142.18	0
168.87	0
175.55	0
178.49	0
179.68	0
180.91	0
184.38	0
184.60	0
185.09	0
100.98	0
101.21	0
105.85	0
106.62	0
106.80	0
109.09	0
109.18	0
110.17	0
92.27	0
92.69	0
94.23	0
95.16	0
98.50	0
100.16	0
108.49	0
108.81	0
21.23	1
21.30	1
22.05	1
23.26	1
26.00	1
29.36	1
36.55	1
39.31	1
2.76	1
4.38	1
5.13	1
5.54	1
5.79	1
6.26	1
6.38	1
9.35	1
115.53	0
133.09	1
145.01	1
160.12	0
173.43	0
175.93	0
193.07	1
201.48	0
210.57	0
215.83	0
216.22	0
219.76	0
220.20	0
225.58	1
230.06	0
233.89	1
157.83	1
174.91	1
186.95	1
193.76	0
201.94	1
211.45	0
225.86	0
233.33	0
221.42	1
235.26	0
235.34	0
236.10	0
246.18	0
257.14	0
259.41	0
260.90	0
195.77	0
217.76	0
227.15	0
227.17	0
230.76	0
234.00	0
236.31	0
238.61	0
125.21	0
150.13	0
166.26	0
171.87	0
173.84	0
174.79	0
177.01	0
177.82	0
165.48	0
177.70	1
183.65	0
184.60	1
190.14	0
192.79	0
194.89	0
197.13	0
91.65	0
100.50	0
132.34	0
132.82	0
135.87	0
136.87	0
138.18	0
140.51	0
104.02	1
115.00	1
131.95	1
155.28	0
155.91	0
156.21	0
156.89	0
157.61	0
191.06	1
197.28	0
198.23	1
201.50	1
204.73	0
211.57	0
213.13	1
215.96	0
166.74	0
176.76	0
177.26	1
177.88	0
178.41	0
180.17	1
182.74	0
184.55	0
164.99	1
221.06	0
228.68	0
231.79	0
232.32	0
235.79	0
237.73	0
239.92	0
151.74	0
152.27	0
155.57	0
156.04	0
160.12	0
160.59	0
161.24	0
161.59	0
97.58	0
105.21	0
130.68	0
131.34	0
132.27	0
140.03	0
144.90	0
146.29	0
92.37	0
109.69	1
111.47	1
112.15	1
112.71	1
113.17	1
114.78	1
115.21	1
156.81	0
159.44	0
162.11	0
168.77	0
169.97	0
170.87	0
176.58	0
178.72	0
172.37	0
179.96	1
182.84	0
182.98	0
186.99	1
205.28	0
205.46	0
207.87	0
127.97	0
131.54	0
135.42	0
148.34	0
155.87	0
158.66	0
164.60	0
167.94	0
156.69	0
158.64	0
159.29	0
165.88	0
168.55	0
170.23	0
174.95	0
176.04	0
110.19	1
162.45	0
163.10	0
164.27	0
165.42	0
165.46	0
165.57	0
166.01	0
18.33	1
20.20	1
20.34	1
21.74	1
65.63	0
65.73	0
66.17	0
66.25	0
253.88	0
276.21	0
276.71	0
279.81	0
282.56	0
284.80	0
288.02	0
288.80	0
258.20	0
264.71	0
266.16	0
274.02	0
274.35	0
274.35	0
274.42	0
275.42	0
145.74	1
181.32	0
185.23	1
186.55	0
189.24	0
189.55	1
190.41	0
192.64	0
152.65	1
168.21	1
221.83	1
240.76	0
243.73	0
245.77	0
251.18	0
256.04	0
120.59	0
121.37	0
128.75	0
130.06	0
130.70	0
139.80	0
145.75	0
146.05	0
163.90	0
167.08	1
174.38	0
177.87	0
189.26	1
191.11	0
191.12	0
196.78	0
180.46	0
181.30	0
185.48	0
186.18	0
188.25	0
191.18	0
191.67	0
196.14	0
35.96	0
75.80	1
84.40	0
85.76	0
87.36	0
88.22	0
88.65	0
90.70	0
168.16	0
214.97	0
227.99	0
236.61	0
257.64	0
259.61	0
263.96	0
271.50	0
129.91	0
130.18	0
132.56	0
135.13	0
135.24	0
138.21	0
138.69	0
142.80	0
150.12	0
150.73	0
170.34	0
182.97	0
207.66	1
218.02	0
219.62	0
223.09	0
131.96	0
149.76	1
213.92	0
221.81	0
231.26	0
245.40	0
261.94	0
311.01	0
69.70	1
207.83	1
241.07	0
246.94	0
254.68	1
260.99	0
265.29	0
269.80	0
23.12	1
39.60	1
131.90	0
197.87	0
198.47	0
199.45	0
205.43	0
205.99	0
128.85	0
142.00	0
165.31	0
171.11	0
176.88	0
179.22	0
180.61	0
183.20	0
172.60	0
174.89	0
180.77	0
181.39	0
185.56	0
187.97	0
195.56	0
196.84	0
121.11	1
173.73	0
190.51	1
194.05	0
211.16	0
217.19	0
218.64	0
219.39	0
134.26	0
202.03	0
202.68	0
205.38	0
221.98	0
226.39	0
230.59	0
235.75	0
149.31	0
162.05	0
164.32	0
164.74	0
166.51	0
167.81	0
167.97	0
168.13	0
41.87	1
68.63	1
116.84	0
119.12	0
120.50	0
125.48	0
125.61	0
130.33	0
128.57	0
151.43	0
153.87	0
161.97	0
170.77	0
172.27	0
172.60	0
174.18	0
161.37	0
172.11	0
173.79	0
175.01	0
175.33	0
178.74	0
180.33	0
180.81	0
21.56	1
62.34	0
64.91	0
73.29	0
78.24	1
78.99	0
86.87	0
87.24	0
21.99	1
127.99	0
134.27	0
138.15	0
144.97	0
146.62	0
147.55	0
148.56	0
11.08	1
28.13	1
79.09	1
84.22	0
84.37	0
84.43	0
85.42	0
85.51	0
83.85	1
98.23	1
110.25	1
130.57	0
134.33	0
142.32	0
142.86	0
152.78	0
101.57	0
109.20	0
112.00	0
121.97	0
125.26	0
129.00	0
129.10	0
134.22	1
87.42	0
108.33	0
114.82	0
127.16	0
131.65	0
139.70	0
142.57	0
143.51	0
98.97	0
104.81	0
144.15	0
144.84	0
150.09	0
150.16	0
150.48	0
155.87	0
55.75	1
71.26	1
82.65	0
92.38	0
97.52	0
101.14	0
101.48	0
101.70	0
137.01	0
156.54	0
171.07	1
173.71	0
177.24	1
180.85	0
184.81	1
186.03	1
146.05	0
146.89	0
152.40	0
152.66	0
154.92	0
154.94	0
156.19	0
159.03	0
180.75	0
185.50	0
187.06	0
213.10	0
215.37	0
216.33	0
216.35	0
218.11	0
129.19	1
145.10	1
147.87	0
152.41	0
153.06	0
153.09	0
154.69	0
155.90	0
28.02	1
31.05	1
116.19	0
117.72	0
124.24	0
124.44	0
125.25	0
126.37	0
83.55	1
84.56	1
84.78	1
85.37	1
88.07	1
89.43	1
89.85	1
90.69	1
121.84	0
122.75	0
123.15	0
123.32	0
123.50	0
124.36	0
124.82	0
125.12	1
131.80	0
153.45	0
169.40	0
169.45	1
182.00	0
195.33	0
198.61	1
199.06	0
122.20	0
124.97	0
129.74	0
140.56	0
144.58	0
146.42	0
152.85	0
154.57	0
151.38	0
153.62	0
153.84	0
158.31	0
161.06	0
162.09	0
162.33	0
164.71	0
76.45	1
90.73	0
94.86	0
144.88	0
146.34	0
148.16	0
148.61	0
150.03	0
2.58	1
5.89	1
7.20	1
7.44	1
7.47	1
7.48	1
8.93	1
9.64	1
22.24	1
105.15	0
108.34	0
115.56	0
129.79	0
139.76	0
150.37	0
161.13	0
2.22	1
4.88	1
5.88	1
5.92	1
6.96	1
7.28	1
7.44	1
8.33	1
20.56	1
53.13	0
89.53	0
99.05	0
116.33	0
131.81	0
136.45	0
143.30	0
5.98	1
153.57	0
164.46	0
169.77	0
201.91	0
203.36	0
204.20	0
204.50	0
4.21	1
4.62	1
6.21	1
8.42	1
8.44	1
8.58	1
9.04	1
9.83	1
34.10	1
40.05	0
66.87	0
93.23	0
105.45	0
107.18	0
122.99	0
142.43	0
7.82	1
167.52	0
178.30	0
191.58	0
194.40	0
220.18	0
220.70	0
222.41	0
2.71	1
5.25	1
6.19	1
7.58	1
7.67	1
7.74	1
8.10	1
9.34	1
17.37	1
70.16	0
79.54	0
88.50	0
131.08	0
138.87	0
141.30	0
148.36	0
4.54	1
10.40	1
10.48	1
10.61	1
11.40	1
11.60	1
11.64	1
12.43	1
15.79	1
76.08	0
86.62	0
115.67	0
125.48	0
130.80	0
134.87	0
137.74	0
1.92	1
4.54	1
4.88	1
5.55	1
5.90	1
6.84	1
7.03	1
7.24	1
15.25	1
33.21	0
105.34	0
118.17	0
132.09	0
133.87	0
135.97	0
135.99	0
3.36	1
8.84	1
9.06	1
9.20	1
10.09	1
11.49	1
11.58	1
12.61	1
7.57	1
58.24	0
98.57	0
115.18	0
120.31	0
129.49	0
129.49	0
132.51	0
1.61	1
4.84	1
5.15	1
5.67	1
5.73	1
6.07	1
7.47	1
9.09	1
6.84	1
67.81	0
114.40	0
124.11	0
127.11	0
130.60	0
132.47	0
134.16	0
6.00	1
166.96	0
170.87	0
184.97	0
192.54	0
193.75	0
194.76	0
197.30	0
1.86	1
4.93	1
5.30	1
5.70	1
7.01	1
8.52	1
9.10	1
9.69	1
6.67	1
72.39	0
97.82	0
109.30	0
111.45	0
111.62	0
112.23	0
115.63	0
7.88	1
184.22	0
209.71	0
214.37	0
219.81	0
220.03	0
220.54	0
222.59	0
4.52	1
148.31	0
156.75	0
176.71	0
183.10	0
195.39	0
197.81	0
198.57	0
1.47	1
3.81	1
4.38	1
5.43	1
5.76	1
6.39	1
6.39	1
7.03	1
12.17	1
81.60	0
106.97	1
129.54	0
136.06	1
137.04	0
141.27	1
151.68	0
7.18	1
90.14	0
98.24	0
146.64	0
152.10	0
154.09	0
158.05	0
158.70	0
1.92	1
3.91	1
5.16	1
6.75	1
6.94	1
7.14	1
7.29	1
7.42	1
8.99	1
78.68	0
118.39	0
123.86	0
127.97	0
130.59	0
133.47	0
136.39	0
1.66	1
4.21	1
5.06	1
5.08	1
5.37	1
6.58	1
7.68	1
7.69	1
7.09	1
79.60	0
83.46	0
103.02	0
119.81	0
130.56	0
131.81	0
132.04	0
2.65	1
3.64	1
7.51	1
7.61	1
8.06	1
8.24	1
8.42	1
8.97	1
8.03	1
72.42	0
130.07	0
131.06	0
131.88	0
140.66	0
140.87	0
144.77	0
2.20	1
5.65	1
7.05	1
7.91	1
9.06	1
9.24	1
10.06	1
10.25	1
9.00	1
111.91	0
125.09	0
127.05	0
131.84	0
147.86	0
153.97	0
155.60	0
3.95	1
142.33	0
173.67	0
179.84	0
180.79	0
188.47	0
188.60	0
188.63	0
2.92	1
141.24	0
152.87	0
182.13	0
182.60	0
183.18	0
184.45	0
184.87	0
2.12	1
6.63	1
9.55	1
10.14	1
10.92	1
11.07	1
12.51	1
12.62	1
7.54	1
113.41	0
116.77	0
120.40	0
124.07	0
126.69	0
129.00	0
129.22	0
7.38	1
24.08	1
26.93	0
33.50	0
36.43	0
42.77	0
43.50	0
44.50	0
8.88	1
77.26	1
83.35	0
86.83	1
107.26	1
111.77	1
115.42	1
117.76	1
7.16	1
70.63	0
101.97	0
116.64	0
117.76	0
118.00	0
131.73	0
133.95	0
2.62	1
126.51	0
145.84	0
151.37	0
153.77	0
155.29	0
155.41	0
156.50	0
17.81	1
24.31	1
24.43	1
28.09	1
44.09	0
55.08	0
56.89	0
57.26	0
16.90	1
22.08	1
22.94	1
23.63	1
25.63	1
29.44	1
30.63	1
43.91	1
2.97	1
2.99	1
3.28	1
3.75	1
4.08	1
4.43	1
6.47	1
6.90	1
144.57	0
184.24	0
184.94	0
186.29	0
187.20	0
188.70	0
193.29	0
193.84	0
77.16	1
92.74	0
117.93	0
122.61	0
129.52	0
135.75	0
136.49	0
138.15	0
28.44	1
112.13	0
113.53	0
121.29	0
147.56	0
148.83	0
151.98	0
152.01	0
179.76	0
187.49	0
188.83	0
189.79	0
189.80	0
190.15	0
191.14	0
191.42	0
199.62	0
204.08	1
208.64	0
211.88	0
213.60	0
214.54	0
214.56	0
214.92	0
203.13	0
205.83	0
207.51	0
207.70	0
210.63	0
211.60	0
211.84	0
213.57	0
29.91	0
45.75	1
96.04	0
96.16	0
96.52	0
96.98	1
98.08	0
98.36	0
233.01	0
233.51	0
234.75	0
240.24	0
240.95	0
242.06	0
242.15	0
243.28	0
192.91	0
194.89	0
198.04	0
201.61	0
202.06	0
204.20	0
204.84	0
205.99	0
189.50	0
190.52	0
190.93	0
192.17	0
192.31	0
193.00	0
193.65	0
194.88	0
38.49	1
45.33	1
45.35	1
48.72	1
51.22	1
51.88	1
52.78	1
53.71	1
2.48	1
2.98	1
3.24	1
4.53	1
5.40	1
5.59	1
6.50	1
7.02	1
130.39	0
147.26	0
149.40	0
152.41	0
165.11	0
173.36	0
173.71	0
176.88	0
133.09	0
142.44	0
143.96	0
155.38	0
156.18	0
158.30	0
158.77	0
159.63	0
89.97	0
100.58	0
100.80	0
101.77	0
102.33	0
102.39	0
102.77	0
102.91	0
105.56	0
105.98	0
106.52	0
107.26	0
107.46	0
108.01	0
108.06	0
108.52	0
115.29	1
116.33	1
118.02	1
118.74	1
119.88	1
120.04	1
120.15	1
120.17	1
95.97	1
132.99	1
134.42	1
154.21	0
158.01	0
161.04	0
161.81	0
161.99	1
69.76	1
189.10	0
200.93	0
227.28	0
242.26	0
242.59	0
248.77	0
254.74	0
38.34	1
156.84	0
164.25	0
269.71	0
301.71	0
315.04	0
316.58	0
321.83	0
16.84	1
129.37	1
157.45	0
183.30	1
271.04	0
274.67	0
274.67	0
277.10	0
31.37	1
177.85	0
244.11	0
258.16	0
281.86	0
285.36	0
306.64	0
315.44	0
29.33	1
230.13	0
247.87	0
248.46	0
250.04	0
250.05	0
250.87	0
252.00	0
148.92	0
183.76	0
204.45	0
240.16	0
244.04	0
258.67	0
262.29	0
266.91	0
117.63	1
123.58	1
123.59	1
131.63	1
144.82	0
149.94	0
149.98	0
150.13	0
177.58	0
181.70	0
182.05	0
201.72	0
202.90	0
203.41	0
203.70	0
203.82	0
87.57	0
91.93	1
93.40	1
121.37	0
122.15	1
122.38	0
125.13	0
125.62	1
93.85	0
104.63	1
110.18	1
111.54	0
130.98	1
131.00	1
132.83	1
145.59	1
83.15	1
118.53	1
164.30	0
170.28	0
176.63	0
177.49	0
177.52	0
177.75	0
21.07	1
26.87	1
164.79	0
166.74	0
167.29	0
169.25	0
169.55	0
169.60	0
42.20	1
52.42	1
52.70	1
55.23	1
59.72	1
60.68	1
61.00	1
66.71	1
2.09	1
2.11	1
2.33	1
2.79	1
2.85	1
3.10	1
3.41	1
3.49	1
103.70	1
151.40	1
153.16	0
155.18	0
155.25	0
158.55	1
164.62	0
177.27	0
200.37	0
247.13	0
285.13	0
288.30	0
304.85	0
305.65	0
308.60	0
309.04	0
240.66	0
254.72	0
256.36	0
257.34	0
258.00	0
259.10	0
263.01	0
263.35	0
251.94	0
257.45	1
271.90	0
272.35	1
277.73	1
283.11	1
287.95	1
289.67	1
157.50	0
201.04	0
210.91	0
231.84	0
237.22	0
246.96	1
249.22	0
249.66	1
103.78	1
114.35	1
125.00	1
382.04	0
382.73	0
386.62	0
387.37	0
387.76	0
217.09	0
251.82	0
287.51	0
292.62	0
301.45	0
312.40	0
314.56	0
317.36	0
264.47	0
278.66	0
284.58	0
286.86	0
288.05	0
288.46	0
288.93	0
289.55	0
129.89	0
162.21	0
165.49	1
167.29	0
167.37	0
168.53	0
169.29	0
172.75	0
182.82	1
193.49	0
193.50	0
202.25	0
203.50	0
220.08	0
220.13	0
220.27	0
153.97	0
163.21	0
165.64	0
171.92	0
176.20	0
183.70	0
185.08	0
190.29	0
159.31	0
169.64	0
171.62	0
174.16	0
175.31	0
176.49	0
176.64	0
178.71	0
210.05	0
218.46	0
224.98	0
229.62	0
231.43	0
232.71	0
234.88	1
234.96	0
203.09	0
203.29	0
203.70	0
203.77	0
203.97	0
207.89	0
209.63	0
210.11	0
178.57	0
180.05	0
183.95	0
194.82	0
196.00	0
196.20	0
197.45	0
197.61	0
155.64	0
158.66	0
162.48	0
175.45	0
176.97	0
185.25	0
185.95	0
187.11	0
158.55	1
166.67	1
171.48	0
172.64	0
189.31	0
191.17	0
194.71	0
198.53	0
84.04	1
101.11	1
113.69	1
120.05	1
123.14	1
147.01	0
151.31	0
171.33	1
2.61	1
2.67	1
3.73	1
3.99	1
4.00	1
4.37	1
4.41	1
4.79	1
3.02	1
3.58	1
3.72	1
3.82	1
3.95	1
4.18	1
4.22	1
4.63	1
9.56	1
12.89	1
13.73	1
14.89	1
15.11	1
15.90	1
16.74	1
16.84	1
198.12	1
207.30	1
208.69	1
212.23	1
225.13	0
229.37	1
232.05	0
236.81	0
206.22	0
226.35	0
227.40	0
243.68	0
244.89	0
248.41	0
249.88	0
257.48	0
37.28	1
66.93	0
78.77	1
95.02	0
96.44	0
100.32	1
101.21	1
105.50	0
150.79	0
188.50	1
192.74	1
192.75	0
193.50	0
195.87	0
196.65	1
200.35	0
156.21	1
180.45	0
221.99	1
237.30	0
253.46	0
260.50	0
267.46	0
281.92	0
76.85	1
167.17	1
201.83	1
230.28	1
239.97	0
252.92	0
257.38	0
261.12	0
37.79	1
45.15	1
47.49	1
47.53	1
49.27	1
50.03	1
57.97	1
60.00	1
2.94	1
3.30	1
3.31	1
3.42	1
3.50	1
3.64	1
3.65	1
4.41	1
57.62	0
58.45	0
58.48	0
58.52	0
59.02	0
59.05	0
59.41	0
59.58	0
386.92	0
387.11	0
388.82	0
391.65	0
397.68	0
398.21	0
399.03	0
401.29	0
275.38	0
279.89	0
280.97	0
288.78	0
291.03	0
292.36	0
295.80	0
296.81	0
368.72	0
392.59	0
399.26	0
399.49	0
399.88	0
401.86	0
402.32	0
405.83	0
336.75	0
380.04	0
381.08	0
384.70	0
384.99	0
388.02	0
388.66	0
389.13	0
156.72	0
156.76	0
167.19	0
170.73	0
171.74	0
172.87	0
173.40	0
174.06	0
252.99	0
253.58	0
254.15	0
254.40	0
260.25	0
260.42	0
261.86	0
262.58	0
261.02	0
273.60	0
274.29	0
275.32	0
277.87	0
278.04	0
278.36	0
279.00	0
236.14	0
249.42	0
266.68	0
267.83	0
268.89	0
269.64	0
270.76	0
271.11	0
283.39	1
285.89	0
286.76	0
287.64	1
288.12	0
290.90	1
296.17	0
297.43	0
262.94	0
269.30	0
271.26	0
273.44	0
274.58	0
276.18	0
276.49	0
277.88	0
96.74	1
107.67	0
112.78	1
120.78	1
133.19	0
239.70	0
251.18	0
252.37	0
220.34	0
222.16	0
231.61	0
238.83	0
239.38	0
239.86	0
247.09	0
248.59	0
266.05	0
266.35	0
275.64	0
275.73	0
277.79	0
279.11	0
280.89	0
281.85	1
259.14	0
263.60	0
263.82	0
264.19	0
264.51	0
265.26	0
265.97	0
266.18	0
185.59	1
216.75	0
222.29	0
224.41	0
226.04	1
226.47	0
226.68	0
228.69	0
254.52	0
265.05	0
267.91	0
268.47	0
270.51	0
272.86	0
273.37	1
277.95	0
295.78	0
298.21	0
305.34	0
307.46	0
309.52	0
316.31	0
318.06	0
323.98	0
439.66	0
448.65	0
451.16	0
456.29	0
457.51	0
459.93	0
460.60	0
460.78	0
289.33	0
292.51	0
297.19	0
299.80	0
300.50	0
301.10	0
302.10	0
303.52	0
216.88	1
226.26	1
251.48	1
251.57	1
253.30	0
257.29	0
258.12	0
258.83	0
302.51	0
308.36	0
309.19	0
313.41	0
331.57	0
333.44	0
343.43	0
343.45	0
58.27	1
66.24	1
67.23	1
89.33	0
92.46	0
192.97	0
208.57	0
209.19	0
189.28	0
195.79	0
198.86	0
198.91	0
201.34	0
204.28	0
205.47	0
206.46	0
223.96	1
248.81	1
248.85	0
253.74	0
257.97	0
270.47	0
278.70	0
283.16	1
231.11	0
267.30	0
268.50	0
278.05	0
316.93	0
334.22	0
340.11	0
341.30	0
305.10	0
307.41	0
310.93	1
314.87	0
316.14	0
316.53	0
319.59	0
321.35	0
282.84	0
298.83	1
300.49	0
301.92	0
305.36	0
307.46	0
308.12	0
309.79	1
331.69	1
337.01	0
345.72	0
350.77	0
352.04	0
359.38	0
365.32	0
369.23	0
108.04	1
122.50	1
127.11	1
129.07	1
131.61	1
132.85	1
134.42	1
134.43	1
7.78	1
8.60	1
8.67	1
8.71	1
8.82	1
9.68	1
9.91	1
10.01	1
165.65	0
167.94	0
168.58	0
170.79	0
172.09	0
173.91	0
175.37	0
175.70	0
251.86	0
285.06	0
288.53	0
299.15	0
303.84	0
304.02	0
305.60	0
306.96	0
238.72	0
249.46	1
257.46	1
257.65	1
259.56	0
260.39	0
265.48	1
266.14	0
279.41	0
315.91	0
321.07	0
336.17	0
339.35	0
339.84	0
340.75	0
342.76	0
175.56	0
180.03	0
181.70	0
181.89	0
182.89	0
189.35	0
192.21	0
193.73	0
221.06	0
227.27	0
233.66	0
236.78	0
244.24	1
244.81	1
252.97	1
253.56	0
205.46	0
240.23	1
245.06	0
246.04	1
249.48	1
251.42	0
256.58	1
261.72	0
255.64	0
262.23	0
271.71	0
280.96	0
292.33	0
292.69	0
302.85	1
311.68	0
284.35	0
297.93	0
298.73	1
299.68	0
300.58	0
301.50	0
302.38	0
302.68	0
285.69	0
294.71	0
296.37	0
298.41	0
298.86	0
300.94	0
303.99	0
305.49	0
185.79	0
190.37	0
190.62	0
191.98	0
192.60	0
192.92	0
193.46	0
194.97	0
112.92	0
114.84	0
120.05	0
120.97	0
121.34	0
123.47	0
126.04	0
126.06	0
186.00	0
225.07	0
232.20	0
235.56	0
238.39	0
241.17	0
241.38	0
244.57	0
247.22	1
247.37	1
247.75	1
248.54	1
249.05	1
250.85	1
251.90	1
253.36	1
179.56	0
182.55	0
183.02	0
185.47	0
186.86	0
188.50	0
190.04	0
190.21	0
255.52	1
259.70	0
262.07	0
266.55	0
271.34	0
273.61	0
276.05	0
276.95	0
239.59	0
263.39	0
273.45	1
275.00	0
276.16	0
280.06	0
280.64	1
281.75	0
256.33	0
261.66	0
269.84	0
287.24	0
292.94	0
305.80	0
305.86	0
306.21	0
363.41	0
384.49	0
401.04	0
403.60	0
405.94	0
409.29	0
410.22	0
411.52	0
301.26	0
311.05	1
312.15	0
312.66	0
313.30	0
318.34	0
319.10	0
319.36	0
233.87	0
237.71	0
241.63	0
251.33	0
253.78	0
255.10	0
256.61	1
258.86	0
298.21	0
300.20	0
307.19	0
318.62	0
320.47	0
322.56	1
323.76	1
324.07	0
215.37	0
254.24	0
284.20	0
284.87	0
289.21	0
290.52	0
296.49	0
298.79	0
350.97	0
363.69	0
364.03	0
367.43	0
369.21	0
371.18	0
371.75	0
371.85	0
243.09	0
245.54	0
253.99	0
258.09	0
261.78	0
262.03	0
262.74	0
262.81	0
230.74	1
231.51	0
233.00	1
238.73	1
240.13	1
243.07	0
250.06	1
250.53	1
294.95	0
317.16	0
326.09	0
330.93	0
334.70	0
341.47	0
342.21	0
343.99	0
163.30	0
174.17	0
174.66	0
175.51	0
176.50	0
177.21	0
182.42	0
183.27	0
265.73	0
271.25	0
273.07	0
275.20	0
275.93	0
276.21	0
279.10	0
279.48	0
281.87	1
302.24	0
311.83	0
313.92	0
321.86	1
326.73	0
328.42	0
329.09	0
283.93	1
295.07	1
317.70	1
354.50	0
355.58	0
361.06	0
361.15	0
362.31	0
253.17	0
261.62	0
264.46	0
266.49	0
269.19	0
272.69	0
273.23	0
273.50	0
121.19	1
151.26	0
152.79	0
159.03	0
163.47	0
163.50	0
164.08	0
164.41	0
240.03	0
269.48	0
283.47	0
283.73	0
287.36	1
290.74	0
291.26	0
291.30	0
235.34	0
251.41	0
277.26	0
286.08	1
289.79	0
291.77	0
298.59	0
299.79	0
178.98	1
258.12	0
272.78	1
273.18	0
274.76	1
276.07	0
280.94	1
285.15	0
254.23	0
310.22	0
315.04	0
324.15	0
327.38	0
331.12	0
332.69	0
333.55	0
557.61	1
564.39	1
564.55	1
568.22	1
569.28	1
570.16	0
570.42	0
571.26	1
453.04	1
464.78	1
466.42	1
469.54	1
470.29	1
470.48	1
471.89	1
472.98	1
594.76	1
598.44	1
601.95	1
604.40	1
604.76	1
608.86	1
612.08	1
612.27	1
251.83	0
255.86	0
258.12	0
258.80	0
262.86	0
263.68	0
266.73	0
268.42	0
216.76	1
518.00	0
518.16	0
518.17	0
519.81	0
530.65	0
531.53	0
531.56	0
138.63	1
243.77	0
276.74	0
279.27	0
288.97	0
290.49	0
291.03	0
291.80	0
166.08	1
238.03	0
337.75	0
338.57	0
364.27	0
388.97	0
390.28	0
393.33	0
114.77	0
117.88	0
119.16	0
122.60	0
123.36	0
124.20	1
125.04	0
127.03	0
267.39	0
267.54	0
268.15	0
268.34	0
268.93	0
269.82	0
272.13	0
272.52	0
237.47	0
242.14	0
247.61	0
249.47	0
250.73	0
252.18	0
253.89	0
254.06	0
264.85	0
275.22	0
275.24	0
280.39	0
280.90	0
281.07	0
285.19	0
286.87	0
270.44	0
280.96	0
295.23	0
300.69	0
301.18	0
303.69	0
304.02	0
305.98	0
236.32	0
271.21	0
298.85	0
306.01	0
316.24	0
324.05	0
325.46	0
332.10	0
330.11	1
356.05	0
359.90	0
365.06	0
365.63	0
367.48	0
375.65	0
375.87	0
70.03	1
92.41	1
105.76	1
160.15	0
235.29	0
238.57	0
239.15	0
241.18	0
195.50	0
239.92	0
250.35	0
253.18	0
260.22	0
262.88	0
262.89	0
265.84	0
321.93	0
333.94	0
334.90	0
363.00	0
391.33	0
396.25	0
398.53	0
400.50	0
338.61	1
341.70	1
345.31	1
347.05	1
347.77	1
348.77	1
349.75	1
350.22	1
229.82	1
237.50	1
237.96	1
241.42	1
242.15	1
242.40	1
243.15	1
243.79	1
484.50	1
487.92	1
492.53	1
492.67	1
498.20	1
503.01	1
503.25	1
503.62	1
213.77	0
219.47	0
224.32	0
226.59	0
227.47	0
228.00	0
228.27	0
229.88	0
195.26	1
205.51	0
206.12	1
223.43	0
226.23	0
228.54	0
233.32	0
233.46	0
293.62	0
322.00	1
369.47	0
371.27	0
374.15	0
374.27	0
377.65	0
378.85	0
118.19	0
124.80	0
129.07	0
130.25	0
130.49	0
132.21	0
136.40	0
137.79	0
368.41	0
390.80	0
407.51	0
408.46	0
417.09	0
420.44	0
430.77	0
431.45	0
404.65	0
405.45	0
441.24	0
442.95	0
443.81	0
444.85	0
445.30	0
448.83	0
290.36	0
293.83	0
298.96	0
299.01	0
300.31	0
302.18	0
302.22	0
304.28	0
153.38	1
164.36	1
223.80	0
242.92	0
253.00	0
258.35	0
261.36	0
262.53	0
64.28	1
66.43	1
66.76	1
66.89	1
67.35	1
68.78	1
70.84	1
76.34	1
6.78	1
7.29	1
7.37	1
8.03	1
8.12	1
8.44	1
8.59	1
8.73	1
111.16	0
112.62	0
114.88	0
115.84	0
116.43	0
116.52	0
116.94	0
117.84	0
183.90	0
185.63	0
187.66	0
187.82	0
188.29	0
188.65	0
188.75	0
190.40	0
276.34	0
277.41	0
277.65	0
278.30	0
278.71	0
279.51	0
279.73	0
280.23	0
250.60	0
252.61	0
253.85	0
254.95	0
255.24	0
257.55	0
258.56	0
258.85	0
277.73	0
281.01	0
285.57	0
292.68	0
292.89	0
294.28	0
304.96	0
307.01	0
293.92	0
301.29	0
310.25	0
311.06	0
313.48	0
314.77	0
315.61	0
323.69	0
217.46	0
241.25	0
241.67	0
241.86	0
246.40	0
246.61	0
247.11	0
248.05	0
233.11	1
238.14	1
242.03	1
244.93	0
245.64	1
249.15	0
251.47	1
252.55	0
188.19	0
198.34	0
207.49	0
213.59	0
236.08	0
236.91	0
240.61	0
246.58	0
207.75	1
211.90	1
213.71	1
218.11	1
218.98	0
222.94	1
225.91	0
232.09	1
326.16	0
362.37	0
365.31	0
367.78	0
370.91	0
372.17	0
385.23	0
385.98	0
237.20	0
239.10	0
240.21	0
242.84	0
243.42	0
247.07	0
247.42	0
249.55	0
341.24	0
343.19	0
402.95	0
404.65	0
408.32	0
411.86	0
415.12	0
415.27	0
490.90	0
491.44	0
491.52	0
492.43	0
493.94	0
494.75	0
495.49	0
495.56	0
167.61	0
170.49	0
178.96	0
180.25	0
186.30	0
186.72	0
187.06	0
187.44	0
299.84	0
316.68	0
319.77	0
321.13	0
322.76	0
323.54	0
323.74	0
323.96	0
175.28	1
179.25	1
193.10	1
213.84	1
336.50	0
341.61	0
343.44	0
344.20	0
334.03	0
349.99	0
384.77	0
386.21	0
391.55	0
392.53	0
393.51	0
395.07	0
276.80	0
278.42	0
278.49	0
280.55	0
284.94	0
286.71	0
289.31	0
290.73	0
299.44	0
302.81	0
304.28	0
304.29	0
304.59	0
304.89	0
305.78	0
307.71	0
163.51	0
168.24	0
175.25	1
178.86	0
181.73	0
183.86	0
185.44	0
185.63	0
445.68	0
476.21	0
480.40	0
485.66	0
495.76	0
506.11	0
506.26	0
511.49	0
373.17	0
377.67	0
378.83	0
381.00	0
381.30	0
386.19	0
388.39	0
390.01	0
355.01	0
358.08	0
358.29	0
358.78	0
360.65	0
360.86	0
361.35	0
362.25	0
155.46	0
195.33	0
215.65	0
215.67	0
217.44	0
217.70	0
218.88	0
224.04	0
308.32	0
308.56	0
315.14	0
317.39	0
326.48	0
329.65	0
331.36	0
340.22	0
485.35	0
503.02	0
505.12	0
507.68	0
507.76	0
508.63	0
514.33	0
514.91	0
174.16	0
190.58	0
194.28	0
194.94	0
197.49	0
201.45	0
204.34	0
204.75	0
213.67	0
215.38	0
217.95	0
220.92	0
221.74	0
229.60	0
231.22	0
233.46	0
152.60	0
152.61	0
153.58	0
155.72	0
157.45	0
158.63	0
159.23	0
161.46	0
135.61	0
138.44	0
139.31	0
141.51	0
141.52	0
141.77	0
142.75	0
146.37	0
150.73	0
150.78	0
152.44	0
154.06	0
154.17	0
154.55	0
155.43	0
155.44	0
183.21	0
186.95	0
188.88	0
191.55	0
196.40	0
198.53	0
199.67	0
201.69	0
91.32	0
99.59	1
100.82	1
100.97	1
101.32	0
101.49	1
101.57	1
101.66	0
135.34	0
135.90	0
135.95	0
136.79	0
137.31	0
140.64	0
143.41	0
143.84	0
101.66	0
124.89	0
125.44	0
125.55	0
127.75	0
128.94	0
129.17	1
130.65	0
104.24	0
105.98	0
106.21	0
108.86	0
110.14	0
114.06	0
114.37	0
115.45	0
130.05	0
131.13	0
134.88	0
135.27	0
137.75	0
138.97	0
139.09	0
139.81	0
104.73	0
108.27	0
108.73	0
110.70	0
111.17	0
111.56	0
113.20	0
114.83	0
87.26	0
95.72	0
96.79	0
97.50	1
100.88	0
101.40	0
101.91	1
101.92	1
105.03	1
133.84	0
139.17	0
140.56	0
140.98	0
142.95	0
143.79	0
151.39	0
107.88	0
115.91	0
116.54	0
117.07	0
126.11	0
128.14	0
129.47	0
131.38	0
95.92	0
96.53	0
98.75	0
99.08	0
101.18	0
103.05	0
103.74	0
104.21	0
89.86	0
91.18	0
91.62	0
92.38	0
93.66	0
96.45	0
103.04	0
103.07	0
87.59	0
87.68	0
89.16	0
93.56	0
95.36	0
99.66	0
99.93	0
101.84	0
86.95	0
92.87	0
94.22	0
94.65	0
95.85	0
99.19	0
100.28	0
102.05	0
91.65	0
93.93	0
97.67	0
103.22	0
108.21	0
108.21	0
114.74	0
115.13	0
182.85	0
186.35	0
187.36	0
203.35	0
206.53	0
207.77	0
211.30	0
211.56	0
216.60	0
220.06	0
221.66	0
224.48	0
237.13	0
238.46	0
243.11	0
250.90	0
107.62	1
108.17	1
108.23	1
110.88	1
111.13	1
112.57	1
113.10	1
116.43	0
27.42	1
44.10	1
44.44	1
45.05	1
45.24	1
45.89	1
46.10	1
46.29	1
200.57	0
223.83	0
224.44	0
225.16	0
225.64	0
229.47	0
230.34	0
230.34	0
154.83	0
156.26	0
163.01	0
168.80	0
169.03	0
169.45	0
169.97	0
172.07	0
90.63	1
135.21	0
176.57	0
176.66	0
177.13	0
179.08	0
179.18	0
179.55	0
87.26	0
88.86	0
89.20	0
90.32	0
91.83	0
93.28	0
93.78	0
95.75	0
15.35	1
16.86	1
19.73	1
22.77	1
34.03	1
35.26	1
47.56	0
50.36	0
145.57	0
146.01	0
146.11	0
149.28	0
149.54	0
151.10	0
155.62	0
157.15	0
109.01	0
112.13	0
113.13	0
113.48	0
116.88	0
117.83	0
118.14	0
121.74	0
138.21	0
146.92	0
147.58	0
151.05	0
151.35	0
153.00	0
153.33	0
154.72	0
89.85	0
90.31	0
90.78	0
90.83	0
90.84	0
91.39	0
93.41	0
97.78	0
168.85	0
170.73	0
172.86	0
173.92	0
175.58	0
177.41	0
177.83	0
178.21	0
85.50	1
88.89	1
89.63	1
95.09	0
97.42	0
97.97	0
100.00	0
102.20	0
153.88	0
158.61	0
160.03	0
160.16	0
161.35	0
163.60	0
163.72	0
163.82	0
63.45	1
106.81	0
114.53	0
116.25	0
117.43	0
120.81	0
122.28	0
122.40	0
90.10	0
90.38	0
90.72	0
91.05	0
91.65	0
93.12	0
94.09	0
98.30	0
11.02	1
11.42	1
13.75	1
19.45	1
27.85	1
31.73	1
44.40	0
47.15	0
158.93	0
159.53	0
160.01	0
162.46	0
165.09	0
166.49	0
167.04	0
167.96	0
111.50	0
111.71	0
111.95	0
113.85	0
117.94	0
119.20	0
120.17	0
120.54	0
150.25	0
155.12	0
156.69	0
157.03	0
160.30	0
161.95	0
162.49	0
165.84	0
97.55	0
100.82	0
103.66	0
106.58	0
110.49	0
111.43	0
113.13	0
115.63	0
137.30	1
137.63	0
143.76	0
146.13	0
149.35	0
154.21	0
154.40	0
157.47	0
153.74	1
169.09	0
169.52	0
169.73	0
172.47	0
172.91	0
174.68	0
175.11	0
136.98	0
139.66	0
142.02	0
142.11	0
143.36	0
143.80	0
148.92	0
149.24	0
109.79	0
110.60	0
113.11	0
115.23	0
115.86	0
117.30	0
119.20	0
119.59	0
137.57	0
139.60	0
141.46	0
143.85	0
144.34	0
145.78	0
146.78	0
148.38	0
89.01	0
93.34	0
94.21	0
107.01	0
107.32	0
108.36	0
108.67	0
108.79	0
218.66	0
220.04	0
222.90	0
223.46	0
223.60	0
224.16	0
227.33	0
231.97	0
155.13	0
156.79	0
156.87	0
157.44	0
158.25	0
158.30	0
163.27	0
164.13	0
405.74	0
407.14	0
409.93	0
410.54	0
413.05	0
413.94	0
415.08	0
416.45	0
207.35	0
207.84	0
212.71	0
213.16	0
214.05	0
215.07	0
215.56	0
217.34	0
259.32	0
259.46	0
261.02	0
265.32	0
266.88	0
267.25	0
270.52	0
271.05	0
731.52	0
734.24	0
749.12	0
749.75	0
754.00	0
757.29	0
757.43	0
758.31	0
136.65	0
138.36	0
146.00	0
150.43	0
150.86	0
153.43	0
155.55	0
163.30	0
50.37	0
52.96	0
56.43	0
62.59	0
63.13	0
64.21	0
66.53	0
67.79	0
12.10	1
14.17	1
15.55	1
28.85	1
31.34	1
42.29	1
43.50	1
49.51	0
15.93	1
15.99	1
18.11	1
31.56	1
34.25	1
45.15	1
49.55	0
50.47	1
143.07	0
143.45	0
145.17	0
158.56	0
158.75	0
161.05	0
162.48	0
165.17	0
321.71	0
321.89	0
323.15	0
327.83	0
328.47	0
337.37	0
337.39	0
338.32	0
513.78	1
515.91	1
516.48	1
519.25	1
520.80	1
524.61	1
533.12	0
533.24	1
278.16	0
279.20	0
286.10	0
286.72	0
292.24	0
293.32	0
297.42	0
297.67	0
146.47	0
146.73	0
148.10	0
148.40	0
149.65	0
152.11	0
155.06	0
155.10	0
419.12	0
419.84	0
421.62	0
424.00	0
428.79	0
429.12	0
429.42	0
430.29	0
197.98	0
200.77	0
204.60	0
205.37	0
205.56	0
207.75	0
207.79	0
208.94	0
407.46	0
414.03	0
414.58	0
416.94	0
417.92	0
418.82	0
419.67	0
420.51	0
569.53	0
576.17	0
577.84	0
588.33	0
589.79	0
595.17	0
596.16	0
596.25	0
52.04	1
53.39	1
54.16	1
55.36	1
55.83	1
55.89	1
55.89	1
56.19	0
163.74	0
164.01	0
166.77	0
167.42	0
169.36	0
171.28	0
172.82	0
175.03	0
111.25	1
122.03	1
136.62	1
152.68	0
154.09	0
159.61	0
160.68	0
166.58	0
34.06	1
116.75	1
167.15	0
169.05	0
191.22	0
193.65	0
195.32	0
196.01	0
6.43	1
55.21	1
138.33	0
140.11	0
143.97	0
145.07	0
145.14	0
148.59	0
20.22	1
30.50	1
162.68	0
166.21	0
166.34	0
167.66	0
169.04	0
169.20	0
83.36	1
83.82	1
84.10	1
84.56	1
85.35	1
85.60	1
85.74	1
86.25	1
75.50	1
106.88	0
107.27	0
115.13	0
115.48	0
115.51	0
117.37	0
117.60	0
33.58	0
37.63	1
37.83	1
39.31	1
39.46	1
39.73	1
42.61	1
47.18	1
4.08	1
4.67	1
5.03	1
5.13	1
5.38	1
5.81	1
7.07	1
7.07	1
145.87	0
221.86	0
228.93	0
230.78	0
238.46	0
245.69	0
260.31	0
260.39	0
248.31	0
266.63	0
274.37	0
274.43	0
277.54	0
278.49	0
279.40	0
279.63	0
135.14	1
149.80	1
152.61	1
163.54	1
165.63	1
176.20	0
179.62	0
181.15	0
188.24	1
208.85	0
217.77	0
217.82	0
218.06	0
218.56	0
218.59	0
218.64	0
28.10	1
118.77	0
139.23	0
147.54	0
148.39	0
164.89	0
166.40	0
168.44	0
247.98	0
264.77	0
268.29	0
269.06	0
269.59	0
269.70	0
269.81	0
269.91	0
56.90	1
64.62	1
79.76	1
80.51	1
102.65	1
104.36	1
110.53	0
112.36	0
183.46	0
184.41	0
185.22	0
185.86	0
186.23	0
188.30	0
190.26	0
190.92	0
85.04	1
91.50	1
99.89	1
99.97	1
117.58	1
119.42	0
125.86	0
130.32	0
321.89	0
341.11	0
351.72	0
354.37	0
355.65	0
356.69	0
358.41	0
358.93	0
133.89	0
141.77	1
142.23	1
142.96	1
145.36	1
146.47	1
147.52	1
147.76	1
222.59	0
294.97	0
297.79	0
306.11	0
309.46	0
309.92	0
310.17	0
313.77	0
129.61	0
137.42	0
143.26	0
162.80	1
170.90	1
175.94	1
177.64	1
178.79	0
185.45	0
186.57	0
206.01	0
222.38	0
226.89	0
231.09	0
234.63	1
236.30	0
162.67	0
166.49	0
201.17	0
208.99	0
210.22	0
223.25	0
233.84	0
234.79	0
196.15	0
196.49	0
199.32	0
200.57	0
203.77	0
221.38	0
233.41	0
241.79	0
115.97	0
118.85	1
157.57	0
161.42	0
167.35	1
168.69	0
169.36	0
170.99	0
229.19	0
238.84	0
241.18	0
241.38	0
242.39	0
245.46	0
247.41	0
248.02	0
89.23	1
114.68	0
145.59	0
148.50	0
154.02	0
155.36	1
156.19	0
158.33	0
105.45	0
141.58	0
159.22	0
160.91	0
162.46	0
174.74	0
183.67	0
184.04	0
7.27	1
87.93	0
96.45	0
96.53	0
97.36	0
98.03	0
98.11	0
98.76	0
103.08	0
111.93	0
124.26	1
126.36	0
128.78	0
132.91	0
134.93	0
135.05	0
249.04	0
254.13	0
255.27	0
255.39	1
258.83	0
266.46	0
270.32	0
272.44	1
303.47	0
305.85	0
322.37	0
326.98	0
329.98	0
331.06	0
331.41	0
332.63	0
149.40	0
149.71	0
150.95	0
151.48	0
152.08	0
152.33	0
152.67	0
153.41	0
339.57	0
342.18	0
342.47	0
343.58	0
347.08	0
347.22	0
348.90	0
350.83	0
177.86	0
183.77	0
184.12	0
184.69	0
185.21	0
185.23	0
185.34	0
185.59	0
264.68	0
267.90	0
268.55	0
269.14	0
270.34	0
270.92	0
272.23	0
272.24	0
55.55	1
58.53	0
60.25	0
60.34	0
65.67	0
67.41	0
68.60	0
68.87	0
10.12	1
10.81	1
11.01	1
11.16	1
11.70	1
12.20	1
12.21	1
12.96	1
187.10	0
230.12	0
230.77	0
232.04	0
233.27	0
234.94	0
235.58	0
242.00	0
311.00	0
311.03	0
311.59	0
312.83	0
316.17	0
321.99	0
322.24	0
326.20	0
204.29	0
234.38	0
237.51	0
238.36	0
239.57	0
239.91	0
241.56	0
243.23	0
45.69	1
131.92	0
133.28	0
133.29	0
133.76	0
134.28	0
134.35	0
134.44	0
62.50	1
234.21	0
234.47	0
236.94	0
237.61	0
239.27	0
239.88	0
239.91	0
23.21	1
72.45	0
82.20	0
83.47	1
83.78	0
89.72	0
92.13	0
93.52	0
1.75	1
12.79	1
12.81	1
13.56	1
13.70	1
14.14	1
14.63	1
15.19	1
191.69	0
197.06	0
197.53	0
198.61	0
199.42	0
200.80	0
204.01	0
204.34	0
132.94	1
132.98	1
138.08	1
151.65	1
163.78	1
317.35	0
321.65	0
331.81	0
220.80	0
238.82	0
248.38	0
252.76	0
255.88	0
259.69	0
259.72	0
260.52	0
155.79	0
173.38	0
180.88	0
181.10	0
181.58	0
181.79	0
182.96	0
183.18	0
111.10	1
133.75	1
143.81	0
144.85	1
145.84	0
149.38	0
151.66	0
152.63	0
84.16	1
88.54	1
101.57	1
102.90	1
102.92	1
103.11	1
103.31	1
103.45	1
161.22	0
171.20	0
179.97	0
201.26	0
206.53	0
207.91	0
217.38	0
219.36	0
298.29	0
301.42	0
302.69	0
303.53	0
303.65	0
304.06	0
304.06	0
308.24	0
198.51	0
200.83	0
202.35	0
203.23	0
203.74	0
205.81	0
206.26	0
208.77	0
176.57	0
177.14	0
177.71	1
179.87	0
181.86	0
183.71	0
184.06	0
184.31	1
127.80	1
128.04	1
142.05	1
150.86	0
151.10	1
157.55	0
161.71	0
162.43	0
17.24	0
17.75	0
24.23	0
25.35	0
25.37	0
25.43	0
26.03	0
26.07	0
281.93	0
291.32	0
291.52	0
292.46	0
294.19	0
295.51	0
297.23	0
298.36	0
99.47	0
134.49	1
157.76	0
170.03	0
171.35	0
174.29	0
174.46	0
176.56	0
261.68	0
263.87	0
279.26	0
280.15	0
280.77	0
284.06	0
287.32	0
288.13	0
141.04	1
163.22	0
168.67	1
168.93	0
173.50	0
179.69	0
182.50	0
183.21	0
27.84	1
29.05	1
32.97	1
35.67	1
35.74	1
36.23	1
36.28	1
37.02	1
180.63	0
185.57	0
187.80	0
189.18	0
192.18	0
194.13	0
197.00	0
198.13	0
206.24	1
269.12	0
270.66	0
274.66	0
275.74	0
277.00	0
278.15	0
279.15	0
174.67	0
176.11	0
176.16	0
176.25	0
176.55	0
177.16	0
178.21	0
178.64	0
7.91	1
80.89	0
83.44	0
84.93	0
86.33	0
86.38	0
87.58	0
87.92	0
111.72	0
113.89	0
114.16	0
121.26	0
122.23	0
122.80	0
123.98	0
124.29	0
117.19	0
118.51	0
119.50	0
121.30	0
121.80	0
122.03	0
122.94	0
123.34	0
1243.33	0
1276.60	0
1279.21	0
1281.00	0
1281.31	0
1286.89	0
1293.09	0
1295.63	0
160.33	0
164.12	0
165.31	0
167.76	0
168.85	0
169.41	0
170.97	0
171.03	0
145.50	0
148.34	0
149.51	0
150.30	0
150.64	0
151.11	0
151.43	0
155.13	0
59.62	1
66.09	0
67.90	1
69.71	0
71.20	0
72.67	0
76.95	0
78.37	0
69.77	1
75.55	1
143.45	0
145.23	0
147.62	0
150.20	0
151.70	0
153.54	0
8.68	1
9.81	1
10.24	1
11.05	1
14.94	1
15.60	1
20.52	1
22.49	1
193.55	0
199.43	0
208.03	0
210.87	0
211.66	0
212.91	0
214.09	0
218.19	0
186.21	0
190.41	0
195.27	0
195.78	0
196.63	0
199.09	0
201.18	0
201.50	0
168.21	0
170.30	0
170.47	0
170.94	0
171.70	0
172.81	0
173.33	0
173.40	0
107.15	0
107.47	0
107.99	0
110.36	0
110.78	0
111.95	0
112.00	0
114.00	0
151.44	0
154.84	0
156.87	0
157.89	0
160.69	0
161.57	0
162.32	0
162.83	0
95.80	0
96.49	0
97.86	0
100.25	0
102.69	0
106.51	0
107.13	0
107.41	0
104.22	0
109.92	0
111.77	0
112.77	0
114.87	0
114.87	0
116.08	0
116.21	0
31.54	1
39.46	1
41.18	1
92.41	0
92.95	0
93.47	0
93.47	0
94.24	0
55.76	0
56.19	1
63.83	0
64.07	0
65.98	1
66.67	0
66.81	1
68.77	0
57.99	1
58.99	1
130.84	0
132.71	0
135.49	0
135.58	0
136.81	0
136.88	0
8.79	1
9.02	1
9.72	1
9.83	1
15.95	1
17.51	1
17.56	1
21.74	1
145.86	0
149.33	0
150.75	0
152.19	0
165.96	0
168.19	0
169.88	0
172.79	0
32.13	1
32.48	1
111.71	0
114.13	0
114.67	0
115.38	0
115.40	0
116.56	0
41.08	1
93.19	0
93.33	0
93.80	0
95.58	0
97.67	0
97.69	0
98.11	0
126.92	0
128.24	0
128.86	0
133.77	0
136.57	0
136.87	0
136.89	0
139.40	0
97.25	0
98.27	0
98.86	0
99.30	0
100.79	0
103.22	0
104.33	0
107.76	0
50.63	1
94.45	0
95.87	0
96.29	0
98.01	0
98.88	0
102.13	0
102.19	0
60.59	1
61.35	1
62.10	1
65.06	1
65.11	1
65.50	1
65.78	0
67.06	1
64.93	1
73.61	1
115.70	0
117.73	0
117.95	0
118.59	0
121.99	0
123.71	0
106.79	0
109.82	0
112.20	0
115.40	0
115.61	0
115.99	0
116.36	0
116.54	0
67.17	1
93.65	0
99.13	0
100.08	0
102.42	0
105.30	0
106.77	0
107.42	0
38.36	0
39.37	0
39.85	0
40.36	0
40.40	0
40.60	0
41.62	0
41.62	0
153.53	0
154.00	0
170.11	0
175.85	0
176.82	0
180.51	0
182.40	0
183.90	0
114.99	0
130.60	0
134.53	0
136.21	0
136.46	0
137.91	0
139.84	0
141.11	0
73.23	1
75.85	1
77.52	0
85.25	1
86.85	0
90.05	1
94.10	1
95.92	1
156.35	0
158.42	0
160.29	0
162.35	0
164.08	0
167.81	0
168.13	0
168.37	0
91.30	0
92.10	0
93.19	0
93.40	0
100.62	0
103.37	0
104.15	0
104.37	0
37.84	1
39.76	1
40.58	1
43.29	1
49.61	1
49.64	1
50.68	1
55.32	1
68.19	0
71.96	0
75.48	0
76.03	0
76.23	0
76.94	0
80.19	0
83.58	0
35.69	1
37.43	1
37.50	1
37.59	1
38.00	0
39.77	1
41.32	1
41.37	1
