150.81	0
161.17	0
166.25	0
172.20	0
182.19	0
191.75	0
224.26	0
236.32	0
429.79	0
444.62	0
446.73	0
457.42	0
465.15	0
473.08	0
476.03	0
497.60	0
125.66	1
172.43	0
175.29	0
184.06	0
185.33	0
205.73	0
224.22	0
239.73	0
78.99	1
110.21	1
121.84	0
167.04	0
207.34	0
219.29	0
236.92	0
242.59	0
156.07	0
158.23	0
159.41	0
159.50	0
176.49	0
181.62	0
209.70	0
212.31	0
199.56	0
234.78	0
240.23	0
244.01	0
250.37	0
251.97	0
260.77	0
278.43	0
202.25	0
203.61	0
210.75	0
226.63	0
230.50	0
245.46	0
254.95	0
272.82	0
139.01	0
142.34	0
143.80	0
165.13	0
166.41	0
187.48	0
188.61	0
191.34	0
190.52	0
198.88	0
205.17	0
211.48	0
214.36	0
233.89	0
241.08	0
245.58	0
216.73	0
260.64	0
267.94	0
274.42	0
281.67	0
293.57	0
308.01	0
322.84	0
125.27	0
126.25	0
128.68	0
157.49	0
164.10	0
169.79	0
184.00	0
184.48	0
184.40	0
187.62	0
191.51	0
194.40	0
205.27	0
217.14	0
220.16	0
226.10	0
197.91	0
225.36	0
227.41	0
236.56	0
239.98	0
243.41	0
251.99	0
270.31	0
247.10	0
260.12	0
262.60	0
276.58	0
277.98	0
283.84	0
293.52	0
299.36	0
141.71	0
143.12	0
145.78	0
165.39	0
179.40	0
185.51	0
196.76	0
199.02	0
201.47	0
233.07	0
233.63	0
233.81	0
245.45	0
245.99	0
247.20	0
254.12	1
128.68	0
128.87	0
129.63	0
181.71	0
183.76	0
190.28	0
197.16	0
197.83	0
198.62	0
221.80	0
225.88	0
239.49	0
248.27	0
249.59	0
258.00	0
270.68	0
197.88	0
203.87	0
206.38	0
226.28	0
228.89	0
245.70	0
253.89	0
270.71	0
118.05	0
119.58	0
123.37	0
157.56	0
162.39	0
168.86	0
179.93	0
183.57	0
185.77	0
188.04	0
193.98	0
213.45	0
224.56	0
230.92	0
238.48	0
252.42	0
119.29	0
120.55	0
126.48	0
155.15	0
162.60	0
168.86	0
180.13	0
183.38	0
178.18	0
192.22	0
203.01	0
204.50	0
218.15	0
218.38	0
223.70	0
245.22	0
225.43	0
228.13	0
232.29	0
241.59	0
245.64	0
250.03	0
259.13	0
262.24	0
167.03	0
172.02	0
188.37	0
198.76	0
204.59	0
205.34	0
217.25	0
217.34	0
79.77	0
85.18	0
87.21	0
131.18	0
132.95	0
167.74	0
168.11	0
168.27	0
154.86	0
159.91	0
171.57	0
179.10	0
194.39	0
198.63	0
200.74	0
205.88	0
187.05	0
188.79	0
198.90	0
210.81	0
212.63	0
217.95	0
223.38	0
243.62	0
33.23	1
36.94	1
38.23	0
89.89	0
112.84	1
157.64	0
176.44	0
187.95	0
212.43	0
230.03	0
233.98	0
235.92	0
236.74	0
242.71	0
242.75	0
248.15	0
130.70	0
132.69	0
134.92	0
138.42	0
143.96	0
156.39	0
160.06	0
165.68	0
136.53	0
145.67	0
149.82	0
151.59	0
161.82	0
169.52	0
196.37	0
208.85	0
230.89	0
232.72	0
236.67	0
239.00	0
244.11	0
245.01	0
247.28	0
252.47	0
151.45	0
154.71	0
158.84	0
159.76	0
164.74	0
172.38	0
183.93	0
201.56	0
299.36	0
304.01	0
304.20	0
304.89	0
306.08	0
306.90	0
308.68	0
310.75	0
382.27	0
383.22	0
384.24	0
386.05	0
387.75	0
388.56	0
396.35	0
398.86	0
323.69	0
326.22	0
327.74	0
327.77	0
336.82	0
337.51	0
341.66	0
342.92	0
186.37	0
186.45	0
188.84	0
190.15	0
196.00	0
201.14	0
222.08	0
222.45	0
204.63	0
210.51	0
210.89	0
210.98	0
214.21	0
214.94	0
215.09	0
222.38	0
174.62	0
176.00	0
180.48	0
180.49	0
187.20	0
194.26	0
196.06	0
196.39	0
143.88	0
144.68	0
146.41	0
146.81	0
162.18	0
164.34	0
167.57	0
168.75	0
185.84	0
186.53	0
186.91	0
189.32	0
192.11	0
198.81	0
206.41	0
219.53	0
196.05	0
196.93	0
197.94	0
199.08	0
202.82	0
203.20	0
203.69	0
203.71	0
121.97	0
126.40	0
128.50	0
132.27	0
140.30	0
143.67	0
144.45	0
148.80	0
179.15	0
179.45	0
184.26	0
187.98	0
192.71	0
198.19	0
198.72	0
204.20	0
149.95	0
150.97	0
151.06	0
151.55	0
168.39	0
170.10	0
173.49	0
205.57	0
270.35	0
270.72	0
271.29	0
273.16	0
274.99	0
277.17	0
280.35	0
281.84	0
485.21	0
485.48	0
485.97	0
491.17	0
492.83	0
495.60	0
497.72	0
505.93	0
221.31	0
222.26	0
227.17	0
229.80	0
240.49	0
241.24	0
249.87	0
250.79	0
223.39	0
228.14	0
228.31	0
228.69	0
241.30	0
244.38	0
256.27	0
262.05	0
120.67	0
126.61	0
128.83	0
133.72	0
139.35	0
142.44	0
147.56	0
150.75	0
203.44	0
205.52	0
209.36	0
212.55	0
217.38	0
217.54	0
219.35	0
220.27	0
126.70	0
129.21	0
130.19	0
136.15	0
140.27	0
153.66	0
154.64	0
169.06	0
198.16	0
201.65	0
202.65	0
205.42	0
214.39	0
217.69	0
219.95	0
220.66	0
155.93	0
157.64	0
158.34	0
164.36	0
165.48	0
177.66	0
178.78	0
182.96	0
110.92	0
113.08	0
114.05	0
115.34	0
118.00	0
120.62	0
128.33	0
135.04	0
595.45	0
601.36	0
603.22	0
606.85	0
617.58	0
619.56	0
620.72	0
621.39	0
85.66	0
86.44	0
89.81	0
92.48	0
94.85	0
111.10	0
129.76	0
147.83	0
30.08	1
41.89	1
44.53	1
46.73	1
53.84	1
61.28	1
90.65	0
91.96	0
212.27	0
212.29	0
214.90	0
217.14	0
225.31	0
226.86	0
228.62	0
235.25	0
33.47	1
37.45	1
44.06	0
54.36	1
87.94	0
96.16	0
127.40	1
132.61	0
185.64	0
209.18	0
211.98	0
214.01	0
215.10	0
216.16	0
218.07	0
218.41	0
167.40	0
169.15	0
170.61	0
171.95	0
173.79	0
175.00	0
182.55	0
186.73	0
112.00	1
274.07	0
277.25	0
281.31	0
287.56	0
293.05	0
295.46	0
296.94	0
38.71	1
216.20	0
216.37	0
217.07	0
217.63	0
217.68	0
225.82	0
227.70	0
41.83	1
178.09	0
180.86	0
181.25	0
181.55	0
189.61	0
200.03	0
201.08	0
124.24	0
131.44	0
132.01	0
137.59	0
142.09	0
148.67	0
164.22	0
169.73	0
81.72	1
91.83	1
93.09	0
99.26	0
103.23	0
105.24	0
110.25	0
116.76	0
22.58	1
30.56	1
140.96	0
148.51	0
149.44	0
150.84	0
155.24	0
157.97	0
13.43	1
15.78	1
94.01	0
114.51	0
119.01	0
121.80	0
128.20	0
135.20	0
46.95	0
47.33	0
49.05	0
50.01	0
67.42	0
71.34	0
92.00	0
102.91	0
262.52	0
267.96	0
274.47	0
275.46	0
276.34	0
279.88	0
291.57	0
298.20	0
323.38	0
323.58	0
330.51	0
331.91	0
334.00	0
339.17	0
345.84	0
347.64	0
196.31	0
230.48	0
231.06	0
233.31	0
234.13	0
236.71	0
237.73	0
238.57	0
227.73	1
272.37	0
286.06	0
305.22	0
306.17	0
307.25	0
308.53	0
308.96	0
59.84	1
311.19	0
311.85	0
313.49	0
315.28	0
317.22	0
322.25	0
322.34	0
125.80	0
202.84	0
227.40	0
229.03	0
233.24	0
233.80	0
236.15	0
253.88	0
169.15	0
192.47	0
193.38	0
200.24	0
200.47	0
203.15	0
210.80	0
225.20	0
314.77	0
329.66	0
336.70	0
337.25	0
337.45	0
337.90	0
338.12	0
340.05	0
395.03	0
400.22	0
400.92	0
404.11	0
406.93	0
406.93	0
408.41	0
410.05	0
245.31	0
247.50	0
247.92	0
248.99	0
249.51	0
249.94	0
250.48	0
252.93	0
172.38	0
173.26	0
174.20	0
178.25	0
178.73	0
181.13	0
195.78	0
202.00	0
189.94	0
193.35	0
193.37	0
194.76	0
195.64	0
197.67	0
201.02	0
204.23	0
117.50	0
119.74	0
120.56	0
123.90	0
132.34	0
136.53	0
151.32	0
151.99	0
150.13	0
161.65	0
166.62	0
166.89	0
169.11	0
172.28	0
183.27	0
186.06	0
126.53	0
128.24	0
128.58	0
133.32	0
136.24	0
141.70	0
144.27	0
148.64	0
119.49	0
120.20	0
120.21	0
123.08	0
127.89	0
128.72	0
137.27	0
137.95	0
123.27	0
124.49	0
125.75	0
131.12	0
136.80	0
142.39	0
142.49	0
144.53	0
126.64	0
195.60	0
195.99	0
199.74	0
201.50	0
216.77	0
218.63	0
220.08	0
231.99	1
241.84	0
323.56	0
323.66	0
328.59	0
328.63	0
334.93	0
336.97	0
348.12	0
349.24	0
351.22	0
358.17	0
359.83	0
360.05	0
362.98	0
365.39	0
180.02	0
180.19	0
183.19	0
184.08	0
187.39	0
195.62	0
197.66	0
199.92	0
185.71	0
191.66	0
205.04	0
206.94	0
208.24	0
215.09	0
222.46	0
226.19	0
162.76	0
225.00	1
298.29	0
299.68	0
302.71	0
302.76	0
304.14	0
307.74	0
261.50	0
319.94	0
322.03	0
322.87	0
325.17	0
325.70	0
333.86	0
334.47	0
183.77	1
235.35	0
235.47	0
244.78	0
245.59	0
247.36	0
247.46	0
248.59	0
9.17	1
153.57	0
169.39	0
170.93	0
176.32	0
177.54	0
183.29	0
187.99	0
10.77	1
140.07	0
140.92	0
143.65	0
144.39	0
155.61	0
155.88	0
163.58	0
168.87	0
172.67	0
172.71	0
173.36	0
176.14	0
179.82	0
191.19	0
195.46	0
20.11	1
38.61	1
44.48	1
44.51	0
55.23	1
96.55	0
106.62	1
110.83	0
109.72	1
133.80	0
162.69	0
168.57	0
187.33	0
189.33	0
194.70	0
195.19	0
176.59	0
178.42	0
206.39	0
220.83	0
221.54	0
239.82	0
247.15	0
249.57	0
141.27	0
202.74	0
204.33	0
204.61	0
212.15	0
215.94	0
219.12	0
219.36	0
254.19	0
258.38	0
267.18	0
269.10	0
282.33	0
284.18	0
287.56	0
291.02	0
296.05	0
321.34	0
331.56	0
336.42	0
351.28	0
356.26	0
356.80	0
357.02	0
140.70	0
144.58	0
144.85	0
145.94	0
146.51	0
148.93	0
153.43	0
153.90	0
291.74	1
337.36	1
391.34	0
395.47	0
405.98	0
411.75	0
422.49	0
433.03	0
89.02	0
152.13	0
294.12	0
295.18	0
305.10	0
305.50	0
305.57	0
307.01	0
423.01	0
444.72	0
445.08	0
458.76	0
462.29	0
476.92	0
483.27	0
484.47	0
142.03	0
145.57	0
151.34	0
153.65	0
156.55	0
156.60	0
164.38	0
167.93	0
169.33	0
175.72	0
177.82	0
178.41	0
178.74	0
187.29	0
191.14	0
196.73	0
294.57	0
306.14	0
311.46	0
313.77	0
324.56	0
329.88	0
330.74	0
332.96	0
543.09	0
544.89	0
546.69	0
548.23	0
548.92	0
549.85	0
554.73	0
559.00	0
85.91	1
162.78	0
168.01	0
174.82	0
176.51	0
181.32	0
184.65	0
186.65	0
73.14	1
125.89	0
157.71	0
176.26	0
178.14	0
178.94	0
181.87	0
185.61	0
18.71	1
158.29	0
158.59	0
162.07	0
164.35	0
167.10	0
168.67	0
172.23	0
5.85	1
50.95	0
51.91	0
52.67	0
54.06	0
71.06	0
73.95	0
92.82	0
178.86	0
211.13	1
241.41	0
253.18	0
257.57	0
259.92	0
262.36	0
263.64	0
246.65	0
247.94	0
253.97	0
256.28	0
258.37	0
262.09	0
263.24	0
266.76	0
115.73	0
118.08	0
119.18	0
120.38	0
120.68	0
121.28	0
137.21	0
147.78	0
161.70	0
182.61	1
195.91	0
198.16	1
206.93	0
221.18	1
225.99	0
235.75	1
258.90	0
260.99	0
262.20	0
264.19	0
265.34	0
266.86	0
266.88	0
275.18	0
248.72	1
260.17	1
273.11	0
291.25	0
291.67	0
292.14	0
297.84	0
298.74	0
81.37	1
139.78	0
160.65	1
167.40	0
182.28	0
191.73	0
196.20	0
202.38	0
5.78	1
8.98	1
147.62	0
158.61	0
164.16	0
164.60	0
170.51	0
172.34	0
3.64	1
11.05	1
140.10	0
140.97	0
141.74	0
143.77	0
145.76	0
146.93	0
237.95	0
241.26	0
241.48	0
242.56	0
247.06	0
253.11	0
254.89	0
259.66	0
363.09	0
379.75	0
382.94	0
389.71	0
390.03	0
391.60	0
398.16	0
400.00	0
146.02	0
222.20	0
223.25	0
226.16	0
226.30	0
227.88	0
229.32	0
229.58	0
238.94	0
242.50	0
242.69	0
243.07	0
243.46	0
261.16	0
262.62	0
264.32	0
135.37	0
138.10	0
140.29	0
148.10	0
150.35	0
152.92	0
154.07	0
162.54	0
219.38	0
221.80	0
222.59	0
222.77	0
223.78	0
227.94	0
230.40	0
236.37	0
178.39	0
240.96	0
264.50	0
272.42	0
276.32	0
293.02	0
305.93	0
312.54	0
122.25	1
186.72	0
228.63	1
266.05	0
288.85	0
304.64	0
322.50	0
341.75	0
95.06	0
182.57	0
211.94	0
288.74	0
300.38	0
316.43	0
372.92	0
377.53	0
213.28	1
235.45	0
246.96	0
310.11	0
311.33	0
312.20	0
315.28	0
316.55	0
32.37	1
192.71	0
194.22	0
205.52	0
208.48	0
208.91	0
212.12	0
212.16	0
134.93	0
192.40	0
209.16	0
212.32	0
213.59	0
223.18	0
228.13	0
231.75	0
161.11	0
169.84	0
170.31	0
171.78	0
171.87	0
189.18	0
191.87	0
192.84	0
197.16	0
255.47	0
259.17	0
261.43	0
262.40	0
264.05	0
264.15	0
265.33	0
148.67	0
150.19	0
152.29	0
156.32	0
157.63	0
160.29	0
160.54	0
161.07	0
155.03	0
169.29	0
169.39	0
171.64	0
171.67	0
174.92	0
175.37	0
176.42	0
115.19	0
115.70	0
119.07	0
122.80	0
122.96	0
145.89	0
145.96	0
147.18	0
114.80	0
117.82	0
118.22	0
121.02	0
121.99	0
132.12	0
139.50	0
140.93	0
86.41	0
91.71	0
92.64	0
93.49	0
93.77	0
107.99	0
108.96	0
111.41	0
146.05	0
165.40	0
184.94	0
193.86	0
196.36	0
197.75	0
198.61	0
200.31	0
90.21	0
139.38	1
178.48	0
197.71	0
210.43	0
214.99	0
215.70	0
218.24	0
101.14	0
128.27	0
177.51	0
177.54	0
177.63	0
178.28	0
178.34	0
179.64	0
115.78	1
145.72	0
178.67	0
178.94	0
179.72	0
181.16	0
181.64	0
181.84	0
16.11	1
117.67	0
119.95	0
120.35	0
122.89	0
124.90	0
129.81	0
136.48	0
149.31	1
162.67	0
165.15	0
165.79	0
166.56	0
168.36	0
170.63	0
176.05	0
49.68	1
136.08	0
156.44	0
157.44	0
175.45	0
179.82	0
180.75	0
180.83	0
72.96	1
119.55	0
147.47	0
160.58	0
166.90	0
169.93	0
170.01	0
171.50	0
98.42	1
200.04	0
242.14	0
242.34	0
243.25	0
244.39	0
247.69	0
249.77	0
138.20	0
138.83	0
139.54	0
139.85	0
142.45	0
157.35	0
158.17	0
164.82	0
148.53	0
150.82	0
151.01	0
151.68	0
155.48	0
157.68	0
157.82	0
158.72	0
69.24	0
69.24	0
69.51	0
70.29	0
71.73	0
93.14	0
96.59	0
101.59	0
186.40	0
187.68	0
192.00	0
192.07	0
192.40	0
193.87	0
194.63	0
195.58	0
76.73	0
77.52	0
77.83	0
77.90	0
78.61	0
92.53	0
103.01	0
106.36	0
157.73	0
159.28	0
159.65	0
161.46	0
162.66	0
164.21	0
165.84	0
170.68	0
85.70	0
88.80	0
90.48	0
90.98	0
92.19	0
98.54	0
109.06	0
111.65	1
121.83	0
123.09	0
123.98	0
125.03	0
126.95	0
127.44	0
132.32	0
135.71	0
63.90	0
70.53	0
71.17	0
71.88	0
74.17	0
75.68	0
76.10	0
80.72	0
3.96	1
18.12	1
39.23	1
40.33	0
42.30	1
54.64	1
91.54	0
105.72	0
138.55	1
156.93	0
157.20	1
164.06	0
164.30	0
165.91	0
167.49	0
167.68	0
262.35	0
264.40	0
275.85	0
276.22	0
280.79	0
282.83	0
285.03	0
288.62	0
196.07	0
225.11	0
232.93	0
244.03	0
247.67	0
249.48	0
249.78	0
253.78	0
206.64	0
232.40	0
250.97	0
262.71	0
273.15	0
273.21	0
273.56	0
277.30	0
110.22	0
110.30	0
112.58	0
113.69	0
114.62	0
115.03	0
117.62	0
125.23	0
131.45	0
132.73	0
147.99	0
160.13	0
164.01	0
170.37	0
172.99	0
175.87	0
165.55	0
165.57	0
199.19	0
205.96	0
210.99	0
214.66	0
220.46	0
220.68	0
358.40	0
374.14	0
374.57	0
376.58	0
377.44	0
378.18	0
378.35	0
378.36	0
361.92	0
365.79	0
367.52	0
368.07	0
368.84	0
369.20	0
370.45	0
372.74	0
113.18	1
139.08	0
143.84	0
144.29	0
144.87	0
150.70	0
151.69	0
152.78	0
165.43	0
165.93	0
167.49	0
169.20	0
172.95	0
173.02	0
173.28	0
177.19	0
224.16	0
240.86	0
267.13	0
268.31	0
269.21	0
271.23	0
272.71	0
273.88	0
117.06	1
131.61	1
396.01	0
396.66	0
397.24	0
406.02	0
407.36	0
407.83	0
110.29	0
133.41	0
202.67	0
215.60	0
219.11	0
219.14	0
219.24	0
219.79	0
174.70	0
185.08	0
223.69	1
232.85	0
233.27	0
234.01	0
236.13	0
236.67	0
4.32	1
8.95	1
16.33	1
37.22	0
39.96	1
40.89	1
55.90	1
89.10	0
138.17	0
145.94	0
146.93	0
149.79	0
150.39	0
151.38	0
153.44	0
160.77	0
147.59	0
147.60	0
152.29	0
154.09	0
155.34	0
155.65	0
156.13	0
165.03	0
70.29	1
73.80	1
144.32	1
147.71	0
147.72	0
160.80	0
164.89	0
167.58	0
7.16	1
7.38	1
8.75	1
144.83	0
153.49	0
157.03	0
157.57	0
161.94	0
6.58	1
6.79	1
8.83	1
138.61	0
138.91	0
139.09	0
140.77	0
141.20	0
71.57	0
74.24	0
80.38	0
82.31	0
83.18	0
84.60	0
88.66	0
91.21	0
8.70	1
9.02	1
12.64	1
16.02	1
29.70	0
32.68	1
33.21	1
47.06	1
94.21	1
124.24	1
128.65	1
128.83	0
169.83	1
170.44	0
177.59	0
186.53	0
5.92	1
6.63	1
7.27	1
8.21	1
141.99	0
156.93	0
163.28	0
164.24	0
6.78	1
7.13	1
7.28	1
7.36	1
134.28	0
136.63	0
137.74	0
138.65	0
97.38	1
128.52	0
134.28	0
139.03	0
139.59	0
139.93	0
140.23	0
142.60	0
175.40	0
181.20	0
185.89	0
186.33	0
186.73	1
190.29	0
190.57	0
190.75	0
308.18	0
313.96	0
317.42	0
317.49	0
317.75	0
319.15	0
320.14	0
320.16	0
196.71	0
230.18	0
237.17	0
238.22	0
238.32	0
239.49	0
243.56	0
243.70	0
370.40	0
396.67	0
398.47	0
401.47	0
414.25	0
417.58	0
421.02	0
422.24	0
411.39	0
432.53	0
442.05	0
454.83	0
459.15	0
459.66	0
465.77	0
467.61	0
354.73	0
357.36	0
357.88	0
360.16	0
360.83	0
362.66	0
363.71	0
370.95	0
182.17	0
185.62	0
186.84	0
186.84	0
189.27	0
189.75	0
199.76	0
203.42	0
374.99	0
486.82	0
487.17	0
496.12	0
498.52	0
499.29	0
499.64	0
501.77	0
44.58	1
165.17	0
167.03	0
168.36	0
169.33	0
170.36	0
173.34	0
176.36	0
214.26	0
221.28	0
232.33	0
233.24	0
261.60	0
263.39	1
264.78	0
264.79	0
230.18	0
231.30	0
231.63	0
232.88	0
232.98	0
233.50	0
234.76	0
234.87	0
126.15	1
161.03	0
195.30	0
196.58	0
198.80	0
207.48	0
210.66	0
213.56	0
7.77	1
167.29	0
185.56	0
186.83	0
191.21	0
193.50	0
194.68	0
195.85	0
3.51	1
119.94	0
123.75	0
125.65	0
126.08	0
126.12	0
131.03	0
132.32	0
13.30	1
76.05	1
183.79	0
190.64	0
192.64	0
194.30	0
198.28	0
198.63	0
124.25	0
139.13	0
139.77	1
140.89	1
148.90	0
149.55	0
152.74	0
153.54	0
176.99	0
211.31	0
214.52	0
218.85	0
226.85	0
228.16	0
231.38	0
233.57	0
262.55	0
268.82	0
271.82	0
273.58	0
275.36	0
275.51	0
275.64	0
277.13	0
27.90	1
72.58	0
77.76	0
78.61	0
84.31	0
84.73	0
85.95	0
87.47	0
7.08	1
13.26	1
18.65	1
19.15	1
29.24	1
43.04	1
49.09	0
49.59	1
123.65	0
142.83	0
167.27	0
175.08	0
176.32	0
178.37	0
179.31	0
179.47	0
7.43	1
11.18	1
161.40	0
166.86	0
181.98	0
184.16	0
187.79	0
190.30	0
2.84	1
4.41	1
120.43	0
124.69	0
125.77	0
126.63	0
127.56	0
131.54	0
9.57	1
9.72	1
70.02	1
174.25	0
179.59	0
182.34	0
186.22	0
186.53	0
32.14	1
91.05	1
120.12	0
123.08	0
125.50	0
125.67	0
127.17	0
128.25	0
73.07	1
134.66	0
135.02	0
144.53	0
150.24	0
152.23	0
152.93	0
159.00	0
207.50	0
207.51	0
208.56	0
208.71	0
208.91	0
209.98	0
210.07	0
212.59	0
172.37	0
172.97	0
173.82	0
175.97	0
177.16	0
177.36	0
178.96	0
179.34	0
107.79	0
145.06	0
149.70	0
152.58	0
155.04	0
158.86	0
159.67	0
169.45	0
218.16	1
244.65	0
248.24	0
251.97	0
259.65	0
259.90	0
260.63	0
260.83	0
176.57	0
180.12	0
182.88	0
185.86	0
185.89	0
187.20	0
188.26	0
190.90	0
307.83	0
310.33	0
314.62	0
315.11	0
316.47	0
316.99	0
317.13	0
317.93	0
264.24	0
264.77	0
280.44	0
296.01	0
298.69	0
301.48	0
303.50	0
304.90	0
547.37	0
561.98	0
565.58	0
569.91	0
576.82	0
580.12	0
581.93	0
582.38	0
190.44	0
195.47	0
195.95	0
199.99	0
200.89	0
202.59	0
203.40	0
206.46	0
266.64	0
267.14	0
270.01	0
270.41	0
272.86	0
273.65	0
275.35	0
276.44	0
205.22	0
206.01	0
207.04	0
212.50	0
213.60	0
214.44	0
215.24	0
224.19	0
260.87	0
273.17	0
276.94	0
285.00	0
285.67	0
287.92	0
289.61	0
291.70	0
175.70	0
179.97	0
180.89	0
187.15	0
188.05	0
188.81	0
190.24	0
192.00	0
20.98	1
43.39	1
73.75	0
78.41	0
79.65	0
80.66	0
83.57	0
84.15	0
5.90	1
5.96	1
7.03	1
7.17	1
7.94	1
17.39	1
37.20	0
37.50	1
111.66	0
115.46	0
151.21	0
152.68	0
153.84	0
154.18	0
156.13	0
156.52	0
152.45	0
163.64	0
177.96	0
179.52	0
180.69	0
188.62	0
190.06	0
190.33	0
98.03	1
114.81	0
140.72	0
152.95	0
156.36	0
159.89	0
163.85	0
164.38	0
67.34	1
100.27	1
121.12	0
152.71	0
153.54	0
154.42	0
164.52	0
165.03	0
5.26	1
6.25	1
7.97	1
165.69	0
170.42	0
172.44	0
176.73	0
184.28	0
1.77	1
2.08	1
3.69	1
119.37	0
124.38	0
124.38	0
125.32	0
125.69	0
4.13	1
8.43	1
8.64	1
66.76	1
167.82	0
169.48	0
172.58	0
179.37	0
197.87	0
212.42	0
241.74	0
242.12	0
242.18	0
245.70	0
245.88	0
247.01	0
122.74	0
127.86	0
129.39	0
129.59	0
131.26	0
133.77	0
139.10	0
144.79	0
139.29	0
140.13	1
141.90	0
174.43	0
184.54	0
189.92	0
191.94	0
198.00	0
81.26	1
157.96	0
192.00	0
204.59	0
205.51	0
205.69	0
206.02	0
206.21	0
239.92	1
470.11	0
470.34	0
472.07	0
489.65	0
490.14	0
492.26	0
492.82	0
51.43	1
199.31	0
201.54	0
231.28	0
234.75	0
237.17	0
239.19	0
243.85	0
140.79	0
232.03	0
252.30	0
276.38	0
303.31	0
313.79	0
318.81	0
320.20	0
79.64	1
151.59	0
176.70	0
180.56	0
182.47	0
182.48	0
184.23	0
184.39	0
72.03	1
238.85	0
242.29	0
244.80	0
247.33	0
248.36	0
249.78	0
253.72	0
100.88	0
179.79	0
182.68	0
182.91	0
191.69	0
191.80	0
193.29	0
194.80	0
110.77	0
111.87	0
132.38	0
144.17	0
144.71	0
146.78	1
147.63	0
149.85	0
52.16	1
106.98	1
128.72	0
137.19	0
141.73	0
143.21	0
143.51	0
145.65	0
138.14	0
140.25	0
141.17	0
142.54	0
143.08	0
143.43	0
151.25	0
151.77	0
19.66	1
20.55	1
28.85	1
68.70	0
72.92	0
73.72	0
75.81	0
77.75	0
1.39	1
4.64	1
5.00	1
6.88	1
7.18	1
8.10	1
17.20	1
37.29	1
162.49	0
191.20	0
199.77	0
244.87	0
259.01	0
261.32	0
271.99	0
275.33	0
131.12	0
152.42	0
168.00	0
186.04	0
197.65	0
214.28	0
222.10	0
236.44	0
179.23	0
188.80	0
192.74	0
194.08	0
204.19	0
208.78	0
209.63	0
217.81	0
224.41	0
233.72	0
235.06	0
236.22	0
237.62	0
237.78	0
238.52	0
239.83	0
42.53	0
52.58	0
156.26	0
158.49	0
159.63	0
160.16	0
163.42	0
163.56	0
119.30	1
127.28	1
133.85	0
143.69	0
157.50	0
157.64	0
160.84	0
162.22	0
270.25	0
281.16	0
297.87	0
316.74	0
323.08	0
330.60	0
331.11	0
334.81	0
123.79	1
136.70	1
145.06	1
208.70	1
212.12	0
229.61	0
231.98	0
233.66	0
5.82	1
6.52	1
7.15	1
7.96	1
9.37	1
147.07	0
163.18	0
170.65	0
6.08	1
7.46	1
8.33	1
9.01	1
9.86	1
145.04	0
147.83	0
147.95	0
176.76	0
178.04	0
189.75	0
190.02	1
192.03	0
203.77	1
212.00	0
217.99	1
35.96	1
74.97	1
86.27	0
115.41	1
141.96	0
144.16	0
170.97	0
175.53	0
4.02	1
6.39	1
7.71	1
8.72	1
174.12	0
178.67	0
179.67	0
181.64	0
2.74	1
3.21	1
3.65	1
6.13	1
124.59	0
127.34	0
130.66	0
131.03	0
5.73	1
7.17	1
8.19	1
10.85	1
68.58	1
172.50	0
173.05	0
175.14	0
59.36	0
186.78	0
204.69	0
212.32	0
224.28	0
243.94	0
246.97	0
247.19	0
48.94	1
231.41	0
236.27	0
242.47	0
243.07	0
248.27	0
248.52	0
249.80	0
3.17	1
127.58	0
130.03	0
131.43	0
133.36	0
135.26	0
135.73	0
140.06	0
13.61	1
76.74	0
142.91	1
143.22	0
150.17	0
151.22	1
166.49	0
182.93	0
27.79	1
87.83	0
90.94	1
170.61	0
171.88	0
190.05	0
194.86	0
196.15	0
16.62	1
237.17	1
470.06	0
471.98	0
472.79	0
474.48	0
483.30	0
486.94	0
8.36	1
57.60	1
206.27	0
209.69	0
241.04	0
245.96	0
246.06	0
250.15	0
18.90	0
135.14	1
180.05	0
223.57	0
231.10	0
246.87	0
262.67	0
281.42	0
23.37	1
86.48	1
140.09	0
165.20	0
174.18	0
186.08	0
186.72	0
190.58	0
5.22	1
71.34	1
219.92	0
234.93	0
238.77	0
239.17	0
241.46	0
243.54	0
3.86	1
104.00	0
178.92	0
181.54	0
182.31	0
190.37	0
191.10	0
191.11	0
13.43	1
123.99	0
126.45	0
127.52	0
138.68	0
146.64	1
148.05	0
152.11	0
31.36	1
66.16	1
119.94	1
124.73	1
125.92	0
131.29	0
137.21	0
140.57	0
144.00	0
202.31	0
208.40	0
209.48	0
213.10	0
214.04	0
216.50	0
217.47	0
280.76	0
284.70	0
284.84	0
286.27	0
287.27	0
287.49	0
288.11	0
289.01	0
176.55	0
180.86	0
183.40	0
184.77	0
185.47	0
186.64	0
187.52	0
192.17	0
138.78	0
164.32	0
164.67	0
165.16	0
165.85	0
170.42	0
172.11	0
176.27	0
8.35	1
19.30	1
26.25	1
28.10	1
75.37	0
75.94	0
82.06	0
82.36	0
3.59	1
3.76	1
5.09	1
5.30	1
8.93	1
14.06	1
14.81	1
23.80	1
146.03	1
178.43	0
223.05	0
225.90	0
227.08	0
228.14	0
229.13	0
229.33	0
215.57	0
262.12	0
273.43	0
286.34	0
288.10	0
288.20	0
289.09	0
300.32	0
163.79	1
195.63	0
205.42	1
221.53	1
246.52	1
247.36	0
248.86	0
251.26	1
81.34	0
184.92	0
200.03	0
231.60	0
239.27	0
246.61	0
246.97	0
249.42	0
237.97	0
270.44	0
274.58	0
274.58	0
277.40	0
279.26	0
285.58	0
286.43	0
289.36	0
290.29	0
291.11	0
291.35	0
292.13	0
294.16	0
294.85	0
296.84	0
424.22	0
426.07	0
427.69	0
437.02	0
437.79	0
440.23	0
440.36	0
440.55	0
160.73	1
165.97	1
168.45	0
171.36	1
172.39	0
180.21	0
183.17	0
183.18	0
172.47	0
191.75	0
208.66	0
209.47	0
210.49	0
213.45	0
214.76	0
215.17	0
148.85	1
168.12	1
179.51	1
206.71	0
214.66	0
215.30	0
220.76	0
222.00	0
137.69	0
138.24	0
159.91	0
161.67	0
162.00	0
165.64	0
169.22	0
171.45	0
158.40	0
159.33	0
160.98	0
161.33	0
161.72	0
164.40	0
166.32	0
166.65	0
276.39	0
277.24	0
277.63	0
279.76	0
279.81	0
280.08	0
280.59	0
281.07	0
172.97	0
179.44	0
182.40	0
185.91	0
186.27	0
189.66	0
190.39	0
191.54	0
271.22	0
273.62	0
275.61	0
276.13	0
278.98	0
279.27	0
280.21	0
281.22	0
184.99	0
185.58	0
186.98	0
187.42	0
189.36	0
189.87	0
191.21	0
194.93	0
75.80	1
79.56	1
83.19	1
89.04	1
103.08	1
129.69	0
130.51	0
134.14	0
1.87	1
2.86	1
3.83	1
4.84	1
6.17	1
6.30	1
7.08	1
11.87	1
18.67	1
104.51	1
129.98	0
136.04	1
140.25	1
162.80	0
164.36	0
172.17	1
2.24	1
5.74	1
6.22	1
7.26	1
7.45	1
8.12	1
142.50	0
155.59	0
2.69	1
6.46	1
6.59	1
6.79	1
7.76	1
7.88	1
137.19	0
137.65	0
49.02	1
78.11	1
143.67	1
151.69	0
158.89	0
158.93	0
161.45	0
161.91	0
137.85	0
195.06	0
205.07	0
214.54	0
226.03	0
228.95	0
235.39	0
238.67	0
99.62	0
133.59	0
152.90	0
156.84	0
157.37	0
157.50	0
162.18	0
164.08	0
238.85	0
239.52	0
241.93	0
243.88	0
246.32	0
248.41	0
248.68	0
252.06	0
182.89	0
206.86	1
226.88	1
232.64	0
253.31	1
260.35	1
266.15	0
267.63	0
229.45	0
260.70	0
297.15	0
317.98	0
318.27	0
322.02	0
323.96	0
324.26	0
274.74	0
299.87	0
305.41	0
309.18	0
311.09	0
311.51	0
315.03	0
327.12	0
216.67	0
223.96	0
225.49	0
229.71	0
232.84	0
234.20	0
236.34	0
237.23	0
83.20	0
97.35	0
97.42	0
98.71	0
99.76	0
100.60	0
102.36	0
103.42	0
147.07	0
159.15	0
167.48	0
172.56	0
174.67	0
175.12	0
178.37	0
178.67	0
96.41	0
101.03	0
101.34	0
102.69	0
109.29	0
109.31	0
113.32	0
118.13	0
143.06	0
146.57	0
147.95	0
149.63	0
149.95	0
150.13	0
150.25	0
151.58	0
53.53	1
63.28	0
74.74	0
89.62	0
91.59	0
92.65	0
92.89	0
97.81	0
229.71	0
233.69	0
238.71	0
243.89	0
248.13	0
251.13	0
251.73	0
251.84	0
156.76	0
157.38	0
163.13	0
166.43	0
174.29	0
175.02	0
177.57	0
179.76	0
254.68	0
262.62	0
271.84	0
276.28	0
276.89	0
277.61	0
285.12	0
291.60	0
197.40	0
206.10	0
208.16	0
208.73	0
210.18	0
212.74	0
220.94	0
225.70	0
285.41	0
286.86	0
288.85	0
290.31	0
292.01	0
296.43	0
298.21	0
298.39	0
339.35	0
404.13	0
405.88	0
406.22	0
406.26	0
407.06	0
410.42	0
410.49	0
188.66	0
205.15	0
217.67	0
217.69	0
218.25	0
219.12	0
220.33	0
220.80	0
208.13	0
228.81	0
228.98	0
231.16	0
232.73	0
236.91	0
240.71	0
240.83	0
54.34	0
58.28	0
64.24	0
68.25	0
72.94	0
74.37	0
82.51	0
83.14	0
120.56	0
126.28	0
140.24	0
144.62	0
146.93	0
147.98	0
149.21	0
149.48	0
178.52	0
183.36	0
185.53	0
190.30	0
191.24	0
191.73	0
193.65	0
200.97	0
7.50	1
10.82	1
46.51	0
48.76	0
49.71	0
50.04	0
56.76	0
60.00	0
37.88	1
42.34	1
43.09	1
43.50	1
49.21	1
96.90	0
101.67	0
102.34	0
2.38	1
4.40	1
6.81	1
8.39	1
8.65	1
11.11	1
12.39	1
17.37	1
127.45	0
131.24	0
138.57	0
154.02	0
163.28	0
166.44	0
167.11	0
168.14	0
90.93	0
104.64	0
104.90	0
107.11	0
108.14	0
108.76	0
114.84	0
117.39	0
96.61	0
131.79	0
135.46	0
135.70	0
136.98	0
138.15	0
139.81	0
142.35	0
138.78	1
155.74	0
174.65	0
175.35	0
178.31	0
178.70	0
178.93	0
185.85	0
84.55	1
171.54	0
174.97	0
179.53	0
183.73	0
184.87	0
188.37	0
189.37	0
29.90	1
98.40	0
106.65	0
108.39	0
133.30	0
136.27	0
140.35	0
145.39	0
102.77	0
216.45	0
221.05	0
221.17	0
222.30	0
225.95	0
226.33	0
226.94	0
92.94	1
148.08	0
187.38	0
189.86	0
200.90	0
202.73	0
210.54	0
211.92	0
21.26	1
131.05	0
134.94	0
135.40	0
136.06	0
137.66	0
144.42	0
144.68	0
67.51	1
223.08	0
224.06	0
224.55	0
224.82	0
227.20	0
229.57	0
231.37	0
149.10	0
174.15	0
177.65	0
180.19	0
180.56	0
182.08	0
193.07	0
201.66	0
52.63	1
187.56	0
189.44	0
190.18	0
191.81	0
199.64	0
213.26	0
215.17	0
11.54	1
87.25	0
100.89	0
102.54	0
103.51	0
104.74	0
107.76	0
108.08	0
242.84	0
289.36	0
292.08	0
293.87	0
295.24	0
295.65	0
296.42	0
297.63	0
67.15	0
101.98	0
115.22	0
120.78	0
123.55	0
125.15	0
125.24	0
127.31	0
144.95	0
175.13	0
185.45	0
186.63	0
187.05	0
191.39	0
191.43	0
195.96	0
324.95	0
328.83	0
329.49	0
332.18	0
334.69	0
338.26	0
341.72	0
341.77	0
335.87	0
347.30	0
349.66	0
349.85	0
352.09	0
353.19	0
353.31	0
353.60	0
186.09	0
186.57	0
186.83	0
191.38	0
191.80	0
193.78	0
196.54	0
198.38	0
99.89	0
100.54	1
104.36	0
115.50	0
118.12	1
120.55	0
123.35	0
123.39	0
122.52	0
123.71	0
138.62	0
139.13	0
139.99	0
140.84	0
141.26	0
143.33	0
29.32	1
83.18	0
90.56	0
91.37	0
94.51	0
94.83	0
95.36	0
96.53	0
234.57	0
235.14	0
236.02	0
236.63	0
240.29	0
242.58	0
242.92	0
243.65	0
190.87	0
190.92	0
191.11	0
191.44	0
194.00	0
194.31	0
196.27	0
200.21	0
23.43	1
29.76	1
63.29	0
73.28	0
74.38	0
77.05	0
77.30	0
77.41	0
167.75	0
169.80	0
171.08	0
171.18	0
174.38	0
174.77	0
175.93	0
183.16	0
286.65	0
293.91	0
295.68	0
299.20	0
300.16	0
300.98	0
301.54	0
304.11	0
26.66	1
32.29	1
65.17	0
76.05	0
76.95	0
77.85	0
78.36	0
79.30	0
199.97	0
200.84	0
203.95	0
204.54	0
204.61	0
205.39	0
207.68	0
207.81	0
22.72	1
23.04	1
49.96	0
64.83	0
72.36	0
74.76	0
74.97	0
76.13	0
164.66	0
167.54	0
169.81	0
170.06	0
170.13	0
170.16	0
173.13	0
173.91	0
25.08	1
37.76	0
50.29	1
56.73	0
59.51	0
90.61	0
91.13	0
93.23	0
191.23	0
191.57	0
191.98	0
192.86	0
195.55	0
199.65	0
199.83	0
201.45	0
198.64	0
200.07	0
200.53	0
202.10	0
204.66	0
204.94	0
205.14	0
214.28	0
203.51	0
210.82	0
211.98	0
212.61	0
213.79	0
214.36	0
214.69	0
216.97	0
16.25	1
20.43	1
22.37	1
22.57	1
33.40	1
34.41	1
62.34	0
66.00	0
5.00	1
6.39	1
6.42	1
10.58	1
10.84	1
12.62	1
13.54	1
15.72	1
26.55	1
29.80	1
107.84	1
125.69	0
130.87	1
151.78	0
152.09	1
165.56	0
1.63	1
2.27	1
6.09	1
6.12	1
6.57	1
7.41	1
8.24	1
141.29	0
2.28	1
2.30	1
5.64	1
5.75	1
5.94	1
6.90	1
7.58	1
137.51	0
148.47	1
181.16	1
189.19	1
208.35	0
231.86	0
240.52	0
243.00	0
244.67	0
153.32	1
204.69	1
226.33	0
241.60	0
256.87	0
266.30	0
283.70	0
296.43	0
25.85	1
29.73	1
96.58	0
103.29	0
110.94	0
117.73	0
126.52	0
137.22	0
109.56	0
141.29	0
212.28	0
255.14	0
273.97	0
280.99	0
282.02	0
284.23	0
141.91	0
145.09	0
146.05	0
147.97	0
148.02	0
148.17	0
148.50	0
151.27	0
117.86	0
162.59	0
174.37	1
182.60	0
186.75	0
200.92	0
203.56	0
219.53	0
58.04	1
64.66	0
66.02	0
67.37	1
75.69	1
76.00	1
77.21	1
80.13	0
99.28	1
111.75	1
113.44	1
126.06	0
126.22	0
127.83	0
128.34	0
131.08	0
182.68	0
184.95	0
186.28	0
186.36	0
193.49	0
193.65	0
196.00	0
196.22	0
200.16	0
204.85	0
206.10	0
207.39	0
207.51	0
207.64	0
209.68	0
210.29	0
120.40	0
123.62	0
136.15	0
138.04	0
138.82	0
140.92	0
141.31	0
141.66	0
127.00	0
138.72	0
147.38	0
147.69	0
150.64	0
150.84	0
151.53	0
152.70	0
236.01	0
241.86	0
263.53	0
265.10	0
294.47	0
297.31	0
297.44	0
298.89	0
203.07	1
217.56	0
218.38	0
219.66	1
220.34	1
235.18	0
237.28	0
237.37	0
221.84	0
222.49	0
223.33	0
223.38	0
224.77	0
226.04	0
228.80	0
229.11	0
77.33	0
79.16	0
82.34	0
82.38	0
83.67	0
84.19	0
84.56	0
85.29	0
150.03	1
192.67	0
207.63	0
207.65	0
219.20	0
219.24	0
224.59	0
225.81	0
61.00	0
72.98	0
79.40	0
177.54	0
178.01	0
180.80	0
182.07	0
183.41	0
148.02	0
148.59	0
148.91	0
153.83	0
153.94	0
156.44	0
161.54	0
162.15	0
199.57	0
200.65	0
201.38	0
201.77	0
202.71	0
202.84	0
219.76	0
220.16	0
187.63	0
191.47	0
192.21	0
192.30	0
193.77	0
197.71	0
201.18	0
201.89	0
14.34	1
15.71	1
18.84	1
19.12	1
20.49	1
33.90	1
43.49	1
63.09	0
1.91	1
2.33	1
2.60	1
3.04	1
3.62	1
4.38	1
6.18	1
6.87	1
20.81	1
28.06	1
30.00	1
79.31	1
123.02	1
133.97	1
138.81	0
152.18	0
3.29	1
3.35	1
4.07	1
4.85	1
7.21	1
8.53	1
9.46	1
10.24	1
3.85	1
4.73	1
5.35	1
5.57	1
8.61	1
8.72	1
9.31	1
11.04	1
29.88	1
33.10	1
65.43	1
75.40	1
88.03	0
108.81	0
112.19	0
113.25	0
74.10	1
89.15	1
160.92	0
162.26	0
162.61	0
166.45	0
167.82	0
168.40	0
163.12	0
165.81	0
168.23	0
171.96	0
174.47	0
175.11	0
175.14	0
175.87	0
169.22	0
170.78	0
171.81	0
175.90	0
175.95	0
176.28	0
176.60	0
179.45	0
236.66	0
240.43	0
244.58	0
244.58	0
255.40	0
256.77	0
257.06	0
258.07	0
192.95	0
201.24	0
205.79	0
218.12	0
218.40	0
223.74	0
226.10	0
231.33	0
36.95	1
40.37	1
40.69	1
43.93	1
44.43	1
45.52	1
47.56	1
70.05	1
9.70	0
10.63	0
11.62	0
11.93	0
12.47	0
12.51	0
12.94	0
17.59	0
26.74	1
27.13	1
27.25	1
27.99	1
28.51	1
29.71	1
31.34	1
32.70	1
52.26	1
92.67	0
92.67	0
93.07	0
94.65	0
127.39	0
131.39	0
133.80	0
46.66	1
171.75	0
173.01	0
180.81	0
182.51	0
182.78	0
186.32	0
190.97	0
63.88	1
93.80	0
107.99	0
110.91	1
130.32	0
131.67	0
132.16	0
138.55	0
54.37	1
66.36	1
85.32	1
94.06	0
98.60	1
103.61	1
109.86	1
113.58	1
4.07	1
4.47	1
4.83	1
5.00	1
5.49	1
5.67	1
6.49	1
6.63	1
3.31	1
3.93	1
4.86	1
5.12	1
5.29	1
5.70	1
5.95	1
6.84	1
123.93	1
138.35	1
144.34	1
156.50	1
167.25	0
194.40	1
196.51	0
203.11	0
175.96	0
188.28	0
209.31	0
210.62	0
211.55	0
214.04	0
214.86	0
215.23	0
82.95	1
85.72	1
90.95	0
93.36	0
94.78	0
97.42	0
98.33	0
105.24	1
141.72	1
154.36	1
158.48	1
171.35	0
178.60	0
182.60	0
183.34	1
185.12	0
177.58	1
229.10	0
237.18	0
243.84	0
245.50	0
247.28	0
247.61	0
249.19	0
231.32	0
237.07	0
251.40	0
265.00	0
265.83	0
265.94	0
266.00	0
266.94	0
179.12	1
179.24	1
226.22	0
236.54	0
245.50	0
246.95	0
253.96	0
258.52	0
171.58	0
173.69	0
175.02	0
175.61	0
175.62	0
180.40	0
183.61	0
183.67	0
260.59	0
261.27	0
266.20	0
268.58	0
277.40	0
278.34	0
279.65	0
279.79	0
194.86	0
223.03	0
225.65	0
227.37	0
228.98	0
229.24	0
230.97	0
234.75	0
109.97	0
138.67	0
144.17	0
148.23	0
149.40	0
152.23	0
152.94	0
153.34	0
68.05	1
90.99	0
99.28	0
103.28	0
110.59	1
112.24	0
115.48	0
117.23	0
19.11	1
54.80	1
60.18	1
64.64	1
96.82	0
109.77	0
112.66	0
119.19	0
23.61	1
86.47	1
88.56	0
89.21	0
92.00	1
105.43	0
106.51	0
110.30	0
14.96	1
83.91	0
102.74	1
114.11	0
114.95	0
115.97	0
116.88	0
119.58	0
45.17	1
78.35	0
84.13	0
84.70	0
84.76	0
86.06	0
87.01	0
87.86	0
89.67	0
94.81	0
100.16	0
119.86	0
122.60	0
125.00	0
127.66	0
130.80	0
4.74	1
10.04	1
10.35	1
48.34	0
49.92	0
51.27	0
53.97	0
68.02	0
128.02	0
128.51	0
134.38	0
143.68	0
147.03	0
148.94	0
150.37	0
150.86	0
185.93	0
198.94	0
202.26	0
204.25	0
212.87	0
214.71	0
216.18	0
218.83	0
129.09	0
133.90	0
146.77	0
152.42	0
152.83	0
153.52	0
155.80	0
158.28	0
59.56	1
60.68	1
61.34	1
61.34	1
68.85	1
71.25	1
169.91	0
169.95	0
223.86	0
226.56	0
229.37	0
231.40	0
231.60	1
232.30	0
233.32	0
234.85	1
26.29	1
48.98	1
55.02	0
82.13	0
144.24	0
146.71	0
146.85	0
147.11	0
35.52	1
42.54	1
42.86	1
46.05	1
47.74	1
48.63	1
48.70	1
48.95	0
10.11	1
10.58	1
10.70	1
11.35	1
13.71	1
13.86	1
16.02	1
16.08	1
67.20	0
139.21	0
140.92	0
141.43	0
142.23	0
147.08	0
149.38	0
150.06	0
173.69	0
189.33	0
196.63	0
202.11	0
208.47	0
214.00	0
215.59	0
215.94	0
45.00	1
63.53	1
88.32	1
98.12	0
100.71	1
103.40	1
123.46	1
125.08	1
1.74	1
4.38	1
5.22	1
5.87	1
6.04	1
6.19	1
6.83	1
6.91	1
2.17	1
4.62	1
5.35	1
5.82	1
7.60	1
7.80	1
7.91	1
8.17	1
283.55	0
300.56	0
302.02	0
303.40	0
304.53	0
304.89	0
305.30	0
306.44	0
43.10	1
64.38	0
68.47	0
74.14	0
75.45	0
78.08	0
78.52	0
78.75	0
1.56	1
6.46	1
7.33	1
7.79	1
8.07	1
8.93	1
8.98	1
12.72	1
260.77	0
281.35	0
287.97	0
294.40	0
296.64	0
298.11	0
300.30	0
303.93	0
110.83	0
110.85	0
111.50	0
112.28	0
112.61	0
113.05	0
113.81	0
113.92	0
186.47	0
206.48	0
207.19	0
209.41	0
209.58	0
209.65	0
214.33	0
215.19	0
173.42	0
176.33	0
221.28	0
226.51	0
227.04	0
228.17	0
229.98	0
233.75	0
150.75	0
177.92	0
188.81	0
193.11	0
198.47	0
204.20	0
208.88	0
213.34	0
6.32	1
6.95	1
7.01	1
7.43	1
7.46	1
8.47	1
8.91	1
8.95	1
6.25	1
6.31	1
6.90	1
7.48	1
8.42	1
8.53	1
8.66	1
9.72	1
242.77	1
263.96	0
264.19	0
268.72	0
272.42	0
272.89	0
272.91	0
273.80	0
129.73	0
130.70	1
133.39	1
157.64	1
160.86	1
171.56	1
180.51	0
184.09	0
220.59	0
231.35	0
232.91	0
258.38	0
271.42	0
283.87	0
284.97	0
285.52	0
300.22	0
318.19	0
319.30	0
323.04	0
326.06	0
333.26	0
335.27	0
336.99	0
144.54	1
161.62	0
202.48	1
316.97	0
320.24	0
322.54	0
322.89	0
325.79	0
274.31	0
292.01	0
304.66	0
314.83	0
318.14	0
322.29	0
322.32	0
323.00	0
267.44	0
267.86	0
270.40	0
270.56	0
270.62	0
272.95	0
273.12	0
274.20	0
127.54	0
131.29	0
142.90	0
143.21	0
145.00	0
147.40	1
147.90	0
153.79	0
183.78	1
217.74	0
232.25	0
245.92	1
247.34	1
247.51	0
252.40	1
254.09	0
234.52	0
249.27	0
250.08	0
250.89	0
265.18	0
266.68	0
267.07	0
267.58	0
264.06	0
264.87	0
269.99	0
270.94	0
271.58	0
272.38	0
272.64	0
276.79	0
154.38	0
167.52	0
169.91	0
169.99	0
171.70	0
174.31	0
175.21	0
178.19	0
188.59	0
189.57	0
190.63	1
198.18	0
212.87	0
222.05	0
245.50	0
255.08	0
127.33	0
132.76	0
136.40	0
136.59	0
139.49	0
142.52	0
144.42	0
145.07	0
168.87	0
176.04	0
181.60	0
184.08	0
185.14	0
185.36	0
185.53	0
188.93	0
102.55	0
104.85	0
104.95	0
107.29	0
108.04	0
108.86	0
109.28	0
109.63	0
93.06	0
94.32	0
95.26	0
96.11	0
96.43	0
101.11	0
107.79	0
108.95	0
21.49	1
21.95	1
22.02	1
22.75	1
23.14	1
26.17	1
36.97	1
40.87	1
2.68	1
4.77	1
5.62	1
5.72	1
5.93	1
6.57	1
7.09	1
7.30	1
111.45	0
126.18	1
135.74	1
158.07	0
163.87	0
173.58	0
189.95	1
195.95	0
206.88	0
214.81	0
216.12	0
219.03	0
228.38	1
228.94	1
229.60	0
235.54	0
149.67	1
170.40	1
181.58	1
190.44	0
199.78	1
207.76	0
223.19	0
228.52	0
227.97	0
229.38	0
230.16	1
233.68	0
236.76	0
254.70	0
262.73	0
264.70	0
196.51	0
218.43	0
224.28	0
227.06	0
233.07	0
235.83	0
238.89	0
241.27	0
116.92	0
143.09	0
152.25	0
160.45	0
165.06	0
169.12	0
171.93	0
172.72	0
166.28	0
182.82	1
184.12	0
190.76	0
193.18	0
193.42	1
195.14	0
195.34	0
93.22	0
109.34	0
133.87	0
134.00	0
138.50	0
140.22	0
141.00	0
141.40	0
95.05	1
109.66	1
123.20	1
145.50	0
147.35	0
147.80	1
151.04	0
154.84	0
188.85	1
192.68	0
197.50	0
199.00	1
202.04	1
203.68	0
211.37	0
212.37	0
162.26	0
172.64	0
172.76	0
173.24	0
175.70	1
178.28	0
181.96	0
186.17	1
165.31	1
211.64	0
222.02	0
225.88	0
226.19	0
229.52	0
230.11	0
230.99	0
150.90	0
151.46	0
154.65	0
154.75	0
159.63	0
162.06	0
163.28	1
163.58	0
99.81	0
111.07	0
130.61	0
131.37	0
132.30	0
139.13	0
140.63	0
142.89	0
90.07	0
109.44	1
113.77	1
119.07	1
119.63	1
120.78	0
124.80	1
128.06	0
145.74	0
156.67	0
159.44	0
164.43	0
166.51	0
167.17	0
175.08	0
177.25	0
161.70	0
173.26	1
175.34	0
175.64	0
182.49	1
199.49	0
199.96	0
201.37	0
131.38	0
136.26	0
139.38	0
144.05	0
152.23	0
166.01	0
167.89	0
169.21	0
155.68	0
158.57	0
158.59	0
163.47	0
166.33	0
169.49	0
171.46	0
172.44	0
105.56	1
161.10	0
162.97	0
164.54	0
168.01	0
170.98	0
172.74	0
176.18	0
17.70	1
19.63	1
19.83	1
20.71	1
67.44	0
67.63	0
68.35	0
69.14	0
254.07	0
273.11	0
275.48	0
276.38	0
276.77	0
277.86	0
282.66	0
287.02	0
256.64	0
260.69	0
263.28	0
272.84	0
273.46	0
274.19	0
277.78	0
278.36	0
136.11	1
169.34	1
175.81	0
176.14	1
178.59	0
180.68	0
181.64	0
184.10	1
166.06	1
185.12	1
233.71	0
244.07	0
248.01	0
248.31	1
255.58	0
256.68	0
118.55	0
119.52	0
126.79	0
129.47	0
130.34	0
139.58	0
145.37	0
145.48	0
158.31	0
161.50	1
168.91	0
173.27	0
179.61	1
184.17	0
185.25	0
190.76	0
177.20	0
178.58	0
183.13	0
183.26	0
185.51	0
186.77	0
187.56	0
190.48	0
38.35	0
76.45	1
86.03	0
86.71	0
87.83	0
87.86	0
87.98	0
89.93	0
182.64	0
220.99	0
237.84	0
239.21	0
258.09	0
268.36	0
268.72	0
269.65	0
130.38	0
130.92	0
134.31	0
135.56	0
135.72	0
138.30	0
138.51	0
139.36	0
156.15	0
160.30	0
178.48	0
178.92	0
196.47	1
215.40	0
217.65	0
217.90	0
134.53	0
166.46	1
205.37	0
218.66	0
233.29	0
258.50	0
277.11	0
288.87	0
81.98	1
218.48	1
250.04	0
261.74	1
265.92	0
269.15	0
277.07	0
279.32	0
24.05	1
39.08	1
133.02	0
198.47	0
198.73	0
200.38	0
206.05	0
208.51	0
138.45	0
148.50	0
169.48	0
170.17	0
178.25	0
182.31	0
182.58	0
185.41	0
170.54	0
175.11	0
178.88	0
179.78	0
184.03	0
190.10	0
193.89	0
194.05	0
123.82	1
175.90	0
190.44	1
192.67	0
209.05	0
215.30	0
218.93	0
219.68	0
142.00	0
208.12	0
209.68	0
211.38	0
224.75	0
228.28	0
234.55	0
237.94	0
149.56	0
166.66	0
168.75	0
170.27	0
170.34	0
171.04	0
171.12	0
171.71	0
41.77	1
68.19	1
115.94	0
121.21	0
122.03	0
123.36	0
125.66	0
127.20	0
129.38	0
143.59	0
153.45	0
155.95	0
165.93	0
168.06	0
171.96	0
176.23	0
162.12	0
178.15	0
180.02	0
184.68	0
186.12	0
186.43	0
187.13	0
187.81	0
16.06	1
64.81	0
65.49	0
76.41	0
77.82	1
78.77	0
81.66	0
86.05	0
19.19	1
118.39	0
131.76	0
135.74	0
138.41	0
141.91	0
143.72	0
144.36	0
12.16	1
29.53	1
78.83	1
84.85	0
85.05	0
85.08	0
85.53	0
87.21	0
70.01	1
94.70	1
102.05	1
121.25	0
131.31	0
142.18	0
142.95	0
149.74	0
99.95	0
107.72	0
114.21	0
116.77	0
120.53	0
126.72	0
127.13	0
131.13	0
93.50	0
112.55	0
112.69	0
123.44	0
131.27	0
137.46	0
137.96	0
139.62	0
98.97	0
108.03	0
144.96	0
145.03	0
145.62	0
147.52	0
150.91	0
153.18	0
42.36	1
53.61	1
76.69	0
80.94	0
82.06	0
83.63	0
83.95	0
84.90	0
128.48	1
133.13	1
137.58	0
153.07	0
157.24	1
158.38	1
161.88	1
163.54	0
140.57	0
145.94	0
147.72	0
148.27	0
150.58	0
152.16	0
153.03	0
153.84	0
180.49	0
182.56	0
190.46	0
209.22	0
212.54	0
212.57	0
212.77	0
215.26	0
136.07	1
153.80	0
157.12	1
158.27	0
158.58	0
158.94	0
162.57	0
164.54	0
33.86	1
38.16	1
118.99	0
120.94	0
126.31	0
126.55	0
127.00	0
127.51	0
83.14	1
84.83	0
88.48	1
93.99	1
96.63	1
97.33	1
104.11	0
106.04	0
130.89	0
134.33	0
134.37	0
136.66	0
137.71	0
140.02	0
140.16	0
142.42	0
134.25	0
147.09	1
149.69	0
152.36	1
152.63	0
154.25	0
155.33	1
156.60	0
116.34	0
117.80	0
121.14	0
134.13	0
144.50	0
147.34	0
148.96	0
154.29	0
151.87	0
154.63	0
155.39	0
158.35	0
160.67	0
161.55	0
163.26	0
166.42	0
97.89	1
100.55	0
104.03	0
123.46	0
143.88	0
144.01	0
144.91	0
147.43	0
5.02	1
18.51	1
22.40	1
23.84	1
26.30	1
59.60	0
62.14	0
71.25	0
25.84	1
57.65	0
76.76	0
96.37	0
137.01	0
145.68	0
153.12	0
156.12	0
6.54	1
18.82	1
23.69	1
31.18	1
32.59	1
41.55	0
46.09	0
77.25	0
12.18	1
80.93	0
84.74	0
117.64	0
127.47	0
131.45	0
144.85	0
145.03	0
6.45	1
22.44	1
34.28	0
48.02	0
56.26	1
63.67	0
63.74	0
64.38	0
5.58	1
78.39	0
95.29	0
117.57	0
122.31	0
122.89	0
124.17	0
124.32	0
15.12	1
22.14	1
22.27	1
24.84	1
41.19	0
56.01	0
56.38	0
58.71	0
15.75	1
20.11	1
20.26	1
22.27	1
23.22	1
27.50	1
27.89	1
43.39	1
2.51	1
3.12	1
3.13	1
3.49	1
3.66	1
3.66	1
6.37	1
7.15	1
144.57	0
171.55	0
183.87	0
183.87	0
187.20	0
188.15	0
190.34	0
192.39	0
78.03	1
98.90	0
120.94	0
125.83	0
127.57	0
128.40	0
129.38	0
138.34	0
29.93	1
106.98	0
113.58	0
123.93	0
148.62	0
148.75	0
149.06	0
152.30	0
179.43	0
179.95	0
187.81	0
188.11	0
189.79	0
191.59	0
191.90	0
191.95	0
199.87	0
203.58	1
207.09	0
213.41	0
213.44	0
214.92	0
215.14	0
217.17	0
202.66	0
204.15	0
207.74	0
207.77	0
210.38	0
210.84	0
211.64	0
211.67	0
29.13	0
49.23	1
95.99	0
96.11	0
96.43	0
97.66	0
99.72	0
101.77	1
232.29	0
234.24	0
235.03	0
241.00	0
241.69	0
241.76	0
243.82	0
244.02	0
192.91	0
195.54	0
199.06	0
201.61	0
203.47	0
203.71	0
205.47	0
205.93	0
190.89	0
191.88	0
191.97	0
192.93	0
193.45	0
194.45	0
194.75	0
197.47	0
38.83	1
41.34	1
45.35	1
46.76	1
49.19	1
52.54	1
52.78	1
55.53	1
2.46	1
2.48	1
3.24	1
4.41	1
5.29	1
5.40	1
5.59	1
6.18	1
130.39	0
142.61	0
147.56	0
152.41	0
158.37	0
167.45	0
171.20	0
173.71	0
135.11	0
142.28	0
143.18	0
157.24	0
158.16	0
158.77	0
161.29	0
161.84	0
89.44	0
100.66	0
101.17	0
102.84	0
103.01	0
103.41	0
103.71	0
104.02	0
107.01	0
111.18	0
113.07	0
115.61	0
117.63	0
119.38	0
119.71	0
121.58	0
125.73	1
126.71	1
127.58	1
134.21	1
134.49	1
134.59	1
136.08	1
140.67	0
102.59	1
131.72	1
133.43	1
141.61	0
155.51	0
155.87	0
158.86	0
159.98	1
72.82	1
196.47	0
199.55	0
222.54	0
228.02	0
242.59	0
247.48	0
261.31	0
40.14	1
157.94	0
171.77	0
272.56	0
303.14	0
310.41	0
318.73	0
324.45	0
19.15	1
130.45	1
152.04	0
183.30	1
271.27	0
282.25	0
291.52	0
297.67	0
31.33	1
174.90	0
246.31	0
261.80	0
280.82	0
287.21	0
309.45	0
320.85	0
28.70	1
233.14	0
244.93	0
247.75	0
248.05	0
248.43	0
248.46	0
249.95	0
147.30	0
186.34	0
206.46	0
239.61	0
242.54	0
253.88	0
259.56	0
265.06	0
117.64	1
121.84	1
123.59	1
131.83	1
144.08	0
145.08	0
145.42	0
153.71	0
175.52	0
181.96	0
183.13	0
198.65	0
203.52	0
203.70	0
204.01	0
204.46	0
87.74	0
92.73	1
93.40	1
120.98	0
122.38	0
124.48	0
124.64	0
125.29	1
91.01	0
104.08	1
106.25	0
108.55	1
131.00	1
131.38	1
137.17	1
148.86	1
84.35	1
113.09	1
161.97	0
167.80	0
176.76	0
177.21	0
177.60	0
178.37	0
20.52	1
28.50	1
167.05	0
167.38	0
168.50	0
169.01	0
169.03	0
170.59	0
41.77	1
52.70	1
53.57	1
54.44	1
56.77	1
57.98	1
58.40	1
66.71	1
1.78	1
2.11	1
2.33	1
2.70	1
2.76	1
2.79	1
2.85	1
3.41	1
99.34	1
133.15	1
135.58	0
148.77	0
149.08	0
150.09	1
159.86	0
170.66	0
200.35	0
251.72	0
288.80	0
305.29	0
311.37	0
311.63	0
311.76	0
313.51	0
248.92	0
255.48	0
258.55	0
259.32	0
259.91	0
261.33	0
262.40	0
262.89	0
251.21	0
255.47	1
269.85	1
271.46	0
276.29	1
281.05	1
285.89	1
287.85	1
157.08	0
203.46	0
211.93	0
235.48	0
238.57	0
246.36	1
251.54	1
254.83	0
100.19	1
107.21	1
120.72	1
382.18	0
382.73	0
384.20	0
386.08	0
386.30	0
220.62	0
250.59	0
285.88	0
291.95	0
304.10	0
316.44	0
318.19	0
321.42	0
266.14	0
281.85	0
288.02	0
290.93	0
291.08	0
292.38	0
295.18	0
296.50	0
129.69	0
158.27	0
159.06	0
163.25	0
163.83	0
166.51	0
168.58	1
171.26	0
181.35	1
195.40	0
199.11	0
207.14	0
207.22	0
211.30	0
212.74	1
221.12	0
143.91	0
158.62	0
166.53	0
171.62	0
172.97	0
177.05	0
183.05	0
188.55	0
159.04	0
166.96	0
172.14	0
176.21	0
176.39	0
176.86	0
176.96	0
179.43	0
211.08	0
219.92	0
224.54	0
231.19	0
233.12	0
233.46	0
233.52	0
233.78	1
196.44	0
199.14	0
202.63	0
203.34	0
204.02	0
207.23	0
207.26	0
207.71	0
181.01	0
181.68	0
190.19	0
194.86	0
194.99	0
195.44	0
196.26	0
196.90	0
155.72	0
159.03	0
165.85	0
173.82	0
177.36	0
180.00	0
185.88	0
188.72	0
164.03	1
167.05	0
172.82	0
175.35	1
180.30	0
193.10	0
200.98	0
210.50	0
75.07	1
101.17	1
112.97	1
117.62	1
121.73	0
122.53	1
125.49	0
163.23	1
3.04	1
4.57	1
5.02	1
5.62	1
5.95	1
5.95	1
6.07	1
6.08	1
3.52	1
4.04	1
5.90	1
6.25	1
6.45	1
6.53	1
6.76	1
7.62	1
200.97	1
210.12	1
212.55	0
217.45	1
217.60	0
217.66	1
222.56	0
229.41	0
245.32	0
258.30	0
271.75	0
272.90	0
278.24	0
282.35	0
288.55	0
288.62	0
44.11	1
74.62	0
86.98	1
98.83	0
101.68	0
104.57	1
106.57	0
111.68	0
142.30	0
168.01	1
169.15	1
174.98	0
176.05	1
177.41	1
181.35	0
184.17	1
147.33	1
170.11	0
196.63	1
214.91	0
250.33	0
252.45	0
256.27	0
259.27	0
74.28	1
164.45	1
185.77	1
224.92	1
236.91	0
238.82	0
242.05	0
243.19	0
47.89	1
57.10	1
57.18	1
59.63	1
59.71	1
61.86	1
66.98	1
68.77	1
2.55	1
2.87	1
2.91	1
3.14	1
3.52	1
3.55	1
3.66	1
4.26	1
176.25	0
240.46	0
257.80	0
258.25	0
268.47	0
270.43	0
272.29	0
274.79	0
357.37	0
357.91	0
361.89	0
366.42	0
368.70	0
369.34	0
371.15	0
372.13	0
153.40	0
177.34	1
180.93	0
183.78	0
187.09	0
190.12	0
193.80	0
195.11	0
164.03	1
184.76	0
185.73	0
186.17	0
187.76	0
188.57	0
188.77	0
189.23	0
188.47	0
206.93	0
208.33	0
210.07	0
210.23	0
210.53	0
210.76	0
211.60	0
95.16	1
101.19	1
107.39	0
121.04	0
125.79	0
127.10	0
127.76	0
128.40	0
127.41	0
128.69	0
131.27	0
139.94	0
171.73	0
175.24	0
180.00	0
182.34	0
213.13	0
221.27	0
227.72	0
234.70	0
243.76	0
246.23	0
247.52	1
249.94	0
266.85	0
268.11	0
271.39	0
272.79	0
272.98	0
274.58	0
276.35	0
277.20	0
123.98	1
134.18	1
139.11	1
144.29	1
162.53	0
163.41	1
164.46	1
171.15	0
148.53	1
161.51	1
175.56	1
210.52	0
212.44	0
218.39	0
219.00	0
221.69	0
10.32	1
27.41	1
60.87	0
62.62	1
83.95	0
112.57	0
137.82	0
139.98	0
72.25	1
73.44	1
73.86	0
79.28	0
80.52	0
88.70	1
90.86	0
91.55	1
118.88	1
125.20	1
141.47	1
143.05	1
148.51	0
148.63	0
153.40	0
157.64	1
185.99	0
192.44	0
193.75	0
196.40	0
197.96	0
199.85	0
199.86	0
200.81	0
154.62	1
180.51	0
190.73	1
196.97	1
203.69	0
204.16	0
205.35	0
206.03	0
249.70	1
254.95	1
255.25	1
261.07	1
274.54	0
278.08	1
286.66	0
290.24	0
286.67	0
293.20	0
296.36	0
307.34	0
307.89	0
313.14	0
313.45	0
317.73	0
210.72	0
221.76	0
223.95	0
225.10	0
225.14	0
226.83	0
229.29	0
229.45	0
66.93	1
111.11	1
113.17	1
125.39	1
125.48	0
129.08	0
130.27	0
132.05	0
82.57	1
84.29	1
87.66	1
88.56	1
131.00	1
132.98	1
146.95	1
149.20	0
164.42	1
170.14	1
172.35	1
217.99	0
219.36	0
219.55	0
220.39	0
221.59	0
14.27	1
25.77	1
58.88	0
65.91	1
91.36	0
104.02	0
132.86	0
135.31	0
107.50	0
108.90	0
113.59	0
115.14	0
117.06	0
117.20	0
118.26	0
119.36	0
215.61	1
230.50	1
241.83	0
244.79	0
246.11	1
248.54	1
250.31	0
257.46	0
241.96	0
276.82	0
292.58	0
297.71	0
298.98	0
301.07	0
303.27	0
303.28	0
157.07	1
205.34	0
205.52	0
205.78	0
209.15	0
211.37	0
216.46	0
217.43	0
87.84	1
94.36	1
95.05	1
101.97	1
118.86	0
126.09	1
131.17	0
136.45	0
141.01	1
154.44	1
168.17	1
173.33	1
186.19	0
207.14	0
210.02	0
210.30	0
34.82	1
36.63	1
37.70	1
39.67	1
40.28	1
41.38	1
43.89	1
46.12	1
1.22	1
1.50	1
1.82	1
2.08	1
2.39	1
2.60	1
2.70	1
2.84	1
155.60	0
162.52	0
163.28	0
166.57	0
169.82	0
170.79	0
173.91	0
174.78	0
228.56	0
286.49	0
288.65	0
300.96	0
304.02	0
306.96	0
306.97	0
307.48	0
237.98	0
247.99	1
251.55	1
255.76	1
257.19	1
259.46	0
262.81	0
263.29	1
284.59	0
314.98	0
317.99	0
330.24	0
335.46	0
339.35	0
339.84	0
340.17	0
175.96	0
179.87	0
181.44	0
187.02	0
188.90	0
189.37	0
189.57	0
192.17	0
214.92	0
221.03	1
226.37	0
232.33	0
236.52	0
243.29	1
245.64	1
253.99	0
205.46	0
240.23	1
243.85	1
245.72	0
246.04	1
249.22	1
251.29	0
256.01	1
255.71	0
262.23	0
269.64	0
277.22	0
283.77	0
292.69	0
302.85	1
304.10	0
290.57	0
298.73	1
299.10	0
300.88	0
302.22	0
303.68	0
304.10	0
304.56	1
283.40	0
294.71	0
296.37	0
296.66	0
297.88	0
298.93	0
301.16	0
303.03	0
183.17	0
185.06	0
185.79	0
187.38	0
189.67	0
189.86	0
189.93	0
190.50	0
111.66	1
113.68	0
114.39	0
119.18	0
120.05	0
121.41	0
124.35	0
126.10	0
186.00	0
224.55	0
231.87	0
234.52	0
240.43	0
241.38	0
241.81	0
242.04	0
277.84	0
291.36	0
291.45	0
292.85	0
293.02	0
296.08	0
301.08	0
305.34	0
183.43	0
184.77	0
185.34	0
185.52	0
185.67	0
186.76	0
188.73	0
190.03	0
245.92	1
254.62	1
261.28	0
262.48	0
266.00	0
266.46	0
271.63	0
274.22	0
239.59	0
261.06	0
271.43	1
273.45	1
273.63	0
277.29	0
278.71	0
280.64	1
259.57	0
269.84	0
282.75	0
292.94	0
299.25	0
302.45	0
304.11	0
307.54	0
362.87	0
381.42	0
400.55	0
405.45	0
406.11	0
410.39	0
411.18	0
413.02	0
298.17	0
309.30	1
311.65	0
311.74	0
313.57	0
317.62	0
318.56	0
318.89	0
225.26	0
235.65	0
240.63	0
247.85	0
252.38	0
256.88	0
256.95	0
258.02	0
289.21	1
299.16	0
301.23	0
308.69	0
317.31	0
321.27	0
322.38	0
323.76	1
259.38	0
284.20	0
284.39	0
289.21	0
289.42	0
289.77	0
292.17	0
293.51	0
351.44	0
363.13	0
363.44	0
366.05	0
370.21	0
372.01	0
372.06	0
372.26	0
237.44	0
240.55	0
254.10	0
254.16	0
257.26	0
260.83	0
260.84	0
261.20	0
228.89	0
228.99	1
233.00	1
236.54	1
239.15	1
239.35	0
244.08	1
247.49	0
294.95	0
311.19	0
328.80	0
330.93	0
332.10	0
334.70	0
337.45	0
343.91	0
164.63	0
172.01	0
174.30	0
175.09	0
176.50	0
177.21	0
179.06	0
180.32	0
267.91	0
271.25	0
272.30	0
274.95	0
275.30	0
275.58	0
275.89	0
276.21	0
281.87	1
296.56	0
307.71	0
313.92	0
318.83	1
326.50	0
326.59	0
328.74	0
283.93	1
296.34	1
309.80	1
354.49	0
357.46	0
361.81	0
362.38	0
366.36	0
253.17	0
259.95	0
263.14	0
264.46	0
264.78	0
268.69	0
270.16	0
272.19	0
121.64	1
150.04	0
154.81	0
156.73	0
163.50	0
163.83	0
164.08	0
164.41	0
271.36	0
281.01	1
283.88	0
284.74	0
287.36	1
288.25	0
289.81	0
290.74	0
251.41	0
282.94	0
286.57	0
287.74	1
289.79	0
297.51	0
298.04	0
299.79	0
194.64	1
244.38	1
252.41	0
269.86	0
271.87	0
272.85	1
282.24	0
282.50	0
287.59	1
291.19	0
306.91	0
327.38	0
333.55	0
334.16	0
336.59	0
338.45	1
687.88	1
690.55	0
691.45	0
691.54	0
693.26	0
693.88	0
694.53	0
696.01	0
808.54	1
816.02	1
818.05	1
824.61	1
825.82	1
829.89	1
830.52	1
830.66	1
283.14	0
283.17	0
285.65	0
287.32	0
288.08	1
292.11	0
292.12	0
292.96	0
232.76	1
527.90	0
528.80	0
529.38	0
532.83	0
537.38	0
543.38	0
544.28	0
134.28	1
224.61	0
265.43	0
271.60	0
273.30	0
282.03	0
284.55	0
287.13	0
157.16	1
234.42	0
301.90	0
324.14	0
363.15	0
384.09	0
386.17	0
386.22	0
114.19	0
116.14	0
118.81	0
120.28	1
120.70	0
122.28	0
122.53	0
126.57	0
263.38	0
264.33	0
264.81	0
264.91	0
265.93	0
266.89	0
267.39	0
270.01	0
236.35	0
240.44	0
245.47	0
247.40	0
249.59	0
249.75	0
250.86	0
250.96	0
265.56	0
270.01	0
270.96	0
273.84	0
274.13	0
274.14	0
275.86	0
276.35	0
291.09	1
293.67	0
293.98	0
295.17	0
296.04	0
297.25	0
298.17	0
298.54	0
273.97	0
293.04	0
296.62	0
306.61	0
311.74	0
320.76	0
324.20	0
327.25	0
312.58	0
318.74	1
355.42	0
356.47	0
358.20	0
363.89	0
364.97	0
366.50	0
66.97	1
87.12	1
102.29	1
156.97	0
232.19	0
235.42	0
235.55	0
237.99	0
192.82	0
241.38	0
251.41	0
257.50	0
260.54	0
268.28	0
268.39	0
270.20	0
320.32	1
328.09	0
331.93	1
335.50	0
359.52	1
365.08	1
366.76	0
366.81	0
467.93	1
472.46	1
472.90	1
473.43	1
474.84	1
476.62	1
478.67	1
481.48	1
861.10	1
867.47	1
869.16	1
876.82	1
877.72	1
882.60	1
883.85	1
884.38	1
232.93	0
242.22	0
242.29	0
251.33	0
260.12	0
260.36	0
262.07	0
264.12	0
184.91	1
203.12	0
205.69	1
222.45	0
225.08	0
225.15	0
225.42	0
230.84	0
279.47	0
302.78	1
363.24	0
364.45	0
365.38	0
366.91	0
369.58	0
369.89	0
111.71	0
121.88	0
122.50	0
122.69	0
123.45	0
124.24	0
127.30	0
127.66	0
372.36	0
399.58	0
409.48	0
411.24	0
413.54	0
413.68	0
417.44	0
421.29	0
408.56	0
419.59	0
448.10	0
451.10	0
453.87	0
454.01	0
454.49	0
454.97	0
290.79	0
299.61	0
300.14	0
300.29	0
304.56	0
305.32	0
306.56	0
309.43	0
160.60	1
169.72	1
221.38	0
247.41	0
249.60	0
265.13	0
266.26	0
267.57	0
62.26	1
62.74	1
66.95	1
67.26	1
67.65	1
68.95	1
69.73	1
75.53	1
6.43	1
7.62	1
7.72	1
7.92	1
8.26	1
8.50	1
8.56	1
9.07	1
110.20	0
113.40	0
114.47	0
115.50	0
115.82	0
116.47	0
116.52	0
118.23	0
289.28	0
292.22	0
293.71	0
294.34	0
296.47	0
298.03	0
298.78	0
299.44	0
356.92	0
366.98	0
379.09	0
388.58	0
388.99	0
392.12	0
392.93	0
393.02	0
293.66	0
305.53	0
305.89	0
312.92	0
315.84	0
323.54	0
325.06	0
325.49	0
222.97	1
236.70	0
263.58	0
276.81	1
283.26	0
283.97	0
298.78	0
300.76	0
368.55	0
379.07	0
407.79	0
407.91	0
411.55	0
412.11	0
413.80	0
414.17	0
248.12	1
253.32	0
260.42	0
264.91	0
267.74	0
268.14	0
268.40	0
272.08	1
255.78	0
256.58	0
264.00	0
266.24	0
266.62	0
268.83	0
273.16	0
274.51	0
267.91	0
271.63	1
275.90	0
278.93	0
279.89	1
283.56	0
285.83	0
286.43	0
280.78	0
286.68	0
293.60	0
294.11	0
306.46	0
306.67	0
310.26	0
310.59	0
283.22	0
285.21	1
291.53	0
301.48	1
302.54	1
309.44	0
311.74	0
312.32	0
196.68	0
197.31	0
202.66	0
202.88	0
205.08	0
205.15	0
206.30	0
217.62	0
241.44	0
248.74	0
255.41	0
255.98	0
257.47	0
259.09	0
260.87	0
261.62	0
280.26	0
284.74	0
286.74	0
288.78	0
291.47	0
296.17	0
298.13	0
298.53	0
298.51	0
306.65	0
307.00	0
307.51	0
308.49	0
310.18	0
310.45	0
313.08	0
221.17	0
238.12	0
243.47	0
244.45	0
244.78	0
245.88	0
248.73	0
254.23	0
278.69	0
279.23	0
279.24	0
282.17	0
287.60	0
290.21	0
291.17	0
292.80	0
224.80	0
255.99	0
260.10	0
260.17	0
262.11	0
263.12	0
266.34	0
267.34	0
255.29	0
264.39	0
271.87	1
271.87	0
274.45	1
275.39	0
275.80	0
275.99	1
195.73	0
199.97	0
205.83	0
218.21	0
220.09	0
242.15	0
242.24	0
242.86	0
208.17	0
221.82	0
224.14	1
224.44	0
225.07	0
225.68	1
227.00	1
227.90	1
349.24	0
362.46	0
363.05	0
365.72	0
371.45	0
375.77	0
377.67	0
383.50	0
228.63	0
239.83	0
240.75	0
241.80	0
242.87	0
247.15	0
253.47	0
254.92	0
392.30	0
392.75	0
423.28	0
428.31	0
432.11	0
437.06	0
445.11	0
455.51	0
489.18	0
489.25	0
490.34	0
490.52	0
491.34	0
491.99	0
492.57	0
492.81	0
116.77	0
121.65	0
126.67	0
133.05	0
133.98	0
136.72	0
139.21	0
140.61	0
297.15	0
307.96	0
309.53	0
311.24	0
314.66	0
320.69	0
326.63	0
333.76	0
184.30	1
189.94	1
200.48	1
216.97	1
329.62	0
330.56	0
331.93	0
333.03	0
304.96	0
359.12	0
367.62	0
369.44	0
376.11	0
377.88	0
383.01	0
383.52	0
272.11	0
272.40	0
282.64	0
291.25	0
298.43	0
303.16	1
306.07	0
306.14	0
302.98	0
305.73	0
313.22	0
317.52	0
319.50	0
324.82	0
325.79	0
326.82	0
135.99	0
147.73	1
152.09	0
160.48	1
161.35	0
163.63	0
166.92	0
167.29	0
404.29	0
445.11	0
451.55	0
456.76	0
467.54	0
469.51	0
478.33	0
483.65	0
370.32	0
376.56	0
393.53	0
393.88	0
400.82	0
405.62	0
406.99	0
409.35	0
379.11	0
381.07	0
381.32	0
382.67	0
382.72	0
383.07	0
384.61	0
385.57	0
139.99	0
193.31	0
212.71	0
214.29	0
215.06	0
215.54	0
217.03	0
217.30	0
329.50	0
329.52	0
331.26	0
331.75	0
332.55	0
333.08	0
339.14	0
345.07	0
504.55	0
525.07	0
529.33	0
529.87	0
531.56	0
532.11	0
536.55	0
536.60	0
163.92	0
175.35	0
180.43	0
181.70	0
183.19	0
191.15	0
191.72	0
193.21	0
229.91	0
240.37	0
242.40	0
243.14	0
246.71	0
252.60	0
253.02	0
254.07	0
153.43	0
153.54	0
155.67	0
157.15	0
158.49	0
159.95	0
163.84	0
163.87	0
136.49	0
138.29	0
140.81	0
141.26	0
141.50	0
142.47	0
144.15	0
144.47	0
154.53	0
156.46	0
157.16	0
158.73	0
158.77	0
159.44	0
160.93	0
160.94	0
183.33	0
186.34	0
187.83	0
191.85	0
198.80	0
201.42	0
204.39	0
204.90	0
108.38	0
108.40	0
119.90	0
121.15	0
121.18	0
122.58	0
122.75	0
125.66	0
149.85	0
151.80	0
153.20	0
153.35	0
153.84	0
155.01	0
155.03	0
157.31	0
104.01	0
124.00	0
124.30	0
124.84	0
127.55	0
127.83	0
129.31	0
129.41	0
104.62	0
106.09	0
106.18	0
107.03	0
113.20	0
114.16	0
114.87	0
115.51	0
130.11	0
130.98	0
134.42	0
137.47	0
138.72	0
139.22	0
140.65	0
143.10	0
106.96	0
109.35	0
109.84	0
110.26	0
110.70	0
111.05	0
113.64	0
114.04	0
93.03	0
94.18	0
98.58	0
102.72	0
108.07	0
108.24	0
108.32	1
108.83	0
107.20	1
142.70	0
148.67	0
151.72	0
153.09	0
153.29	0
153.68	0
154.35	0
100.32	1
133.02	0
133.26	0
134.83	0
134.88	0
135.12	0
135.85	0
136.45	0
92.99	0
93.02	0
95.88	0
97.94	0
100.17	0
100.67	0
101.95	0
107.12	0
85.11	0
97.03	0
98.03	0
99.13	0
99.96	0
100.65	0
103.04	0
103.58	0
88.34	0
89.45	0
92.26	0
94.31	0
97.76	0
97.88	0
102.41	0
104.82	0
91.32	0
94.86	0
95.48	0
95.71	0
96.19	0
98.94	0
102.04	0
102.41	0
86.12	0
86.40	0
93.31	0
93.91	0
94.42	0
104.94	0
105.06	0
110.80	0
194.53	0
207.64	0
209.93	0
211.05	0
212.13	0
212.15	0
213.82	0
214.20	0
219.34	0
222.68	0
222.96	0
223.21	0
239.65	0
240.09	0
248.57	0
250.49	0
103.88	1
106.24	1
107.10	1
108.00	1
109.30	1
110.38	1
111.13	1
117.95	1
26.10	1
36.53	1
39.11	1
40.33	1
40.37	1
40.56	1
40.62	1
41.08	1
194.70	0
200.57	0
219.64	0
222.36	0
222.73	0
223.43	0
225.16	0
227.71	0
154.20	0
157.52	0
166.89	0
167.68	0
168.21	0
168.47	0
170.27	0
171.36	0
92.98	1
135.21	0
168.77	0
177.53	0
178.05	0
179.26	0
179.58	0
179.66	0
89.99	0
90.05	0
90.50	0
90.53	0
91.61	0
93.24	0
93.43	0
94.97	0
15.28	1
16.82	1
19.47	1
22.45	1
33.33	1
35.32	1
48.10	0
49.01	0
139.67	0
144.77	0
145.35	0
147.16	0
150.95	0
155.11	0
156.95	0
157.07	0
110.48	0
110.54	0
114.21	0
115.87	0
117.08	0
117.10	0
118.16	0
121.96	0
149.47	0
150.12	0
151.11	0
151.23	0
151.39	0
153.27	0
153.46	0
154.71	0
89.56	0
91.51	0
92.25	0
92.74	0
92.96	0
94.24	0
97.45	0
97.50	0
167.68	0
173.22	0
173.62	0
174.04	0
175.44	0
175.87	0
176.93	0
177.55	0
75.45	1
84.33	1
87.23	1
88.93	0
93.39	0
95.38	0
95.81	0
102.44	0
157.76	0
158.65	0
159.03	0
159.38	0
160.18	0
160.81	0
162.75	0
163.30	0
73.40	1
106.81	0
111.71	0
115.43	0
115.73	0
117.45	0
118.45	0
124.31	0
90.06	0
90.52	0
91.07	0
91.27	0
91.60	0
92.06	0
92.89	0
93.19	0
10.94	1
11.25	1
13.56	1
18.99	1
27.33	1
31.47	1
44.43	0
47.07	0
154.84	0
154.96	0
156.09	0
161.65	0
166.56	0
166.60	0
168.82	0
170.01	0
108.62	0
110.68	0
112.58	0
113.85	0
118.00	0
119.06	0
120.13	0
124.12	0
154.93	0
155.50	0
160.36	0
160.78	0
161.24	0
162.21	0
162.52	0
165.33	0
99.92	0
102.41	0
103.51	0
104.74	0
104.98	0
108.07	0
114.00	0
115.76	0
96.33	1
126.68	1
128.22	0
143.98	0
145.88	0
147.10	0
148.19	0
148.60	0
151.90	1
165.02	0
169.15	0
169.81	0
170.17	0
170.88	0
172.27	0
174.04	0
136.92	0
139.71	0
141.38	0
141.59	0
143.06	0
143.15	0
143.64	0
147.28	0
107.56	0
108.49	0
108.54	0
109.21	0
117.35	0
117.90	0
118.89	0
119.19	0
138.47	0
139.00	0
140.72	0
140.91	0
141.52	0
143.43	0
145.82	0
146.32	0
91.34	0
95.91	0
96.57	0
97.91	0
106.62	0
106.68	0
108.57	0
108.68	0
219.37	0
219.98	0
221.95	0
222.91	0
224.98	0
227.24	0
227.94	0
228.00	0
155.10	0
156.87	0
156.91	0
157.06	0
158.30	0
159.02	0
162.78	0
163.38	0
408.69	0
411.52	0
411.84	0
413.07	0
413.18	0
413.94	0
414.34	0
414.73	0
210.43	0
212.77	0
213.40	0
214.93	0
215.08	0
215.42	0
217.66	0
218.63	0
262.75	0
264.10	0
264.95	0
266.61	0
266.96	0
269.58	0
270.51	0
270.62	0
733.21	0
733.62	0
738.83	0
747.59	0
748.31	0
757.43	0
759.80	0
762.40	0
136.65	0
138.36	0
138.64	0
143.00	0
150.43	0
150.86	0
152.49	0
155.35	0
53.12	0
53.52	0
56.58	0
57.28	0
60.53	0
62.77	0
63.10	0
64.18	0
16.00	1
16.53	1
20.90	1
23.07	1
24.77	1
43.64	1
45.62	1
49.36	0
18.34	1
19.50	1
26.25	1
26.89	1
27.32	1
46.18	1
49.37	0
51.28	0
139.13	0
142.88	0
146.71	0
152.80	0
156.23	0
160.89	0
162.03	0
164.31	0
322.78	0
327.96	0
328.51	0
329.54	0
334.10	0
337.54	0
337.93	0
338.23	0
509.41	1
513.18	1
515.91	1
517.93	1
518.82	1
524.61	1
528.05	0
529.54	1
278.30	0
279.66	0
285.63	0
286.77	0
289.06	0
290.08	0
294.56	0
297.28	0
146.62	0
146.67	0
148.10	0
148.96	0
149.65	0
150.42	0
156.08	0
157.39	0
419.31	0
423.50	0
423.75	0
424.23	0
427.68	0
428.33	0
431.25	0
432.55	0
203.80	0
205.15	0
205.25	0
205.62	0
205.74	0
207.53	0
210.28	0
210.55	0
409.18	0
414.22	0
416.62	0
417.70	0
418.05	0
419.29	0
424.81	0
426.86	0
562.91	0
571.94	0
575.21	0
578.11	0
579.10	0
589.79	0
594.91	0
595.17	0
43.17	1
52.91	1
53.89	1
53.97	1
54.45	1
55.36	1
55.62	1
55.83	1
159.26	0
165.34	0
165.96	0
166.77	0
167.42	0
167.44	0
167.78	0
175.03	0
111.14	1
119.71	1
126.56	1
151.70	0
154.40	0
159.39	0
164.60	0
164.80	0
34.06	1
115.23	1
168.01	0
168.73	0
190.13	0
195.87	0
195.96	0
197.23	0
6.43	1
50.64	1
137.52	0
140.11	0
143.97	0
144.89	0
145.16	0
148.97	0
20.22	1
32.24	1
164.55	0
167.71	0
167.91	0
168.01	0
169.04	0
169.28	0
75.02	1
83.43	1
88.60	1
91.35	0
91.85	1
92.94	1
94.34	1
97.91	0
73.40	1
109.56	0
110.58	0
114.90	0
116.39	0
117.60	0
119.38	0
122.68	0
33.58	0
37.42	1
38.27	1
39.46	1
40.41	1
41.06	1
42.61	1
47.18	1
4.08	1
4.67	1
4.97	1
5.03	1
5.13	1
5.36	1
5.81	1
6.32	1
143.11	0
161.17	0
167.25	0
170.06	0
171.87	0
172.27	0
174.18	0
175.02	0
213.94	0
286.09	0
295.63	0
300.07	0
302.96	0
305.31	0
305.50	0
307.39	0
116.28	1
139.72	1
146.32	1
154.84	0
157.12	1
157.56	0
163.20	0
166.06	0
216.37	0
217.33	1
219.98	0
227.40	0
227.74	0
230.30	0
230.72	0
232.00	0
32.17	1
124.67	0
145.28	0
147.65	0
154.86	0
165.57	0
167.34	0
168.85	0
238.24	0
252.99	0
256.59	0
257.07	0
259.43	0
260.42	0
261.92	0
262.17	0
59.85	1
65.80	1
79.37	1
81.33	1
95.72	1
103.71	1
111.63	0
113.94	0
158.21	0
159.28	0
162.77	0
164.49	0
165.47	0
166.42	0
167.26	0
167.76	0
85.66	1
95.95	1
111.75	1
113.21	1
118.80	0
123.52	0
126.84	0
128.26	1
282.47	0
286.67	0
288.97	0
290.37	0
290.58	0
291.20	0
291.76	0
291.90	0
19.15	1
20.29	1
23.54	1
24.80	1
25.71	1
30.70	1
30.88	1
33.68	1
2.11	1
2.23	1
2.39	1
2.69	1
2.83	1
2.91	1
3.01	1
3.17	1
132.22	0
137.94	0
144.53	0
161.03	0
168.27	0
170.43	0
170.68	0
172.32	0
403.71	0
408.69	0
409.37	0
409.80	0
410.20	0
411.18	0
412.78	0
413.44	0
206.47	0
209.00	0
211.36	0
213.65	0
216.19	0
216.51	0
218.33	0
218.61	0
279.48	0
282.21	0
283.41	0
283.50	0
284.33	0
284.48	0
284.77	0
284.90	0
99.28	1
110.50	0
116.26	0
116.56	0
117.43	0
118.12	0
118.36	0
119.65	0
219.06	0
227.51	0
240.07	0
249.42	0
249.97	0
255.31	0
255.54	0
256.57	0
227.32	0
228.98	0
231.16	0
232.04	0
233.85	0
233.97	0
235.58	0
235.59	0
311.03	0
311.05	0
311.75	0
312.98	0
316.17	0
317.73	0
321.00	0
322.24	0
234.38	0
236.92	0
237.20	0
238.16	0
239.57	0
240.36	0
241.56	0
243.23	0
77.76	1
134.79	0
135.87	0
137.02	0
138.47	0
139.23	0
139.99	0
142.27	0
122.00	1
234.53	0
236.94	0
237.91	0
239.20	0
239.27	0
239.30	0
239.58	0
72.45	0
75.71	1
83.47	1
83.78	0
88.97	0
91.92	0
92.25	0
92.86	0
12.79	1
12.81	1
12.90	1
13.29	1
13.44	1
13.51	1
13.56	1
13.70	1
188.48	0
191.69	0
195.35	0
198.52	0
199.42	0
200.08	0
204.34	0
205.84	0
134.03	1
137.11	1
152.47	1
153.40	1
163.78	1
317.35	0
324.25	0
329.81	0
218.72	0
238.47	0
244.16	0
251.05	0
253.81	0
255.56	0
259.45	0
261.19	0
155.22	0
175.52	0
180.32	0
180.97	0
181.10	0
182.25	0
182.84	0
183.03	0
111.10	1
124.87	1
143.99	0
144.85	1
149.44	0
151.19	0
152.65	0
153.14	0
84.16	1
101.57	1
102.81	1
103.17	1
103.31	1
103.48	1
103.51	1
103.91	1
203.98	0
214.81	0
215.96	0
221.54	0
224.39	0
226.20	0
228.46	0
230.92	0
336.69	0
360.60	0
363.14	0
363.17	0
365.44	0
367.79	0
369.42	0
369.90	0
205.42	0
205.45	0
214.56	0
215.05	0
225.04	0
225.24	0
232.27	0
236.23	0
139.43	0
144.09	0
147.77	0
149.58	0
153.48	1
155.16	1
157.82	0
160.00	0
181.07	0
220.67	0
240.35	0
242.90	0
248.89	1
249.54	0
253.52	0
253.76	0
217.19	1
238.40	0
244.56	1
257.80	0
261.76	0
263.27	0
264.58	0
265.66	0
163.99	0
164.42	0
172.23	0
172.45	0
176.63	0
180.15	0
180.18	0
182.75	0
325.20	0
330.09	0
333.76	0
334.69	0
335.42	0
336.86	0
337.27	0
338.41	0
80.95	0
95.46	1
125.63	0
132.49	0
134.32	0
135.06	0
135.82	0
139.30	0
138.67	1
158.02	0
159.14	0
182.10	0
204.46	0
210.87	0
212.19	0
214.52	0
119.58	1
186.86	0
189.44	1
202.74	0
205.11	0
205.24	0
205.35	1
205.90	0
156.66	0
158.27	0
159.32	0
162.04	0
162.35	0
166.88	0
167.34	0
167.42	0
134.00	0
141.14	0
142.97	0
144.59	0
145.27	0
147.30	0
147.50	0
148.11	0
519.32	1
521.00	0
530.06	0
530.53	0
530.60	0
530.64	0
531.56	0
532.67	0
154.11	0
165.32	0
242.08	0
242.57	0
247.05	0
253.65	0
253.65	0
254.66	0
402.57	1
435.54	0
435.64	0
437.30	0
437.74	0
438.96	0
439.61	0
440.05	0
185.86	0
214.12	0
219.30	0
230.09	0
241.98	0
245.67	0
246.34	0
246.68	0
406.27	0
409.70	0
412.83	0
417.30	0
417.92	0
419.57	0
420.04	0
421.03	0
597.63	0
606.24	0
606.58	0
606.90	0
609.97	0
610.56	0
611.70	0
612.00	0
125.84	0
143.19	0
146.40	0
147.27	0
152.54	0
152.62	0
156.21	0
156.50	0
503.55	0
505.17	0
514.93	0
515.03	0
517.42	0
517.64	0
519.30	0
520.63	0
149.07	0
167.45	0
173.83	0
174.01	0
175.57	0
176.41	0
180.48	0
181.60	0
324.16	0
327.58	0
328.23	0
334.68	0
352.92	0
358.15	0
359.27	0
359.59	0
89.42	1
91.04	1
98.43	1
99.36	1
99.37	1
99.58	1
99.61	1
100.19	1
111.82	0
123.45	0
128.50	0
134.19	0
134.41	0
134.56	0
140.59	0
140.65	0
219.36	0
240.62	0
286.64	0
287.42	0
292.36	0
300.72	0
301.87	0
303.65	0
300.58	0
347.44	0
349.09	0
349.46	0
349.68	0
350.18	0
351.25	0
351.49	0
285.57	0
293.61	0
297.35	0
301.26	0
313.90	0
313.93	0
314.49	0
315.49	0
457.79	0
465.60	0
465.71	0
469.39	0
469.62	0
470.63	0
472.97	0
473.18	0
181.66	0
202.50	0
203.49	0
204.38	0
204.56	0
210.20	0
213.97	0
215.16	0
454.06	0
467.86	0
475.11	0
475.35	0
475.56	0
476.43	0
476.46	0
477.14	0
607.52	1
608.46	1
614.10	1
618.80	0
627.96	0
637.84	0
638.48	0
641.26	0
211.93	0
229.31	0
231.73	0
233.55	0
235.90	0
240.45	0
241.43	0
245.76	0
263.64	0
284.99	0
286.23	0
288.06	1
288.33	1
293.76	0
293.91	0
295.38	0
55.62	1
57.84	1
62.10	1
62.11	1
64.24	1
65.13	1
66.00	1
67.49	1
178.99	0
195.03	0
196.50	0
200.01	0
200.55	0
201.67	0
203.39	0
206.41	0
166.78	1
181.31	0
183.19	0
185.86	0
186.90	0
188.62	0
197.49	0
200.41	0
100.39	0
147.76	0
155.65	0
165.00	0
168.19	0
168.59	0
171.79	0
173.89	0
76.79	0
83.87	0
87.92	0
88.01	0
90.24	0
91.08	0
97.75	0
99.35	0
146.70	0
155.97	0
157.00	0
157.90	0
158.40	0
163.43	0
166.96	0
168.18	0
101.98	0
130.90	0
140.85	0
143.67	0
154.36	0
155.46	0
156.09	0
156.32	0
70.65	0
83.65	0
87.49	0
87.97	0
88.59	0
91.23	0
92.53	0
92.58	0
231.00	0
250.88	0
254.95	0
257.11	0
259.78	0
260.72	0
264.70	0
265.43	0
138.10	0
158.40	0
159.60	0
170.26	0
170.94	0
173.03	0
175.29	0
175.30	0
110.72	0
125.34	0
129.38	0
131.65	1
132.73	0
134.42	0
135.31	0
140.03	0
71.10	0
84.44	0
84.79	0
88.55	0
89.34	0
90.11	0
91.26	0
99.30	0
131.97	0
133.69	0
137.23	0
142.02	1
143.92	0
146.94	0
148.91	0
149.00	0
91.53	1
109.53	0
113.66	0
115.49	0
116.42	0
116.42	0
117.69	0
117.79	0
45.91	0
55.64	1
56.82	1
59.16	1
61.52	1
66.35	1
66.43	1
66.89	1
153.67	0
155.03	0
156.75	0
159.25	0
160.29	0
162.38	0
163.53	0
166.00	0
91.46	0
91.70	0
93.19	0
95.79	0
96.28	0
100.62	0
101.14	0
104.37	0
32.67	1
39.82	1
40.69	1
44.19	1
44.19	1
47.63	1
49.64	1
55.32	1
76.03	0
76.28	0
76.74	0
76.94	0
77.22	0
79.47	0
80.19	0
83.58	0
31.75	1
36.21	1
37.32	1
37.43	1
37.50	1
38.00	0
39.63	1
40.76	1
