153.71	0
159.64	0
166.25	0
176.14	0
182.19	0
211.50	0
221.69	0
239.27	0
418.82	0
429.79	0
442.57	0
460.87	0
463.22	0
465.15	0
473.08	0
497.60	0
129.60	1
161.64	0
175.35	0
184.06	0
202.63	0
208.04	0
224.43	0
249.84	0
74.92	0
110.21	0
115.71	0
175.15	0
205.49	0
209.38	0
235.66	0
240.05	0
587.15	0
594.00	0
601.39	0
603.07	0
638.05	0
641.92	0
650.51	0
661.99	0
413.06	0
415.49	0
419.90	0
425.97	0
447.85	0
457.46	0
462.40	0
473.90	0
111.75	0
119.19	0
139.82	0
140.92	0
156.53	0
158.45	0
209.53	0
221.78	0
245.34	0
247.10	0
253.37	0
272.34	0
273.49	0
287.35	0
292.68	0
299.67	0
293.60	0
294.78	0
313.26	0
314.90	0
324.02	0
349.19	0
357.22	0
358.77	0
97.70	0
105.00	0
124.02	0
130.86	0
161.59	0
162.31	0
213.76	0
224.52	0
210.16	0
213.67	0
223.58	0
253.51	0
257.16	0
259.51	0
262.37	0
267.81	0
240.64	0
252.41	0
253.73	0
258.08	0
271.07	0
290.93	0
297.78	0
312.37	0
218.93	0
227.98	0
229.83	0
239.55	0
243.91	0
247.62	0
285.55	0
296.91	0
91.07	0
94.42	0
115.42	0
131.54	0
160.83	0
183.17	0
218.04	0
230.21	0
205.66	0
221.37	0
229.41	1
230.16	0
259.84	0
273.99	0
274.95	0
290.14	0
75.57	0
87.60	1
93.40	1
135.91	0
156.94	0
194.65	0
236.53	0
236.71	0
314.51	0
317.29	0
319.66	0
329.34	0
344.75	0
349.59	0
349.67	0
350.65	0
194.50	0
224.36	0
231.91	0
240.03	0
240.81	0
258.79	0
259.12	0
260.89	0
287.53	0
287.97	0
288.24	0
290.76	0
291.70	0
304.69	0
304.81	0
305.77	0
318.74	0
329.03	0
334.64	0
339.34	0
339.68	0
342.41	0
349.66	0
352.83	0
243.77	0
245.80	0
252.92	0
262.66	0
267.12	0
274.87	0
275.59	0
275.98	0
385.46	0
386.97	0
387.37	0
433.43	0
445.70	0
448.60	0
453.23	0
455.86	0
432.16	0
438.76	0
469.49	0
482.58	0
485.11	0
487.51	0
488.73	0
501.62	0
382.17	0
434.36	0
444.94	0
448.28	0
453.39	0
454.55	0
458.39	0
465.51	0
290.83	0
293.12	0
296.37	0
296.72	0
297.79	0
302.86	0
311.85	0
314.10	0
269.43	0
286.65	0
289.22	0
296.26	0
313.80	0
314.47	0
321.93	0
325.18	0
227.13	0
246.56	0
250.06	0
250.58	0
252.50	0
263.12	0
264.50	0
273.95	0
260.94	0
264.33	0
267.35	0
270.09	0
274.95	0
275.05	0
278.62	0
282.64	0
253.83	0
262.66	0
263.87	0
267.70	0
269.29	0
269.89	0
270.00	0
276.84	0
224.39	0
224.61	0
232.65	0
236.06	0
239.90	0
241.95	0
254.91	0
264.43	0
268.02	0
296.39	0
302.05	0
307.56	0
308.22	0
314.81	0
322.38	0
323.08	0
215.88	0
265.81	0
273.42	0
276.70	0
277.47	0
277.74	0
295.78	0
299.01	0
276.27	0
306.99	0
307.22	0
308.56	0
309.71	0
313.52	0
314.44	0
318.93	0
267.67	0
274.47	0
275.69	0
276.14	0
278.55	0
279.43	0
281.69	0
289.30	0
346.81	0
350.62	0
354.81	0
355.88	0
362.21	0
364.24	0
366.56	0
366.78	0
414.75	0
420.28	0
421.09	0
422.12	0
422.59	0
425.14	0
426.55	0
428.32	0
334.61	0
335.21	0
339.74	0
343.36	0
345.97	0
346.64	0
350.76	0
351.04	0
191.79	0
260.01	0
268.18	0
268.53	0
268.74	0
274.62	0
278.04	0
278.29	0
160.82	0
297.62	0
298.70	0
302.03	0
303.87	0
304.09	0
312.08	0
313.77	0
187.88	0
192.98	1
201.56	0
202.28	0
222.45	0
227.43	0
227.72	0
228.49	0
233.43	0
237.97	0
239.65	0
244.71	0
249.06	0
251.50	0
254.74	0
264.31	0
321.85	0
325.46	0
341.12	0
349.24	0
357.10	0
360.48	0
361.81	0
369.53	0
781.29	0
784.44	0
792.54	0
828.13	0
830.81	0
851.17	0
853.75	0
862.03	0
137.83	0
146.39	0
146.67	0
148.72	0
163.26	0
186.49	0
189.03	0
190.31	0
235.93	0
248.94	0
250.26	0
258.02	0
262.19	0
264.72	0
268.09	0
268.41	0
112.14	0
121.77	0
126.02	0
162.28	0
164.22	1
170.25	0
170.96	0
172.74	0
278.68	0
280.61	0
282.63	0
315.79	0
318.91	0
320.72	0
326.35	0
332.14	0
226.39	0
231.75	0
248.24	0
259.33	0
262.55	0
270.84	0
273.93	0
276.50	0
317.54	0
319.95	0
322.74	0
329.20	0
331.59	0
332.04	0
335.36	0
340.46	0
358.70	0
387.22	0
391.42	0
401.13	0
404.50	0
404.68	0
411.18	0
415.03	0
114.65	1
118.47	0
137.83	1
154.78	1
169.60	0
176.33	0
178.11	0
192.68	0
195.53	0
235.18	0
241.88	0
241.99	0
242.24	0
248.01	0
250.06	0
250.26	0
170.90	0
217.46	0
218.50	0
220.04	0
223.16	0
224.83	0
226.84	0
227.04	0
101.20	1
280.51	0
295.75	0
312.98	0
329.98	0
341.74	0
345.53	0
347.31	0
41.33	1
218.15	0
220.19	0
241.38	0
249.53	0
257.29	0
274.39	0
280.18	0
46.46	1
187.25	0
241.63	0
243.18	0
254.96	0
255.75	0
259.57	0
260.12	0
143.16	0
180.15	0
191.27	0
194.06	0
209.07	0
219.04	0
219.85	0
220.56	0
116.29	0
162.22	0
171.21	0
180.28	0
186.10	0
187.19	0
187.49	0
204.07	0
150.96	0
176.65	0
202.00	0
205.92	0
211.20	0
216.43	0
217.90	0
224.71	0
124.47	0
186.15	0
189.21	0
189.81	0
205.24	0
212.81	0
213.70	0
214.17	0
51.26	0
130.31	0
131.36	0
135.46	0
145.61	0
155.98	0
156.35	0
156.42	0
251.74	0
265.87	0
284.90	0
286.20	0
305.11	0
305.53	0
317.98	0
324.12	0
295.91	0
325.43	0
347.39	0
349.10	0
351.40	0
351.65	0
355.42	0
357.13	0
206.09	0
208.49	0
222.79	0
232.01	0
241.88	0
245.53	0
258.28	0
265.78	0
217.19	1
266.36	0
295.54	0
316.35	0
323.61	0
357.23	0
373.31	0
373.34	0
64.29	1
302.37	0
343.35	0
349.26	0
353.18	0
354.60	0
355.42	0
362.79	0
121.33	0
192.89	0
234.49	0
270.12	0
273.11	0
287.23	0
293.19	0
303.02	0
169.21	0
204.55	0
220.00	0
230.74	0
239.81	0
247.74	0
266.67	0
267.98	0
282.03	0
318.85	0
323.03	0
333.47	0
337.04	0
340.68	0
348.04	0
349.90	0
319.83	0
363.22	0
377.73	0
387.05	0
387.19	0
387.28	0
388.67	0
393.14	0
238.82	0
266.40	0
278.99	0
286.59	0
287.29	0
290.39	0
296.64	0
301.41	0
203.20	0
210.61	0
248.27	0
248.44	0
258.51	0
265.90	0
272.28	0
274.18	0
202.82	0
228.17	0
239.24	0
246.62	0
248.27	0
250.50	0
256.71	0
263.89	0
130.69	0
176.40	0
180.54	0
189.39	0
206.45	0
211.33	0
214.07	0
219.97	0
160.47	0
170.95	0
221.65	0
222.67	0
232.85	0
237.95	0
243.23	0
243.87	0
132.15	0
170.65	0
177.49	0
178.80	0
178.87	0
194.46	0
195.41	0
198.13	0
118.69	0
161.46	0
166.44	0
173.94	0
179.77	0
181.97	0
187.59	0
195.10	0
127.86	0
173.52	0
177.10	0
184.52	0
186.98	0
188.40	0
192.67	0
199.14	0
126.76	0
167.78	0
212.12	0
217.54	0
221.54	0
226.79	0
234.91	0
243.09	0
229.85	0
231.87	1
247.55	0
279.32	0
284.69	0
293.07	0
294.74	0
296.96	0
331.32	0
349.59	0
351.91	0
356.69	0
363.33	0
375.50	0
377.78	0
383.77	0
188.44	0
214.16	0
227.42	0
230.20	0
233.46	0
244.20	0
246.46	0
268.14	0
139.25	0
162.13	0
179.87	0
212.66	0
217.49	0
239.33	0
242.37	0
245.09	0
118.91	0
231.40	1
258.45	0
258.88	0
266.32	0
271.61	0
272.09	0
280.09	0
248.51	0
278.55	0
312.31	0
332.23	0
342.68	0
348.44	0
352.11	0
357.05	0
159.53	1
196.08	0
201.03	0
214.74	0
226.42	0
229.92	0
236.39	0
250.37	0
6.15	1
131.14	0
172.51	0
173.33	0
188.96	0
201.41	0
202.46	0
207.09	0
54.71	1
160.43	0
168.77	0
180.96	0
183.81	0
183.89	0
192.15	0
209.09	0
47.94	1
87.80	0
133.72	0
177.18	0
179.37	0
181.63	0
189.31	0
214.09	0
45.97	1
209.89	0
238.36	0
241.55	0
249.95	0
250.63	0
270.59	0
277.68	0
94.29	1
576.53	0
649.34	0
690.21	0
694.13	0
697.24	0
698.29	0
706.21	0
6.42	1
120.99	0
129.09	0
133.48	0
134.94	0
139.30	0
141.23	0
149.06	0
9.42	1
154.90	0
192.92	0
198.76	0
228.93	0
233.47	0
240.11	0
243.86	0
63.89	1
126.68	1
134.84	0
169.01	0
174.79	0
220.62	0
228.24	0
229.98	0
97.23	1
205.63	0
220.74	0
258.67	0
292.17	0
298.02	0
302.69	0
332.77	0
55.48	1
185.46	0
208.15	0
219.79	0
236.38	0
250.84	0
262.65	0
265.24	0
37.55	1
186.77	0
248.78	0
251.85	0
255.32	0
268.18	0
280.63	0
291.65	0
17.63	1
310.69	0
324.29	0
324.64	0
336.41	0
343.09	0
358.96	0
359.52	0
86.68	0
169.43	0
174.02	0
198.93	0
200.55	0
201.37	0
207.34	0
225.89	0
19.78	1
31.93	0
39.31	1
98.89	1
108.17	0
120.99	0
128.30	0
132.41	1
108.13	1
170.81	0
182.94	0
196.26	0
196.58	0
197.67	0
202.87	0
208.58	0
205.16	0
263.89	0
281.89	0
296.47	0
307.82	1
308.50	0
318.63	0
320.36	0
134.93	0
144.29	0
146.46	0
155.32	0
161.21	0
184.18	0
185.72	0
187.04	0
150.65	0
155.02	0
157.05	0
160.61	0
188.54	0
194.50	0
196.61	0
197.43	0
317.98	0
328.46	0
350.30	0
360.94	0
371.62	0
386.87	0
391.92	0
398.72	0
134.49	0
139.62	0
143.58	0
150.88	0
156.06	0
165.54	0
167.54	0
170.58	0
288.90	1
344.97	1
389.21	0
395.51	0
402.44	0
404.10	0
421.60	0
433.74	0
84.74	0
149.17	0
294.01	0
296.99	0
304.69	0
305.51	0
306.21	0
308.00	0
440.03	0
457.62	0
458.40	0
468.16	0
473.95	0
492.23	0
493.25	0
494.32	0
146.00	0
146.40	0
154.12	0
163.42	0
165.87	0
184.41	0
187.36	0
187.63	0
160.18	0
161.89	0
173.81	0
206.32	0
208.47	0
211.94	0
220.44	0
222.70	0
272.69	1
309.08	0
313.20	0
320.47	0
324.91	0
328.39	0
332.77	0
334.60	0
540.23	0
545.23	0
555.85	0
563.08	0
563.66	0
563.91	0
570.01	0
571.35	0
88.30	1
161.45	0
165.81	0
170.74	0
184.83	0
206.62	0
206.93	0
207.91	0
142.00	0
172.52	0
182.87	0
187.22	0
196.63	0
201.85	0
216.29	0
218.24	0
163.08	0
167.48	0
174.60	0
186.58	0
195.18	0
206.87	0
207.46	0
208.42	0
3.41	1
54.31	0
57.88	0
109.23	0
117.20	0
121.35	0
124.01	0
129.56	0
190.27	0
203.48	1
251.15	0
254.57	0
256.99	0
282.01	0
288.35	0
288.85	0
245.62	0
256.20	0
257.88	0
259.17	0
259.26	0
278.18	0
284.04	0
284.59	0
105.65	0
106.16	0
109.40	0
116.88	0
139.97	0
149.93	0
154.60	0
154.81	0
160.88	0
174.38	1
195.00	0
204.55	1
213.08	0
224.59	1
228.93	0
230.34	0
240.88	0
241.07	0
241.86	0
245.52	0
247.63	0
252.79	0
257.05	0
258.51	0
241.99	1
269.62	1
273.74	0
274.28	0
277.72	0
282.06	0
297.60	0
299.37	0
107.76	1
165.08	0
190.27	1
200.28	0
205.11	0
239.30	0
240.96	0
241.38	0
8.31	1
9.38	1
136.82	0
139.79	0
143.42	0
168.54	0
173.89	0
175.27	0
49.35	1
86.73	1
170.04	0
170.38	0
171.51	0
184.34	0
194.35	0
198.48	0
234.02	0
237.53	0
238.69	0
241.63	0
259.65	0
263.48	0
265.25	0
267.39	0
359.64	0
370.64	0
372.51	0
389.83	0
397.85	0
401.72	0
402.95	0
406.16	0
143.18	0
201.06	0
201.86	0
203.09	0
207.74	0
210.23	0
219.40	0
223.16	0
218.83	0
224.23	0
225.08	0
244.26	0
244.44	0
247.18	0
248.81	0
249.47	0
112.90	0
114.24	0
120.01	0
150.35	1
153.50	1
163.39	0
164.00	0
166.78	0
189.55	0
190.91	0
192.78	0
215.48	0
223.34	0
227.80	0
232.66	0
237.65	0
214.23	0
216.62	0
227.00	0
232.12	0
236.80	0
238.11	0
240.01	0
245.08	0
167.19	1
251.14	0
280.23	0
289.84	1
295.27	1
302.03	0
315.76	0
320.35	0
169.18	0
223.90	0
304.39	0
366.01	0
369.21	0
369.63	0
372.35	0
376.13	0
194.66	1
205.85	0
241.39	0
265.42	0
271.92	0
274.71	0
282.08	0
295.44	0
29.59	1
189.27	0
200.17	0
204.18	0
218.57	0
219.29	0
221.51	0
223.27	0
173.17	0
230.02	0
246.43	0
251.70	0
260.89	0
263.76	0
269.14	0
270.51	0
128.58	0
134.01	0
137.70	0
165.18	0
169.56	0
170.74	0
171.11	0
171.60	0
135.78	0
144.23	0
146.34	0
150.66	0
152.24	0
171.62	0
179.17	0
194.58	0
168.42	0
168.85	0
172.73	0
174.29	0
206.17	0
215.37	0
218.30	0
221.66	0
170.65	0
178.33	0
178.83	0
201.84	0
207.42	0
208.21	0
214.11	0
216.56	0
234.87	0
242.95	0
243.74	0
256.45	0
256.94	0
266.34	0
266.90	0
271.72	0
161.55	0
169.94	0
171.55	0
172.72	0
176.34	0
179.34	0
191.02	0
193.30	0
109.00	0
120.22	0
150.38	0
160.48	0
161.59	0
163.33	0
166.35	0
191.24	0
68.38	1
95.62	0
131.40	0
145.84	0
149.22	0
149.61	0
151.98	0
153.87	0
10.35	1
122.12	0
126.89	0
134.17	0
136.96	0
138.24	0
152.56	0
156.78	0
68.37	1
131.81	0
133.81	0
141.35	0
143.66	1
155.42	0
157.16	0
158.19	0
11.89	1
102.56	0
123.30	0
124.94	0
131.92	0
133.60	0
138.15	0
141.52	0
13.24	1
82.62	0
88.35	0
109.58	1
113.90	0
116.11	0
119.15	0
124.88	0
19.45	1
81.87	0
112.91	0
121.26	0
127.99	0
130.10	0
138.60	0
142.29	0
76.47	0
78.52	0
90.77	0
131.97	1
135.39	0
141.94	0
144.35	0
146.72	0
101.01	1
148.71	0
170.08	0
171.24	0
176.20	0
198.82	0
200.13	0
205.46	0
51.52	1
106.60	1
116.46	0
124.90	0
129.83	0
130.47	0
134.14	0
140.99	0
110.31	0
146.02	0
164.51	0
172.97	0
177.53	0
177.76	0
192.30	0
201.00	0
166.86	0
196.39	0
196.52	0
199.26	0
200.08	0
220.62	0
228.72	0
231.74	0
130.12	0
131.22	0
132.13	0
136.28	0
138.26	0
143.94	0
155.91	0
161.84	1
2.60	1
21.52	1
35.73	0
42.88	1
102.03	1
110.92	0
124.14	0
130.66	0
128.55	1
130.31	1
164.60	0
167.02	0
175.77	0
176.69	0
183.97	0
189.58	0
234.47	0
248.39	0
253.88	0
256.84	0
260.66	0
263.17	0
265.79	0
273.21	0
180.79	0
189.27	0
238.34	0
238.89	0
239.21	0
240.18	0
241.14	0
242.57	0
166.60	0
187.35	0
247.55	0
255.41	0
272.67	0
278.69	0
282.23	0
285.69	0
114.38	0
116.65	0
118.43	0
120.15	0
126.96	0
130.08	0
138.40	0
146.60	0
118.44	0
159.09	0
160.99	0
170.93	0
176.10	0
178.24	0
185.76	0
185.83	0
104.54	0
161.79	0
167.54	0
191.67	0
197.03	0
202.41	0
202.90	0
206.01	0
375.66	0
414.37	0
433.35	0
441.72	0
444.66	0
451.31	0
452.21	0
452.27	0
428.15	0
457.78	0
458.62	0
459.07	0
465.47	0
467.94	0
469.08	0
471.76	0
151.78	0
153.26	0
157.10	0
157.82	0
185.12	0
185.30	0
188.83	0
189.37	0
250.95	0
311.95	0
325.00	0
327.15	0
328.62	0
328.64	0
329.40	0
329.69	0
194.22	1
299.86	1
305.09	0
310.66	0
316.88	0
336.81	0
343.63	0
348.32	0
34.97	1
81.92	1
297.36	0
303.06	0
303.28	0
303.97	0
306.01	0
308.06	0
178.85	0
203.27	0
256.49	0
257.24	0
265.54	0
269.80	0
270.11	0
271.12	0
224.03	0
224.31	0
247.66	0
248.42	0
250.78	0
260.80	0
266.16	0
269.66	0
6.75	1
7.26	1
20.17	1
37.38	0
43.69	1
97.28	1
104.63	0
122.17	0
153.51	0
153.81	0
154.66	0
158.19	0
160.13	0
161.00	0
164.05	0
164.10	0
155.38	0
157.77	0
162.90	0
163.37	0
163.93	0
174.96	0
182.70	0
188.34	0
114.97	1
126.27	1
174.27	1
188.67	0
197.07	0
201.68	0
209.13	0
216.44	0
45.36	1
55.52	1
57.03	1
185.79	0
187.61	0
188.29	0
189.10	0
214.84	0
60.03	1
72.80	1
90.19	1
165.33	0
165.74	0
170.73	0
171.91	0
190.18	0
81.06	0
82.94	0
88.58	0
96.20	0
97.74	0
97.82	0
98.07	0
101.61	0
10.15	1
12.75	1
14.86	1
21.50	1
26.83	0
33.96	1
90.50	1
106.79	0
100.25	1
111.86	0
117.76	1
147.83	1
161.17	1
168.46	0
173.52	0
174.60	0
4.64	1
6.58	1
7.74	1
53.79	1
127.97	0
130.29	0
132.48	0
137.35	0
35.22	1
42.58	1
53.07	1
61.36	1
157.63	0
159.69	0
160.70	0
161.30	0
130.13	1
147.99	0
151.46	0
152.39	0
156.60	0
162.13	0
164.85	0
168.48	0
153.42	0
154.57	0
158.59	0
168.03	1
168.33	0
168.76	0
169.58	0
173.09	0
213.03	0
213.35	0
214.49	0
220.69	0
221.00	0
226.63	0
230.50	0
231.35	0
126.20	1
143.71	0
146.01	0
147.84	1
153.50	0
156.09	0
158.58	0
160.60	0
108.01	0
146.79	0
152.19	0
186.11	0
189.37	0
200.02	0
203.07	0
205.05	0
71.48	0
130.41	0
172.46	0
173.66	0
174.30	0
181.32	0
181.65	0
185.22	0
232.38	0
232.92	0
259.82	0
265.95	0
276.56	0
280.87	0
299.16	0
305.41	0
33.30	1
197.51	0
198.03	0
200.08	0
202.78	0
213.15	0
216.85	0
226.95	0
35.99	1
170.73	0
173.81	0
186.46	0
188.82	0
191.81	0
193.83	0
208.56	0
72.34	0
166.86	0
183.97	0
203.27	0
205.49	0
211.06	0
212.75	0
213.33	0
39.44	1
219.40	0
251.50	0
264.71	0
271.46	0
271.88	0
272.42	0
288.29	0
17.61	1
237.70	0
239.75	0
241.82	0
245.98	0
247.57	0
262.63	0
265.63	0
8.91	1
147.41	0
149.12	0
150.16	0
153.11	0
157.85	0
170.31	0
173.35	0
18.93	1
184.59	0
198.66	0
199.82	0
203.89	0
205.41	0
211.91	0
212.65	0
67.06	0
72.42	1
74.81	0
77.75	0
86.45	0
87.61	0
91.23	0
95.43	0
2.99	1
6.59	1
10.79	1
11.04	1
23.68	1
34.67	0
42.44	1
95.81	1
159.24	1
212.80	0
220.41	0
228.46	0
257.09	0
260.81	0
264.44	0
266.56	0
35.24	1
45.43	1
257.51	0
259.96	0
299.72	0
304.91	0
307.71	0
308.37	0
16.60	1
22.14	1
206.41	0
235.89	0
237.44	0
241.05	0
245.57	0
250.12	0
5.06	1
15.03	1
125.22	0
128.12	0
128.18	0
133.94	0
150.47	0
151.55	0
16.68	1
17.67	1
175.35	0
183.26	0
187.12	0
198.29	0
200.02	0
203.55	0
113.70	0
134.31	0
137.78	0
137.80	0
139.89	0
147.80	0
153.11	0
153.70	0
173.54	0
185.68	0
207.29	0
211.10	0
212.82	0
213.19	0
216.03	0
222.62	0
186.41	0
188.28	0
190.52	0
190.54	0
193.55	0
196.65	0
208.46	0
212.10	0
276.24	0
286.20	0
288.47	0
289.62	0
290.62	0
292.20	0
297.43	0
299.83	0
192.29	0
220.65	1
221.76	0
224.09	0
229.67	0
240.38	0
240.59	0
244.50	0
193.98	0
194.70	0
195.00	0
195.42	0
196.59	0
207.87	0
215.81	0
216.93	0
182.39	0
184.24	0
185.18	0
188.71	0
198.75	0
204.34	0
208.58	0
211.28	0
221.36	0
224.51	0
225.53	0
226.89	0
228.66	0
229.60	0
239.47	0
243.76	0
155.35	0
160.94	0
161.11	0
165.97	0
193.87	0
194.22	0
195.16	0
195.65	0
94.10	0
95.18	0
102.47	0
105.07	0
106.76	0
106.81	0
108.63	0
114.95	0
226.59	0
241.97	0
242.54	0
252.17	0
256.39	0
257.15	0
264.61	0
265.77	0
127.73	0
127.87	0
128.78	0
133.50	0
152.23	0
154.54	0
155.02	0
157.32	0
123.08	0
127.30	0
131.43	0
134.44	0
159.84	0
162.15	0
162.66	0
169.34	0
181.76	0
184.53	0
184.67	0
194.56	0
200.24	0
205.00	0
205.49	0
207.71	0
169.43	0
170.38	0
174.27	0
174.43	0
174.79	0
175.40	0
177.62	0
183.94	0
23.36	1
71.93	0
78.87	1
87.43	0
95.57	0
95.66	0
99.82	0
106.88	0
2.68	1
3.62	1
5.52	1
10.52	1
11.14	1
20.79	1
32.43	0
41.73	1
91.99	1
122.70	0
151.71	0
162.03	0
173.53	0
187.77	0
193.21	0
196.06	0
18.12	1
175.00	0
181.75	0
183.31	0
183.88	0
185.20	0
187.98	0
201.31	0
7.43	1
145.18	0
147.08	0
154.39	0
156.54	0
162.52	0
176.29	0
177.81	0
13.57	1
31.72	1
187.04	0
188.50	0
191.75	0
196.38	0
208.79	0
210.33	0
21.42	1
28.36	1
152.85	0
157.39	0
159.43	0
166.23	0
167.62	0
174.86	0
30.92	1
58.70	0
159.47	0
177.60	0
183.50	0
186.92	0
195.73	0
201.18	0
15.70	1
36.57	1
41.43	1
215.13	0
228.79	0
231.71	0
269.49	0
272.56	0
13.89	1
15.65	1
17.92	1
231.20	0
260.98	0
264.79	0
266.21	0
270.14	0
4.16	1
4.32	1
8.27	1
132.25	0
134.57	0
136.06	0
140.38	0
156.89	0
10.98	1
11.50	1
11.70	1
165.16	0
172.66	0
180.39	0
182.11	0
182.74	0
134.48	0
186.35	0
196.83	0
197.60	0
202.68	0
204.39	0
207.53	0
207.71	0
158.07	0
159.39	0
161.63	0
164.15	0
168.77	0
169.90	0
171.63	0
172.02	0
180.76	0
189.57	0
190.37	0
190.70	0
195.44	0
197.97	0
199.89	0
204.31	0
66.12	1
79.79	0
79.99	0
85.99	0
86.06	0
87.48	0
94.77	0
94.94	1
136.76	0
148.34	0
162.17	0
164.54	0
164.95	0
179.60	0
185.24	0
185.97	0
218.15	0
221.69	0
227.53	0
234.72	0
235.61	0
236.35	0
239.10	0
243.25	0
114.00	0
132.39	0
134.41	0
135.97	0
141.41	0
145.80	0
146.89	0
148.19	0
102.78	0
115.18	1
115.31	1
125.91	0
140.86	0
166.95	0
171.72	0
181.53	0
65.72	1
115.73	0
132.69	0
163.26	0
169.33	0
174.86	0
175.24	0
175.93	0
16.20	1
217.31	0
238.23	0
242.94	0
250.36	0
259.21	0
264.38	0
270.67	0
25.54	1
40.59	1
177.53	0
180.78	0
183.50	0
187.82	0
204.96	0
205.65	0
43.43	1
74.05	1
127.80	0
131.83	0
134.01	0
136.35	0
140.90	0
170.07	0
153.38	0
156.64	0
158.07	0
158.79	0
166.78	0
175.22	0
175.77	0
181.36	0
12.52	1
21.09	1
61.02	1
63.72	0
69.82	0
72.33	0
84.88	0
88.61	0
2.64	1
3.26	1
4.35	1
6.99	1
11.98	1
13.31	1
24.18	1
36.36	0
69.37	1
142.39	0
163.79	1
184.21	1
186.35	0
190.63	0
192.14	1
199.24	1
4.61	1
9.26	1
9.38	1
10.29	1
62.44	1
129.39	0
131.66	0
133.36	0
19.37	1
31.33	1
53.58	1
70.87	1
87.91	1
174.61	0
175.52	0
176.00	0
83.84	1
152.61	0
163.82	0
166.06	0
171.81	0
172.63	0
174.03	0
174.28	0
205.34	0
233.08	0
234.77	0
246.13	0
254.90	0
255.24	0
262.96	0
272.81	0
140.54	0
146.33	0
153.15	0
163.10	0
173.03	0
174.76	0
176.49	0
177.51	0
171.36	0
180.90	0
187.24	0
195.38	0
197.62	0
199.34	0
200.27	0
201.81	0
175.57	0
178.32	0
188.78	0
191.64	0
192.60	0
196.27	0
197.53	1
200.89	0
184.12	0
184.15	0
186.88	0
189.44	0
191.61	0
192.80	0
194.28	0
197.48	0
184.67	0
186.65	0
190.59	0
192.28	0
197.06	0
200.49	0
205.78	0
206.11	0
257.45	0
260.24	0
263.34	0
272.49	0
272.78	0
278.83	0
281.15	0
283.02	0
201.68	0
204.47	0
210.53	0
212.44	0
212.61	0
214.50	0
216.35	0
217.19	0
271.00	0
272.34	0
277.10	0
277.70	0
278.44	0
285.21	0
286.35	0
291.11	0
152.59	1
153.78	1
188.74	1
190.79	0
192.63	0
199.46	0
200.33	0
212.38	0
181.81	0
183.02	0
183.55	0
195.51	0
198.30	0
212.78	0
214.00	0
217.66	0
62.92	1
63.34	1
114.64	0
114.87	0
125.47	0
134.99	0
140.37	0
147.95	0
202.68	1
204.67	1
219.95	0
222.20	0
223.93	0
227.67	0
228.34	0
231.55	0
89.89	1
110.40	1
343.69	0
345.45	0
347.61	0
350.04	0
361.85	0
364.60	0
134.97	0
148.21	0
155.98	0
189.29	0
190.91	0
195.62	0
197.56	0
197.82	0
248.91	0
253.99	0
256.06	0
256.48	0
257.14	0
257.26	0
257.88	0
258.76	0
73.96	0
95.91	1
100.27	1
143.42	0
152.09	0
154.24	0
184.89	0
185.57	0
28.30	1
31.64	1
200.05	0
206.52	0
227.90	0
232.15	0
248.07	0
257.07	0
40.05	1
51.91	1
63.72	1
66.66	1
172.82	0
177.99	0
180.02	0
184.28	0
42.67	1
72.37	1
77.24	1
107.22	1
124.33	0
127.58	0
128.19	0
131.20	0
248.06	0
251.08	0
255.99	0
258.21	0
259.75	0
259.84	0
261.39	1
261.86	0
191.47	1
195.96	1
203.31	0
214.48	1
226.77	0
235.63	0
239.58	0
240.17	0
197.49	0
202.03	0
203.93	0
208.68	0
209.49	0
213.04	0
213.84	0
217.02	0
234.13	0
238.74	0
243.59	0
249.34	0
258.73	0
260.44	0
262.43	0
263.13	0
80.36	0
82.14	0
82.88	0
87.99	0
88.35	0
88.90	0
90.01	0
99.58	0
272.41	0
279.61	0
288.82	0
291.52	0
291.60	0
294.09	0
296.89	0
299.28	0
298.31	1
300.13	0
316.15	0
316.53	0
318.23	0
320.93	0
321.30	0
321.80	0
244.23	0
244.95	0
252.38	0
261.31	0
262.26	0
265.34	0
273.02	0
277.90	0
77.85	1
141.82	1
143.19	0
152.28	0
154.17	0
155.25	0
158.09	0
160.27	1
254.86	0
258.59	0
265.04	0
267.72	0
269.69	0
269.96	0
272.57	0
273.78	0
258.85	0
263.98	0
272.21	0
284.75	0
286.67	0
291.67	0
292.95	0
293.89	0
213.55	0
219.90	0
239.24	0
240.23	0
240.95	0
249.01	0
250.20	0
251.17	0
131.47	1
132.78	0
139.89	0
146.90	0
156.35	0
159.74	0
160.86	1
168.30	0
185.94	0
196.04	0
201.10	0
204.28	0
207.15	0
208.08	0
208.15	0
208.73	0
188.56	0
196.61	0
203.46	0
209.40	0
217.04	0
219.25	0
222.07	0
222.68	0
164.96	1
188.25	0
189.46	0
192.06	0
193.54	0
199.92	0
200.46	0
200.48	0
135.84	0
158.20	0
160.07	0
162.11	0
164.42	0
171.40	0
178.66	0
184.17	0
155.45	1
213.33	0
214.78	0
218.62	0
222.01	0
232.68	0
244.70	0
244.76	0
249.09	0
258.96	0
266.96	0
277.16	0
279.80	0
280.36	0
281.99	0
283.47	0
188.00	0
208.52	0
215.17	0
220.16	0
221.52	0
223.23	0
228.07	0
228.30	0
91.36	1
123.39	0
124.31	0
127.18	0
129.33	0
133.49	0
140.03	0
142.62	0
29.33	1
93.13	0
106.18	0
141.01	0
141.56	1
142.89	1
150.31	0
152.64	0
31.83	1
93.05	1
109.02	0
151.35	0
151.93	0
163.87	0
179.66	0
193.34	0
37.39	1
37.52	1
216.73	0
221.08	0
256.35	0
256.98	0
262.50	0
269.22	0
19.10	1
21.55	1
41.89	1
45.12	1
187.15	0
190.15	0
194.61	0
199.25	0
18.02	1
43.27	1
47.72	1
78.89	1
156.49	0
156.99	0
159.87	0
162.83	0
24.78	1
160.19	0
175.40	0
176.40	0
176.88	0
179.82	0
182.47	0
196.86	0
106.24	0
119.09	0
129.11	0
132.81	0
136.18	0
138.45	0
139.18	0
139.50	0
336.26	0
346.76	0
348.98	0
352.58	0
355.58	0
357.71	0
357.78	0
357.81	0
238.30	0
246.11	0
246.25	0
249.02	0
250.91	0
253.39	0
254.01	0
254.06	0
237.08	0
237.29	0
258.71	0
263.31	0
265.75	0
265.76	0
268.14	0
268.48	0
237.67	0
249.69	0
269.38	0
269.42	0
276.22	0
291.97	0
297.56	0
307.62	0
171.37	0
181.49	0
209.48	0
221.68	0
221.87	0
226.93	0
227.04	0
229.19	0
312.10	0
322.61	0
325.43	1
339.72	0
344.91	0
347.60	0
349.70	0
350.66	0
240.54	0
250.44	0
251.04	0
252.29	0
252.37	0
254.37	0
255.44	0
257.22	0
229.05	0
229.11	0
241.01	0
242.94	0
251.26	0
255.95	0
259.46	0
262.01	0
65.30	0
85.01	0
85.98	0
86.81	0
90.48	0
93.64	0
95.13	0
109.46	0
284.66	0
293.31	0
293.44	0
300.88	0
306.65	0
312.58	0
317.86	0
318.43	0
209.81	0
237.65	0
249.68	0
251.86	0
252.66	0
253.89	0
257.24	0
258.27	0
128.93	0
129.19	0
131.56	0
132.11	0
137.15	0
137.80	0
137.83	0
140.02	0
609.23	0
616.38	0
616.46	0
617.82	0
619.21	0
620.17	0
622.31	0
622.59	0
210.93	1
214.54	0
227.85	0
229.96	0
230.10	0
235.74	0
236.04	0
241.20	0
199.31	0
215.30	0
220.04	0
231.13	0
238.81	0
239.31	0
241.96	0
245.04	0
394.62	0
397.17	0
418.06	0
418.68	0
418.74	0
421.25	0
422.02	0
422.12	0
216.09	0
220.91	0
226.34	0
236.26	0
241.69	0
248.60	0
249.18	0
249.51	0
226.38	0
230.57	0
235.39	0
241.34	0
242.12	0
249.33	0
252.28	0
255.76	0
171.57	0
182.94	0
192.38	0
192.74	0
194.80	0
195.11	0
207.67	0
208.97	0
187.46	0
189.46	0
192.80	0
210.00	0
211.10	0
215.33	0
218.02	0
218.14	0
98.74	0
103.01	0
110.28	0
112.10	0
114.20	0
117.37	0
119.07	0
123.68	0
254.84	0
262.53	0
262.64	0
263.80	0
275.13	0
276.68	0
277.14	0
277.68	0
166.79	0
182.75	0
198.84	0
199.17	0
200.11	0
201.65	0
202.44	0
204.94	0
306.99	0
307.02	0
308.07	0
311.65	0
311.86	0
312.68	0
312.69	0
313.00	0
342.71	0
343.06	0
349.14	0
354.43	0
357.82	0
360.12	0
361.28	0
362.65	0
489.89	0
494.46	0
494.91	0
499.91	0
501.24	0
503.50	0
509.66	0
511.31	0
245.77	0
251.69	0
255.07	1
270.38	0
274.76	0
276.12	0
276.42	0
276.62	0
235.27	0
294.37	0
296.53	0
296.71	0
300.90	0
303.84	0
317.16	0
321.12	0
177.99	0
184.03	1
212.37	0
218.10	0
224.10	0
225.42	0
227.18	0
228.53	0
221.14	0
225.56	0
226.10	0
233.10	0
235.72	0
237.37	0
238.66	0
244.49	0
206.18	0
209.88	0
210.77	0
214.17	0
216.23	0
228.50	0
231.49	0
234.77	0
98.74	0
99.59	0
100.85	0
105.69	0
108.45	0
108.73	0
109.43	0
112.74	0
152.40	1
165.07	0
171.70	0
182.55	0
187.18	1
194.69	0
198.28	0
203.66	0
204.45	1
230.99	0
245.10	0
249.83	0
259.91	0
262.33	0
267.12	0
268.36	0
254.33	0
259.04	0
261.68	0
265.09	0
269.35	0
274.36	0
276.42	0
283.97	0
293.68	0
293.90	0
295.68	0
297.37	0
298.02	0
301.79	0
302.10	0
302.44	0
186.09	0
189.74	0
190.45	0
193.22	0
200.60	0
203.02	0
203.61	0
213.43	0
155.01	0
210.91	0
211.93	0
216.23	0
218.16	0
218.89	0
227.30	0
228.96	0
156.36	0
160.20	0
160.28	0
169.10	0
169.77	0
174.86	0
179.59	0
180.49	0
155.63	0
158.62	0
166.67	0
169.28	0
169.40	0
171.19	0
172.21	0
173.38	0
410.83	0
422.10	0
437.35	0
440.25	0
441.34	0
444.72	0
446.55	0
447.44	0
231.39	0
236.54	0
241.08	0
248.18	0
256.88	0
261.06	0
261.23	0
269.08	0
232.98	0
235.75	0
238.21	0
238.21	0
239.46	0
245.07	0
251.38	0
251.45	0
169.01	0
170.07	0
170.83	0
177.05	0
184.18	0
185.71	0
185.93	0
193.18	0
52.88	1
55.48	1
87.35	0
91.84	0
119.11	0
123.26	0
126.12	0
127.04	0
170.65	1
171.84	0
176.56	0
182.23	0
182.58	0
183.13	0
184.82	0
186.04	0
175.95	0
179.29	0
188.89	0
190.16	0
193.44	0
193.56	0
198.52	0
199.03	0
261.37	0
261.60	0
286.63	0
289.96	0
291.98	0
298.95	0
299.03	0
301.32	0
190.57	0
198.73	0
232.32	0
242.33	0
243.64	0
246.51	0
247.02	0
247.04	0
300.04	0
322.48	0
328.89	0
330.13	0
332.29	0
334.68	0
335.72	0
336.46	0
250.73	0
314.31	0
321.94	0
322.66	0
322.82	0
324.19	0
327.29	0
328.09	0
263.98	0
265.74	0
266.64	0
267.02	0
268.18	0
278.23	0
282.54	0
284.50	0
112.29	0
114.28	0
115.13	0
120.19	0
121.20	0
122.37	0
123.12	0
124.26	0
576.59	0
580.49	0
582.21	0
584.00	0
584.88	0
587.01	0
587.32	0
587.96	0
171.05	1
180.15	0
190.53	0
191.66	0
191.78	0
192.38	1
196.29	0
200.33	0
252.70	0
264.97	1
266.66	1
273.56	1
276.21	0
291.44	0
300.67	0
301.18	0
283.63	0
283.75	0
284.01	0
286.19	0
287.08	0
296.81	0
298.06	0
298.63	0
277.47	0
280.67	0
286.19	0
291.47	0
296.97	0
306.76	0
307.72	0
308.36	0
334.42	1
343.77	1
362.26	0
368.57	1
369.08	1
371.62	0
372.53	1
377.51	0
234.28	0
236.49	0
240.77	0
241.09	0
245.72	0
253.80	0
255.97	0
256.02	0
224.03	0
226.10	0
227.58	0
227.81	0
228.28	0
228.41	0
231.95	1
232.23	0
55.78	1
60.15	1
224.28	0
229.95	0
264.85	0
267.34	0
270.89	0
272.17	0
20.93	1
41.32	1
53.99	1
56.70	1
190.01	0
194.64	0
197.60	0
200.70	0
22.87	1
58.53	1
62.28	1
94.56	1
152.17	0
164.72	0
169.55	0
169.87	0
204.38	1
309.74	0
315.13	0
317.60	0
318.85	0
318.92	0
319.83	0
321.00	0
349.15	0
367.60	0
367.69	0
367.79	0
370.56	0
372.88	0
373.82	0
374.62	0
146.39	0
148.81	0
148.99	0
155.02	0
156.17	0
156.31	0
156.90	0
161.87	0
606.46	0
618.19	0
619.12	0
619.93	0
620.36	0
623.79	0
624.62	0
629.33	0
581.84	0
599.30	0
601.14	0
602.42	0
602.76	0
609.12	0
609.55	0
609.65	0
172.98	0
181.43	0
182.89	0
182.94	0
185.91	0
186.90	0
189.01	0
189.66	0
507.42	0
516.27	0
516.27	0
520.81	0
521.84	0
523.87	0
529.56	0
529.78	0
187.91	1
198.59	0
198.75	0
198.88	0
205.35	0
208.22	0
209.06	0
221.74	0
194.32	0
211.87	0
215.00	0
228.17	0
233.30	0
237.04	0
237.38	0
237.53	0
179.92	0
181.07	0
190.68	0
197.00	0
197.57	0
198.61	0
202.00	0
205.17	0
280.77	0
289.83	0
291.73	0
296.30	0
296.73	0
296.76	0
299.83	0
302.98	0
107.90	0
112.35	0
112.96	0
117.95	0
121.22	0
125.88	0
133.07	0
138.55	0
313.14	0
353.08	0
353.45	0
354.56	0
355.72	0
365.56	0
368.97	0
369.07	0
213.48	0
233.22	0
236.81	0
238.33	0
246.29	0
251.60	0
254.24	0
255.08	0
202.92	0
212.61	0
219.95	0
221.99	0
224.43	0
228.26	0
228.49	0
229.04	0
205.50	0
208.10	0
210.05	0
211.66	0
213.00	0
225.07	0
226.98	0
234.00	0
156.89	0
158.05	0
168.59	0
173.74	0
173.86	0
174.37	0
180.80	0
185.10	0
281.62	0
290.20	0
293.46	0
296.81	0
298.52	0
301.35	0
303.71	0
304.21	0
182.01	0
183.48	0
198.71	0
200.95	0
208.97	0
214.78	0
216.25	0
221.38	0
116.12	0
119.19	0
125.94	0
133.52	0
136.87	0
141.99	0
142.19	0
146.83	0
190.55	1
193.00	1
209.90	0
220.99	0
226.44	0
226.68	0
230.25	0
231.27	0
215.44	0
220.29	0
220.59	0
223.34	0
226.13	0
228.18	0
231.40	0
233.44	0
137.53	0
142.53	0
144.73	0
145.82	0
147.59	0
160.20	0
160.98	0
161.65	0
301.15	0
320.82	0
323.97	0
325.36	0
326.20	1
328.70	0
330.07	0
333.32	0
280.38	0
281.16	0
281.65	0
283.94	0
285.48	0
287.48	0
288.15	0
291.77	0
141.69	0
144.49	0
145.85	0
145.87	0
151.96	0
154.82	0
164.65	0
167.82	0
249.77	0
267.11	0
267.22	0
282.14	0
284.16	0
284.76	0
285.16	0
288.47	0
274.30	0
278.65	0
279.79	0
282.42	0
283.50	0
294.15	0
301.60	0
309.52	0
262.66	0
266.09	0
270.55	0
278.62	0
281.33	0
285.65	0
287.15	0
292.93	1
196.86	0
203.42	0
205.51	0
205.84	0
206.17	0
209.56	0
223.15	0
223.34	0
142.95	0
163.85	0
167.99	0
169.40	0
172.82	0
173.82	0
173.85	0
175.17	0
96.09	0
103.03	0
108.04	0
108.52	0
110.38	0
113.77	0
116.48	0
117.54	0
173.71	1
173.83	1
179.75	0
212.77	1
216.54	0
218.78	0
225.98	0
227.33	0
263.04	0
296.38	0
313.32	0
324.05	0
324.26	0
328.41	0
329.11	0
329.72	0
157.88	0
160.59	0
162.57	0
164.75	0
170.03	0
176.40	0
181.48	0
184.44	0
189.63	0
238.41	0
239.09	0
241.33	0
245.92	0
247.47	0
252.01	0
257.03	0
86.38	1
133.26	1
135.28	1
145.49	0
146.95	0
147.01	0
147.23	1
150.92	0
193.86	0
209.14	0
231.24	0
253.42	0
265.70	0
278.76	0
290.27	0
304.44	0
299.55	0
301.77	0
303.63	0
309.46	0
309.88	0
309.98	0
310.64	0
311.23	0
107.39	0
123.48	0
130.52	0
130.90	0
135.02	0
135.13	0
140.64	0
145.18	0
58.79	0
86.04	1
101.95	1
137.65	0
147.31	0
151.32	0
151.39	0
157.11	0
44.33	1
44.92	1
201.12	0
205.87	0
244.39	0
247.65	0
251.50	0
257.40	0
34.30	1
58.58	1
64.00	1
65.90	1
179.00	0
184.56	0
187.43	0
191.34	0
39.69	1
73.57	1
79.39	1
103.78	1
129.78	0
130.08	0
134.20	0
134.29	0
142.86	1
149.99	0
151.59	1
151.77	1
152.55	0
162.96	0
170.40	0
171.37	0
60.39	1
62.08	1
62.62	1
63.24	1
64.29	1
65.00	1
68.65	1
75.11	1
70.90	0
150.98	0
153.12	0
155.27	0
157.47	0
168.91	0
174.14	0
174.65	0
156.03	0
217.61	0
220.71	0
225.98	0
231.04	0
231.05	0
233.89	0
236.09	0
62.69	1
145.41	1
147.00	1
149.62	1
195.43	0
205.90	1
210.91	1
211.07	0
7.99	1
60.35	1
72.07	1
73.36	1
75.22	1
80.58	1
204.53	0
204.61	0
119.32	1
167.28	1
172.71	1
180.58	1
188.83	1
195.43	1
239.58	0
248.21	0
280.59	0
300.73	0
305.35	0
306.66	0
308.19	0
314.23	0
317.74	0
318.43	0
33.64	1
76.54	0
80.30	0
80.76	0
93.89	0
98.37	0
99.13	0
100.23	0
2.62	1
8.83	1
10.03	1
11.09	1
11.60	1
13.73	1
14.15	1
19.32	1
129.18	0
151.63	0
160.85	0
161.18	0
183.57	0
211.11	0
217.36	0
217.70	0
125.06	0
128.93	0
129.57	0
136.12	0
142.74	0
144.23	0
145.07	0
145.76	0
112.83	0
115.36	0
116.64	0
118.17	0
119.17	0
121.80	0
123.08	0
123.34	0
56.92	1
88.83	0
105.13	0
105.46	0
107.20	0
110.59	0
118.25	0
118.67	0
187.04	0
200.95	0
204.19	0
208.19	0
214.22	0
224.46	0
226.71	0
229.14	0
261.75	0
269.19	0
286.29	0
292.25	0
292.54	0
295.07	0
295.13	0
296.86	0
192.83	0
195.13	0
216.99	0
217.41	1
217.71	0
217.82	1
220.21	0
232.34	1
369.92	0
385.32	0
385.88	0
388.10	0
389.39	0
393.32	0
393.90	0
394.47	0
171.34	0
195.80	0
249.90	0
253.11	0
254.17	0
257.04	0
258.19	0
261.88	0
169.26	0
234.64	0
247.67	0
253.65	0
259.68	0
270.69	0
270.71	0
276.18	0
6.67	1
10.82	1
11.00	1
11.06	1
15.39	1
40.84	1
55.10	1
138.73	0
38.21	1
51.07	1
53.73	1
65.03	1
68.89	1
95.73	1
183.19	1
186.66	0
240.85	0
262.17	0
264.19	0
273.54	0
274.75	0
275.23	0
278.16	0
283.76	0
195.40	0
197.91	0
214.85	0
219.62	0
225.15	0
226.94	0
228.90	0
232.03	0
201.90	0
204.07	0
212.33	0
213.77	0
216.01	0
223.20	0
224.11	0
224.73	0
139.83	0
143.17	0
168.37	0
177.27	0
177.69	0
178.02	1
180.46	0
183.86	0
75.82	1
78.44	1
130.38	0
140.94	0
146.96	1
147.84	0
149.24	0
151.27	0
154.31	0
158.41	0
159.04	0
159.97	0
169.07	0
169.77	0
171.12	0
172.03	0
46.81	1
85.59	1
97.68	1
97.98	0
100.28	0
100.36	1
104.58	0
106.82	0
256.61	0
262.88	0
264.17	0
277.87	0
285.36	1
285.67	1
292.13	0
292.97	1
316.83	0
327.84	0
331.82	0
334.45	0
334.72	0
335.19	0
337.28	0
337.58	0
310.37	0
330.08	0
335.08	0
335.81	0
338.19	1
339.79	0
344.58	0
347.19	0
63.61	1
65.67	1
222.57	0
225.37	0
230.22	0
233.39	0
238.04	0
239.84	0
172.19	1
237.26	0
310.90	0
312.50	0
318.25	0
320.24	0
321.09	0
322.21	0
80.03	0
135.64	0
137.40	0
140.92	0
149.31	0
153.11	0
154.71	0
155.48	0
60.40	1
154.25	0
154.73	0
185.76	0
189.40	0
191.03	0
191.13	0
193.30	0
139.17	1
148.70	0
150.82	0
152.15	0
153.44	0
154.16	0
154.71	0
160.88	0
224.43	0
236.69	0
236.74	0
237.48	0
237.73	0
240.60	0
241.91	0
242.61	0
89.82	0
156.05	0
156.54	0
160.45	0
161.95	0
165.83	0
166.23	0
175.23	0
137.96	0
166.65	0
167.14	0
176.03	0
194.46	0
196.22	0
196.76	0
203.32	0
78.06	1
78.49	1
88.85	1
115.22	1
122.00	0
123.72	0
125.50	0
130.42	0
4.72	1
6.30	1
6.62	1
6.80	1
7.99	1
8.25	1
10.68	1
11.42	1
197.32	0
197.69	1
216.17	1
219.57	1
267.91	0
268.38	0
274.23	0
274.86	0
187.83	0
212.67	0
214.85	0
220.20	0
225.85	0
229.32	0
231.30	0
234.12	0
164.39	0
182.72	0
187.88	0
214.80	0
220.30	0
229.46	0
229.62	0
233.27	0
162.62	1
191.00	0
197.37	0
199.40	0
200.28	0
202.44	0
214.36	1
217.43	1
151.41	1
183.62	1
192.49	0
199.01	0
210.86	0
233.08	0
237.50	0
262.68	0
18.74	1
20.28	1
57.95	1
170.16	0
173.50	0
180.67	0
182.88	0
185.51	0
169.95	0
198.63	0
214.26	0
216.12	1
217.66	0
217.72	0
217.98	0
222.79	0
107.31	1
177.04	0
179.74	0
183.00	0
184.06	0
188.03	0
188.42	0
192.12	0
82.69	1
198.24	0
203.51	0
204.53	0
210.01	0
214.49	0
214.59	0
218.75	0
50.09	1
62.81	1
106.73	0
111.59	0
111.96	0
122.91	0
123.85	0
124.96	1
116.99	0
128.70	0
154.13	0
157.48	0
160.12	0
165.19	0
166.62	0
167.03	0
65.55	0
66.05	0
67.25	0
71.54	0
72.62	0
77.68	0
84.49	1
93.92	0
149.05	0
159.66	0
159.69	0
161.06	0
161.09	0
164.31	0
166.24	0
167.19	0
63.34	0
65.46	0
70.15	0
70.27	0
74.82	0
86.93	0
93.46	1
95.87	0
123.52	0
132.62	0
132.96	0
135.32	0
135.84	0
138.35	0
139.73	0
145.45	0
64.28	0
66.22	0
68.74	0
68.82	0
73.51	0
80.82	0
89.18	1
94.13	0
135.94	0
155.88	0
157.51	0
159.81	0
160.97	0
163.97	0
167.63	0
172.85	0
66.09	0
67.97	0
68.01	0
69.64	0
72.96	0
78.65	0
85.97	1
94.94	0
137.98	0
149.98	0
154.33	0
156.33	0
159.10	0
168.34	0
168.42	0
171.89	0
66.71	0
67.29	0
68.69	0
71.23	0
73.37	0
74.46	0
79.26	1
93.94	0
124.36	0
141.10	0
142.93	0
145.81	0
147.49	0
147.84	0
148.59	0
154.29	0
70.14	0
71.47	0
71.91	0
72.12	0
73.72	0
75.06	0
81.83	1
98.71	0
131.52	0
134.08	0
137.31	0
144.20	0
146.18	0
151.35	0
151.68	0
158.14	0
35.37	1
68.35	0
70.48	0
85.73	0
87.44	0
94.08	0
94.15	0
107.95	0
142.25	0
157.35	0
162.75	0
163.50	0
167.14	0
167.24	0
167.84	0
169.39	0
70.60	1
85.15	0
87.70	0
87.71	0
90.81	0
93.64	0
94.24	0
96.80	0
156.32	0
156.91	1
157.30	0
158.67	0
163.02	1
182.91	1
200.63	0
207.49	1
123.91	0
153.90	0
171.44	0
174.07	0
178.60	0
192.39	0
196.42	0
198.13	0
66.43	1
121.95	1
124.37	0
124.85	0
127.35	0
129.82	0
147.55	0
148.84	0
13.62	1
18.23	1
115.37	0
120.62	0
125.21	0
132.78	0
135.25	0
135.96	0
28.57	1
29.17	1
62.21	1
70.75	0
74.25	0
74.29	1
74.35	0
75.82	0
36.34	1
43.10	1
51.28	1
57.49	1
68.74	1
86.72	0
87.19	0
87.21	0
10.10	1
10.81	1
11.00	1
12.70	1
13.11	1
13.72	1
16.48	1
22.66	1
151.35	0
181.90	0
182.34	0
196.91	0
197.70	0
197.86	0
199.24	0
202.30	0
62.76	0
84.62	0
108.12	0
124.78	0
131.06	0
134.46	0
153.09	0
153.71	0
111.45	0
111.65	0
116.64	0
142.37	0
151.38	0
153.76	0
156.83	0
158.58	0
149.88	0
179.08	0
179.82	0
184.66	0
186.92	0
187.35	0
189.47	0
189.51	0
176.05	1
193.40	1
203.84	0
212.59	0
213.86	0
214.49	0
218.52	0
218.66	0
207.03	0
207.46	0
208.23	0
208.46	0
210.13	0
211.19	0
217.57	0
219.31	0
44.14	1
94.86	0
95.80	0
96.67	0
97.34	0
100.64	0
111.27	0
113.21	0
234.70	0
237.40	0
238.06	0
238.16	0
252.75	0
253.70	0
253.88	0
255.12	0
199.81	0
200.14	0
203.14	0
205.53	0
205.57	0
207.30	0
207.44	0
208.17	0
191.45	0
191.75	0
195.42	0
196.25	0
196.54	0
198.72	0
200.11	0
208.11	0
51.58	1
55.40	1
56.75	1
66.02	1
77.31	0
82.09	0
85.22	1
91.01	0
4.60	1
4.75	1
5.52	1
6.87	1
8.39	1
9.67	1
9.72	1
10.30	1
127.58	0
132.53	0
145.58	0
153.96	0
180.83	0
183.89	0
184.55	0
185.06	0
143.90	0
145.72	0
146.82	0
167.32	0
167.75	0
167.95	0
169.29	0
170.85	0
103.40	0
105.77	0
106.59	0
108.91	0
112.47	0
122.85	0
123.23	0
124.28	0
102.52	0
103.54	0
104.15	0
107.26	0
107.51	0
108.40	0
123.21	0
124.59	0
134.10	1
136.50	1
136.88	1
137.43	1
137.99	1
139.31	1
164.42	0
172.67	0
169.98	1
170.39	1
176.65	0
179.03	0
179.76	1
191.02	0
200.05	0
200.65	0
187.04	0
226.27	0
243.58	0
244.15	0
251.40	0
254.81	0
261.46	0
264.55	0
167.11	0
200.05	0
210.56	0
255.64	0
265.19	0
268.72	0
274.34	0
276.92	0
54.10	1
93.21	0
107.27	1
185.02	0
191.71	0
221.86	0
246.06	0
247.74	0
180.51	0
214.80	0
216.60	0
217.37	0
217.67	0
218.65	0
221.44	0
224.74	0
228.44	1
228.84	1
230.57	1
230.67	1
232.09	1
232.44	1
236.94	0
241.42	0
226.32	0
227.47	0
235.64	0
243.30	0
244.85	0
246.30	0
246.40	0
249.49	0
207.27	0
211.30	0
213.75	0
217.28	0
217.32	0
217.97	0
221.91	0
223.42	0
157.50	0
191.66	0
191.86	0
192.25	0
196.47	0
206.69	0
207.38	0
211.56	0
129.27	0
135.62	0
139.92	0
147.01	0
148.18	0
148.19	0
150.31	0
151.81	0
129.17	0
138.36	0
139.93	0
139.97	0
142.89	0
146.78	0
147.51	0
147.71	0
138.92	0
142.15	0
145.26	0
151.33	0
153.69	0
156.45	0
156.92	0
158.30	0
90.99	0
94.55	0
98.67	0
101.53	0
102.40	0
102.88	0
102.93	0
103.51	0
218.71	0
221.29	0
230.92	0
235.51	0
236.53	0
237.37	0
242.72	0
243.11	0
135.58	1
138.48	1
139.32	1
139.50	1
141.50	1
143.52	0
147.88	0
148.96	1
171.40	0
202.00	0
203.50	0
232.94	0
249.03	0
262.13	0
270.34	0
274.96	0
109.11	1
110.71	1
124.85	1
141.96	0
144.31	0
146.90	0
154.44	1
159.48	0
196.29	0
196.73	0
197.63	0
199.24	0
199.93	0
202.77	0
211.81	0
213.66	0
85.93	1
94.23	1
119.16	0
120.40	0
122.35	0
127.87	0
129.17	0
129.53	0
102.67	0
109.20	1
112.60	1
130.89	1
160.08	1
164.98	0
173.21	0
174.28	0
106.23	1
190.56	0
191.73	0
192.62	0
193.43	0
194.87	0
195.57	0
195.85	0
21.04	1
164.84	0
167.29	0
171.45	0
176.75	0
179.44	0
183.91	0
188.18	0
61.52	1
63.32	1
63.33	1
69.99	1
77.15	1
81.59	1
94.09	1
108.50	0
1.36	1
2.75	1
3.08	1
3.55	1
4.39	1
4.44	1
5.72	1
7.15	1
120.57	1
143.27	1
162.68	0
170.78	1
176.04	0
198.34	0
199.71	0
199.79	0
213.42	0
215.76	0
221.72	0
221.96	0
256.30	0
258.39	0
259.36	0
265.73	0
174.93	0
195.71	0
200.90	0
208.85	0
211.61	0
215.18	0
220.05	0
222.51	0
201.45	0
207.81	0
221.31	0
240.09	1
249.07	1
265.11	1
270.80	1
274.22	1
129.61	1
192.34	1
208.67	0
213.85	0
214.13	0
233.65	0
239.82	0
242.42	1
36.84	1
52.64	1
75.93	1
280.67	0
285.03	0
285.28	0
289.26	0
289.67	0
186.34	0
215.23	0
226.20	0
231.79	1
235.28	0
235.48	0
236.31	0
239.38	0
237.64	0
239.74	0
244.68	0
252.86	0
255.96	0
257.18	0
261.93	0
262.94	0
134.94	0
144.01	0
148.50	0
153.73	0
155.36	0
163.31	0
166.11	0
168.21	0
207.92	0
212.41	1
215.34	1
216.12	0
217.03	0
219.10	1
230.38	0
230.96	1
284.56	1
288.93	0
292.18	0
292.34	0
292.36	0
294.64	0
295.09	0
296.55	0
148.26	0
237.54	0
237.54	0
238.74	0
238.91	0
241.79	0
253.16	0
255.66	0
265.15	0
268.64	0
281.72	0
285.15	0
285.25	0
285.47	0
288.76	0
290.99	0
170.46	0
173.84	0
175.45	0
178.96	0
180.55	0
182.20	0
184.51	0
191.39	0
33.03	1
54.73	1
67.03	1
94.90	1
95.77	1
96.17	0
96.45	0
97.75	0
195.23	1
199.97	1
212.53	1
216.93	0
217.31	0
219.09	0
220.50	0
222.46	0
209.40	0
212.86	0
213.15	0
214.50	0
219.22	0
222.59	0
224.93	0
225.51	0
169.81	0
171.46	0
173.07	0
175.20	0
189.20	0
192.69	0
192.83	0
193.47	0
193.16	0
208.78	0
212.87	0
213.54	0
216.05	0
222.92	0
223.10	0
224.50	0
136.03	0
147.46	0
150.66	0
151.92	0
152.89	1
154.16	0
155.01	1
157.15	1
234.03	0
235.75	0
247.91	0
248.36	0
249.39	0
251.27	0
253.22	0
253.52	0
161.44	1
163.34	1
164.36	1
165.72	1
172.69	0
175.60	0
176.73	1
189.83	1
280.38	0
296.50	0
299.46	0
299.93	0
301.41	0
302.55	0
304.27	0
305.26	0
242.65	0
244.56	0
254.33	0
254.92	0
255.94	0
257.39	0
258.20	0
261.07	0
193.43	0
197.81	0
200.69	0
206.96	0
207.41	0
211.41	0
214.25	0
221.20	0
28.20	1
52.27	1
70.68	1
83.01	0
85.83	0
86.83	0
89.26	0
90.85	0
96.18	1
101.86	1
106.78	1
124.62	1
128.18	1
131.76	1
148.18	0
150.13	1
176.95	0
230.65	0
236.41	0
238.94	0
243.12	0
243.46	0
247.69	0
247.93	0
25.89	1
34.13	1
35.60	1
48.74	1
48.79	1
59.12	1
68.82	1
76.23	0
1.53	1
1.88	1
2.30	1
2.33	1
3.98	1
6.20	1
6.98	1
7.42	1
189.19	0
247.44	0
272.91	0
285.98	0
291.35	0
301.70	0
302.66	0
304.78	0
123.55	0
138.72	0
140.36	0
143.12	0
144.28	0
156.05	0
157.19	0
157.61	0
123.58	1
126.85	1
127.59	1
128.99	1
129.32	1
137.34	1
158.09	0
172.71	1
116.88	0
240.41	0
240.60	1
243.30	0
244.45	0
246.10	0
247.72	1
249.00	0
247.19	0
256.72	0
258.93	0
273.49	0
274.22	0
288.88	0
307.67	0
309.00	0
30.61	1
34.32	1
43.05	1
59.62	1
68.49	1
84.01	0
92.20	0
95.45	0
251.88	1
268.96	0
272.65	0
305.50	0
306.11	0
310.15	0
317.71	0
319.12	0
226.42	0
226.67	0
229.66	0
229.81	0
230.72	0
243.09	0
244.97	0
247.17	0
188.32	0
209.93	0
216.75	0
222.32	0
226.03	0
227.28	0
228.01	0
228.17	0
109.80	1
160.06	0
163.74	0
176.51	0
178.53	0
179.70	0
180.33	0
181.69	0
72.30	1
83.25	0
93.23	0
98.47	0
98.93	0
102.99	0
103.78	0
104.41	0
273.49	0
280.66	0
280.85	0
281.68	0
291.28	0
295.34	0
300.42	0
301.98	0
473.71	0
486.06	0
489.35	0
491.74	0
498.92	0
501.06	0
504.33	0
504.69	0
270.14	1
295.90	0
300.70	0
330.98	0
338.69	0
339.09	0
339.79	0
340.19	0
198.57	0
226.46	0
227.05	0
235.11	0
236.50	0
236.59	0
237.32	0
238.20	0
109.01	1
164.32	0
164.58	0
164.92	0
165.97	0
166.40	0
167.81	0
182.23	0
235.01	0
244.13	0
246.22	0
248.10	0
250.21	0
250.50	0
250.82	0
254.96	0
245.06	0
276.44	0
286.37	0
289.06	0
297.87	0
297.87	0
298.64	0
300.17	0
81.91	0
87.48	0
90.73	0
94.68	0
94.74	0
96.31	0
98.90	0
106.90	0
208.73	0
274.85	0
280.45	0
281.50	0
282.25	0
282.64	0
282.85	1
283.56	0
284.18	0
305.04	0
305.96	0
312.11	0
313.75	0
313.97	0
314.44	0
316.04	0
53.31	1
60.08	1
60.90	1
62.97	1
67.71	1
69.97	1
76.16	1
84.18	1
0.81	1
1.58	1
2.18	1
2.70	1
3.03	1
3.87	1
6.84	1
7.17	1
103.08	1
109.88	0
189.65	0
191.85	0
198.24	0
198.27	0
198.96	0
201.83	0
232.00	0
232.66	0
235.86	0
256.54	0
257.00	0
257.77	0
259.69	0
260.59	0
112.06	1
115.41	1
117.36	1
140.71	1
142.19	0
145.05	1
156.23	0
158.02	0
232.71	0
247.27	0
257.22	0
263.89	0
286.29	0
289.79	0
292.76	0
295.80	0
143.28	0
145.72	0
147.39	0
153.33	0
156.90	0
157.84	0
158.66	0
167.42	0
155.52	1
177.15	1
177.79	1
181.33	1
192.87	1
205.12	0
206.60	1
208.64	0
63.00	1
112.72	1
114.13	1
114.64	1
119.47	0
122.89	1
128.19	0
140.35	1
53.41	1
90.37	1
93.18	0
160.60	0
165.32	0
166.66	0
169.04	0
172.54	0
9.98	1
15.31	1
165.63	0
166.09	0
167.94	0
178.07	0
180.51	0
184.65	0
117.22	1
129.71	1
145.86	0
146.62	0
152.42	0
154.51	0
157.24	0
157.37	0
2.76	1
3.50	1
5.14	1
5.21	1
5.83	1
6.08	1
6.44	1
7.45	1
146.96	0
148.39	0
153.81	0
184.82	0
194.17	0
214.01	0
215.08	0
215.81	0
33.93	1
52.94	1
85.22	0
86.83	0
91.22	0
93.03	0
99.07	0
99.34	0
167.68	0
169.68	0
170.99	0
178.73	0
178.78	0
182.19	0
182.85	0
183.51	0
156.38	0
166.00	0
176.87	0
179.01	0
179.09	0
183.99	0
186.87	0
187.28	0
183.77	0
186.52	0
187.56	0
190.08	0
190.32	0
196.41	0
199.42	0
200.18	0
56.90	1
59.38	1
61.55	1
61.75	1
70.78	1
88.86	1
106.55	0
110.05	1
136.13	1
137.11	1
151.98	1
159.46	1
160.51	1
172.65	1
174.06	1
174.92	0
164.32	0
182.15	0
182.38	0
187.22	0
187.66	0
188.36	0
189.74	0
193.01	0
156.20	0
156.47	0
158.07	0
158.47	0
172.52	0
174.36	0
174.98	0
175.97	0
82.94	1
116.96	1
120.53	1
136.42	0
138.12	0
143.11	0
146.92	0
149.55	0
76.86	1
77.20	0
77.81	1
91.01	0
95.83	0
99.40	0
104.26	0
105.44	0
205.83	0
216.73	0
218.83	1
221.00	1
226.72	1
227.81	1
229.63	1
231.92	0
211.08	0
215.34	0
235.82	0
237.54	0
241.11	0
244.87	0
252.49	0
252.61	0
216.12	0
243.28	0
248.74	0
250.67	0
254.82	0
258.51	0
262.82	0
264.09	0
133.30	0
169.59	0
177.66	0
178.05	0
187.12	0
192.65	0
197.90	0
199.81	0
114.81	1
118.37	1
119.77	1
126.19	1
136.25	1
139.01	1
143.83	1
149.92	1
189.82	0
213.26	0
216.76	0
227.74	0
253.95	0
256.59	0
258.24	0
264.15	1
52.99	1
71.36	1
96.56	0
98.34	0
98.64	0
99.47	0
100.41	0
101.19	0
146.78	0
150.34	0
166.39	0
177.47	0
183.21	0
185.17	0
186.16	0
211.57	0
71.55	1
71.94	1
118.13	1
120.60	0
127.49	1
128.16	1
130.23	0
133.73	1
140.27	1
154.98	1
179.64	1
200.13	0
207.08	0
251.70	0
255.81	0
260.02	0
60.01	1
61.68	1
62.65	1
205.98	0
211.96	0
218.49	0
220.38	0
222.80	0
270.84	1
287.10	0
289.01	0
295.11	0
296.21	0
297.49	0
297.69	0
304.04	0
221.78	1
305.80	0
307.53	0
310.44	0
313.28	0
320.01	0
320.50	0
321.78	0
293.40	0
294.84	0
305.91	0
315.23	0
318.36	0
319.67	0
319.80	0
320.09	0
142.18	0
146.93	0
149.41	0
150.36	0
151.04	0
152.20	0
154.43	0
154.62	0
274.08	0
275.65	0
287.00	0
288.43	0
294.24	0
296.97	0
298.11	0
299.18	0
28.19	1
125.07	0
126.77	0
127.55	0
130.18	0
135.96	0
136.71	0
138.75	0
250.02	0
250.31	0
252.87	0
257.54	0
259.39	0
262.17	0
262.19	0
262.63	0
182.17	0
182.40	0
187.19	0
187.48	0
196.48	0
197.60	0
202.08	0
206.91	0
247.28	0
250.53	0
253.28	0
256.53	0
258.67	0
260.04	0
263.37	0
272.05	0
115.98	1
121.12	1
121.95	0
123.82	1
124.02	1
125.42	1
127.15	0
127.27	1
94.40	1
97.04	1
128.14	0
131.73	1
134.82	0
154.06	0
156.81	1
157.13	1
43.43	1
70.16	1
90.71	1
109.71	0
112.10	0
161.97	0
169.97	0
176.25	0
11.92	1
13.08	1
18.35	1
162.16	0
164.66	0
168.44	0
178.34	0
178.87	0
36.12	0
93.46	1
102.98	0
189.03	0
217.74	0
224.25	0
225.77	0
227.28	0
8.22	1
91.95	0
104.01	0
104.36	0
106.41	0
106.89	0
107.74	0
107.91	0
21.98	1
123.88	0
153.86	0
157.25	0
160.63	0
166.84	1
170.67	1
176.06	1
26.63	1
105.68	0
187.18	0
202.01	0
213.71	0
219.39	0
220.76	0
220.92	0
22.21	1
154.03	1
155.18	1
158.23	1
158.95	1
168.25	1
169.14	1
188.45	1
22.37	1
93.41	1
105.61	1
119.90	0
129.72	1
131.59	1
157.79	0
171.94	1
4.66	1
7.77	1
11.51	1
12.23	1
12.74	1
16.03	1
33.33	1
47.29	1
9.78	1
39.33	1
40.45	1
44.91	1
49.48	1
51.43	1
82.14	1
162.16	1
21.56	1
220.73	0
221.92	0
222.10	0
223.60	0
224.81	0
227.27	0
228.23	0
14.80	1
342.01	0
358.77	0
359.22	0
363.81	0
367.16	0
369.67	0
382.73	0
16.36	1
140.83	0
148.97	0
150.71	0
153.61	0
155.24	0
155.85	0
158.44	0
19.57	1
127.44	0
171.35	0
180.40	0
202.80	0
210.69	0
215.08	0
215.22	0
30.61	1
81.10	0
88.37	0
92.66	0
94.43	0
99.84	1
101.23	0
103.00	0
128.37	1
184.85	0
189.53	0
191.58	0
193.91	0
194.29	0
194.55	0
195.57	0
212.41	0
221.57	0
222.80	0
226.95	0
227.47	0
229.21	0
229.27	0
229.58	0
236.61	0
251.23	0
252.81	0
253.15	0
253.59	0
254.94	0
257.73	0
258.83	0
228.05	0
232.33	1
235.82	0
237.21	0
239.12	0
242.98	0
243.01	0
243.87	0
266.83	0
267.42	0
268.58	0
269.02	0
269.42	0
269.79	0
269.95	0
270.25	0
303.84	0
315.66	0
319.40	0
326.47	0
329.05	0
329.89	0
330.82	0
331.48	0
96.92	1
117.87	1
124.01	1
139.31	1
257.46	0
258.19	0
260.20	0
267.11	0
240.99	0
246.78	0
258.55	0
269.37	0
269.83	0
277.16	0
282.13	0
284.79	0
261.41	1
265.33	1
276.94	0
278.38	0
278.42	0
281.32	0
282.81	0
283.06	0
19.30	1
20.05	1
28.48	1
28.80	1
29.07	1
29.56	1
33.49	1
43.80	1
82.26	1
85.50	1
92.00	1
96.62	1
101.26	1
109.79	1
126.93	1
190.88	0
255.88	0
263.09	0
263.83	0
266.43	0
267.16	0
270.14	0
276.81	0
279.01	0
235.49	0
235.94	0
247.45	0
248.95	0
249.07	0
251.13	0
251.89	0
254.27	0
309.82	0
333.63	0
336.96	0
337.65	0
340.71	0
343.25	0
344.44	0
345.53	0
135.42	0
155.41	0
174.95	0
180.30	0
180.38	0
181.44	0
183.63	0
183.90	0
332.71	0
344.02	0
345.85	0
346.76	0
347.78	0
354.14	0
359.07	0
369.94	0
386.39	0
404.25	0
408.43	0
409.31	0
411.01	0
415.57	0
415.92	0
417.92	0
271.14	0
286.31	0
288.43	0
291.41	0
294.42	0
298.83	0
300.46	0
300.53	0
208.91	1
267.02	0
273.75	0
276.72	0
279.19	0
280.04	0
280.28	0
282.20	0
81.36	1
92.51	1
116.90	1
117.62	1
118.27	1
120.27	0
121.45	1
123.41	1
30.91	1
35.11	1
37.83	1
38.54	1
39.66	1
40.28	1
40.65	1
42.52	1
165.58	1
172.31	0
174.89	0
182.71	0
186.63	0
186.82	0
187.15	0
188.78	0
275.49	0
286.26	1
299.99	1
300.08	1
302.27	1
305.61	0
308.84	0
312.18	0
357.60	0
361.82	0
369.37	0
386.97	0
408.63	0
452.94	0
453.40	0
454.42	0
250.48	0
259.14	0
273.05	0
273.31	0
285.67	0
287.61	0
291.19	0
291.26	0
226.12	1
230.72	0
230.94	0
243.06	0
243.84	0
243.91	0
244.46	0
248.20	0
372.65	0
440.16	0
443.32	0
445.74	0
446.27	0
446.55	0
469.01	0
472.63	0
230.02	0
232.05	1
236.06	1
236.93	0
262.30	0
266.11	0
268.16	0
271.91	0
241.09	0
246.23	0
249.13	0
255.00	0
256.18	0
257.70	0
265.80	0
269.05	0
63.65	0
114.96	0
115.01	1
115.83	0
116.21	0
133.36	0
134.44	0
149.08	0
98.35	0
184.21	0
195.05	0
202.77	0
203.57	0
204.25	0
205.96	0
206.71	0
228.47	1
279.65	0
294.47	0
303.77	0
309.80	1
311.62	1
311.94	1
314.72	0
158.23	1
159.49	1
165.12	1
168.25	1
177.36	1
178.45	1
179.02	1
179.44	1
249.06	0
263.59	0
279.64	0
281.89	0
284.03	0
300.25	0
318.88	0
319.07	0
308.53	0
308.67	0
309.27	0
311.08	0
311.95	0
313.87	0
314.30	0
314.99	0
274.79	0
277.02	0
277.90	0
278.72	0
279.22	1
280.25	0
281.48	0
282.52	0
309.46	0
310.53	0
322.45	0
324.75	0
326.15	1
328.31	0
330.16	1
330.98	0
233.99	0
234.88	0
248.89	0
250.51	0
259.68	0
259.86	0
261.58	0
263.55	0
212.22	0
240.46	0
242.08	0
242.62	0
257.17	0
258.76	0
259.92	0
261.87	0
190.54	0
222.84	0
262.68	0
273.72	0
281.61	0
291.28	0
292.98	0
293.79	0
189.26	0
220.80	0
224.00	0
237.60	0
242.50	0
243.05	1
253.30	0
256.63	1
226.61	0
250.28	0
268.03	0
277.38	0
279.83	0
284.61	0
285.64	0
286.08	0
192.38	0
212.95	0
217.92	0
220.45	0
220.83	0
231.16	1
232.04	0
232.59	0
469.27	0
488.34	0
489.73	0
490.73	0
492.11	0
492.49	0
499.36	0
509.32	0
232.63	0
268.60	0
268.70	0
281.28	0
290.42	0
299.00	0
306.24	0
306.98	0
263.48	0
370.07	0
387.68	0
397.19	0
398.04	0
398.17	0
400.02	0
401.89	0
507.44	0
512.25	0
518.45	0
521.07	0
522.97	0
525.56	0
526.78	0
527.23	0
204.02	0
222.20	0
228.08	0
228.26	0
243.58	0
247.09	0
252.53	0
253.27	1
297.71	0
311.31	0
320.12	0
322.27	0
330.13	0
339.32	0
343.99	0
344.23	0
68.32	1
78.48	1
81.51	1
92.15	1
300.55	0
300.87	0
304.76	0
306.26	0
159.45	0
174.44	0
235.57	1
238.93	1
240.85	0
241.85	0
249.11	0
252.30	0
186.51	1
245.16	0
252.40	0
265.63	1
267.54	1
269.55	1
271.21	0
276.76	1
170.09	0
255.06	0
291.88	0
295.12	0
297.44	0
299.08	0
300.60	0
303.89	0
46.88	1
49.97	1
56.75	1
58.97	1
64.89	1
73.04	1
76.43	1
82.61	1
198.43	0
205.94	0
211.77	0
211.78	0
219.20	0
220.20	0
222.15	0
223.69	0
228.20	0
240.98	0
251.41	0
258.59	0
264.81	0
265.59	0
268.35	0
269.61	0
210.93	0
218.82	0
235.02	1
241.37	0
242.55	0
243.30	0
243.68	0
248.35	0
88.86	1
89.62	1
96.58	1
102.55	0
104.86	0
105.82	0
106.86	0
106.91	0
140.88	0
144.49	0
158.09	0
161.99	0
165.93	0
167.06	0
167.72	0
168.58	0
184.33	0
185.51	0
187.29	0
187.98	0
193.92	0
204.10	0
205.21	0
205.30	0
183.22	0
191.34	0
193.03	0
195.15	0
197.73	0
199.68	0
201.15	0
210.18	0
168.72	0
169.04	0
172.26	0
173.30	0
176.13	0
176.18	0
177.88	0
178.75	0
139.08	0
140.78	0
141.85	0
145.47	0
146.35	0
150.55	0
162.27	0
162.27	0
131.71	0
143.10	0
146.03	0
147.56	0
148.08	0
148.34	0
156.28	0
158.44	0
141.19	0
142.35	0
142.39	0
148.53	0
149.84	0
152.24	0
153.20	0
153.75	0
181.69	0
184.88	0
190.66	0
200.56	0
207.39	0
210.46	0
211.08	0
211.23	0
43.70	1
45.26	1
45.84	1
46.50	1
46.92	1
56.71	1
88.54	1
89.82	0
125.76	0
128.45	0
128.71	0
130.68	0
142.82	0
144.48	0
144.92	0
145.91	0
125.80	0
126.32	0
127.02	0
127.39	0
129.03	0
130.41	0
132.21	0
138.13	0
113.25	0
117.05	0
120.45	0
120.52	0
126.31	0
128.28	0
129.51	0
132.41	0
131.80	0
135.13	0
135.42	0
141.62	0
143.56	0
149.68	0
160.06	0
163.90	0
105.04	0
110.69	0
115.29	0
115.42	0
125.06	0
126.40	0
128.97	0
130.86	0
66.67	1
67.91	1
68.06	1
68.83	1
73.59	1
81.10	1
88.76	1
105.11	0
108.38	1
146.18	0
152.44	0
152.67	0
153.83	0
154.71	0
158.29	0
159.39	0
108.74	1
111.09	0
112.09	0
113.74	0
114.30	0
114.35	0
114.49	0
116.62	0
98.96	0
99.23	0
102.90	0
106.52	0
121.79	0
124.42	0
126.57	0
127.19	0
81.97	0
85.57	0
90.13	0
92.03	0
100.79	0
100.89	0
101.19	0
102.42	0
92.36	1
92.39	0
93.63	0
96.70	0
99.56	0
111.13	0
111.58	0
112.36	0
58.40	1
65.65	1
69.01	1
92.30	1
94.89	1
98.68	0
99.34	0
102.52	0
89.02	1
97.86	1
99.35	0
100.71	1
102.12	0
102.68	1
104.67	1
106.42	0
162.61	0
162.64	0
163.53	0
163.62	0
166.45	0
167.51	0
170.33	0
170.65	0
191.09	0
202.54	0
205.19	0
205.53	0
220.69	0
221.42	0
222.49	0
224.05	0
111.06	1
112.28	1
124.16	0
124.21	1
131.90	1
133.52	0
135.12	1
142.81	1
33.71	1
44.94	1
45.99	1
47.50	1
48.90	1
49.38	1
49.78	1
49.90	1
229.60	0
230.13	0
234.19	0
235.62	0
237.54	0
239.41	1
240.07	0
241.73	0
164.49	0
173.03	0
173.38	0
173.65	0
181.96	0
182.24	0
182.25	0
185.75	0
178.68	0
179.89	0
182.04	0
182.97	0
184.31	0
185.88	0
186.10	0
189.95	0
91.48	0
95.45	0
96.05	0
97.44	0
103.95	0
109.80	0
112.00	0
112.83	0
15.28	1
20.03	1
40.95	1
55.35	0
62.84	0
70.38	1
76.81	0
78.28	1
141.67	0
158.02	0
158.12	0
159.01	0
165.10	0
168.80	0
168.81	0
169.24	0
111.43	0
114.96	0
115.20	0
117.38	0
119.37	0
120.73	0
128.61	0
134.90	0
140.68	0
148.33	0
151.30	0
152.66	0
152.87	0
154.29	0
168.55	0
172.72	0
89.55	0
94.19	0
101.06	0
106.35	0
110.98	0
113.37	0
115.79	0
116.28	0
176.10	0
176.75	0
178.35	0
181.86	0
184.25	0
184.86	0
186.52	0
189.07	0
96.30	1
100.02	0
100.97	0
101.86	0
101.93	1
103.32	0
105.05	0
110.17	0
139.50	0
158.70	0
158.77	0
169.26	0
169.92	0
172.04	0
177.64	0
180.45	0
117.15	0
122.66	0
126.27	0
131.07	0
134.94	0
136.38	0
137.45	0
138.93	0
90.40	0
94.34	0
95.10	0
97.11	0
105.42	0
112.49	0
113.48	0
114.76	0
11.01	1
15.36	1
36.52	1
53.59	0
62.30	0
65.03	1
77.03	1
78.09	0
155.87	0
169.87	0
170.26	0
172.26	0
180.09	0
180.71	0
180.92	0
181.97	0
115.16	0
115.40	0
119.58	0
122.22	0
123.27	0
130.53	0
138.53	0
141.67	0
154.22	0
159.22	0
159.31	0
162.45	0
165.25	0
165.48	0
180.89	0
183.26	0
106.48	0
107.85	0
112.68	0
113.62	0
115.92	0
121.26	0
133.08	0
134.95	0
119.85	1
150.60	0
157.74	1
160.28	0
162.65	0
165.73	0
167.73	0
168.85	0
168.72	0
172.71	0
173.40	0
175.53	0
179.64	0
185.02	0
187.72	0
189.52	0
136.57	0
140.51	0
145.32	0
149.27	0
152.25	0
154.75	0
155.27	0
157.22	0
101.90	1
116.10	0
117.65	0
119.89	0
121.45	0
130.31	0
130.48	0
130.96	0
140.04	0
141.60	0
144.65	0
146.67	0
158.30	0
162.38	0
162.93	0
163.95	0
87.61	0
96.00	0
108.57	0
111.17	0
117.32	0
118.48	0
120.70	0
121.65	0
215.59	0
226.33	0
230.19	0
232.54	0
234.03	0
235.60	0
235.88	0
237.16	0
159.52	0
161.87	0
169.46	0
170.61	0
179.52	0
185.68	0
186.75	0
186.81	0
404.71	0
407.21	0
415.30	0
416.84	0
416.93	0
416.97	0
418.01	0
421.26	0
208.37	0
213.22	0
215.69	0
220.47	0
221.24	0
223.26	0
224.36	0
224.88	0
258.15	0
266.95	0
267.80	0
269.32	0
273.03	0
273.14	0
277.38	0
278.01	0
723.00	0
733.38	0
743.45	0
754.68	0
755.45	0
758.51	0
758.85	0
761.94	0
135.79	0
138.36	0
152.08	0
153.40	0
155.02	0
155.56	0
156.31	0
157.44	0
54.06	1
63.79	0
63.79	0
69.65	0
69.74	0
80.14	0
81.92	0
86.68	0
26.27	1
37.74	1
53.10	0
57.73	0
73.99	0
77.32	0
81.91	0
85.92	0
28.43	1
40.35	1
51.54	0
56.42	0
74.41	0
84.89	0
85.62	0
86.02	0
161.00	0
168.64	0
170.59	0
171.47	0
172.26	0
174.06	0
174.84	0
176.30	0
325.45	0
335.24	0
338.52	0
340.06	0
340.29	0
341.30	0
342.08	0
344.84	0
522.49	1
528.95	1
529.02	1
530.87	1
538.53	0
539.37	0
544.11	1
546.38	1
290.44	0
291.49	0
293.33	0
298.80	0
300.35	0
300.44	0
300.78	0
301.77	0
152.15	0
156.01	0
161.63	0
168.35	0
172.31	0
179.48	0
181.09	0
181.21	0
422.33	0
423.72	0
426.62	0
436.18	0
437.87	0
439.04	0
439.49	0
439.76	0
201.58	0
205.53	0
208.57	0
215.60	0
215.83	0
219.83	0
221.24	0
222.10	0
413.91	0
424.69	0
425.61	0
427.74	0
429.98	0
430.31	0
431.23	0
432.14	0
539.22	0
572.66	0
574.37	0
587.95	0
589.89	0
590.30	0
594.58	0
595.39	0
51.18	1
53.48	0
53.65	1
54.31	1
55.13	1
55.83	1
56.24	1
56.50	1
108.51	1
132.44	1
133.27	1
135.27	1
140.68	1
152.23	0
164.89	0
166.73	0
34.12	1
106.86	1
172.02	0
177.87	0
197.61	0
201.57	0
201.94	0
203.62	0
6.56	1
53.40	1
126.38	1
141.94	0
144.31	0
145.91	0
148.91	0
150.18	0
20.45	1
39.81	1
162.10	0
163.52	0
165.29	0
166.13	0
168.27	0
168.29	0
53.82	1
63.44	1
64.32	1
66.42	1
66.68	1
68.70	1
70.47	1
77.05	1
108.97	0
112.49	0
112.95	0
114.95	0
116.84	0
117.65	0
118.10	0
120.10	0
28.26	1
29.78	0
32.74	1
45.66	1
47.40	0
50.64	1
57.35	1
58.41	0
3.08	1
3.34	1
3.57	1
3.60	1
4.32	1
4.96	1
5.18	1
5.20	1
145.90	0
154.95	0
161.69	0
162.64	0
162.66	0
163.79	0
167.25	0
172.81	0
213.94	0
297.64	0
300.07	0
301.57	0
302.96	0
304.63	0
305.31	0
306.51	0
164.86	1
165.60	1
166.36	0
167.43	0
168.59	0
169.72	0
169.77	0
170.48	0
207.94	0
217.18	0
219.98	0
226.17	0
229.05	0
230.86	0
232.13	0
232.33	0
126.07	0
127.36	0
133.94	0
148.59	0
165.49	0
168.72	0
168.85	0
169.91	0
234.90	0
237.27	0
245.78	0
254.14	0
257.97	0
259.27	0
259.37	0
260.03	0
65.32	1
65.60	1
98.97	1
100.69	0
102.58	0
110.99	0
112.03	1
117.34	0
158.21	0
159.28	0
162.77	0
165.38	0
168.08	0
170.23	0
170.44	0
170.72	0
125.36	0
126.49	1
127.91	0
129.67	0
132.45	0
133.14	0
133.52	0
135.10	0
194.22	0
212.82	0
278.22	0
282.47	0
290.14	0
290.37	0
291.43	0
292.21	0
26.32	1
26.67	1
32.76	1
36.31	1
36.32	1
39.27	1
44.64	1
57.15	1
2.19	1
2.40	1
2.59	1
2.82	1
3.01	1
3.03	1
3.61	1
5.02	1
170.50	0
253.11	0
254.81	0
256.52	0
256.64	0
256.99	0
259.07	0
271.37	0
449.54	0
449.71	0
450.49	0
453.11	0
453.76	0
457.85	0
458.06	0
458.09	0
199.86	0
202.28	0
204.02	0
204.83	0
205.58	0
207.63	0
208.82	0
211.03	0
267.26	0
271.35	0
273.16	0
276.79	0
276.82	0
277.23	0
280.11	0
281.98	0
167.63	1
172.40	1
177.11	0
180.98	0
183.36	0
184.52	0
186.60	0
186.75	0
250.03	0
257.16	0
277.53	0
277.66	0
279.28	0
282.07	0
294.00	0
295.55	0
233.69	0
236.73	0
245.70	0
253.02	0
253.64	0
254.88	0
255.77	0
255.86	0
286.79	0
287.52	0
288.16	0
292.13	0
298.39	0
304.37	0
306.84	0
307.26	0
216.44	0
222.37	0
223.18	0
224.17	0
226.02	0
226.31	0
227.79	0
228.59	0
70.30	1
125.90	0
132.13	0
134.31	0
135.19	0
135.57	0
137.36	0
138.33	0
115.70	1
223.44	0
226.91	0
229.42	0
230.51	0
231.07	0
231.94	0
234.64	0
71.08	1
76.53	0
80.65	0
83.56	0
83.78	0
88.78	0
90.36	0
90.95	0
10.80	1
12.33	1
12.70	1
13.10	1
13.11	1
13.62	1
14.60	1
14.99	1
188.44	0
192.76	0
193.41	0
196.93	0
199.77	0
200.39	0
202.57	0
202.93	0
140.37	1
163.68	1
166.99	1
185.23	1
209.39	1
360.17	0
362.62	0
367.80	0
195.00	0
196.34	0
199.43	0
201.40	0
201.91	0
207.41	0
210.20	0
210.30	0
131.51	0
137.75	0
139.53	0
143.25	0
150.35	0
152.91	0
158.34	0
159.38	0
62.72	1
113.60	0
115.35	1
115.50	0
117.56	0
117.97	0
118.49	0
120.41	1
16.56	1
27.16	1
28.08	1
29.46	1
29.46	1
30.62	1
30.77	1
31.14	1
78.90	0
182.44	0
183.24	0
187.06	0
188.19	0
190.35	0
190.87	0
191.65	0
326.16	0
327.32	0
327.93	0
331.90	0
334.02	0
335.64	0
336.80	0
338.75	0
51.58	1
78.58	0
79.01	1
82.83	1
127.08	0
134.75	0
137.33	0
137.71	0
111.49	0
117.93	1
149.10	0
156.45	0
157.47	0
170.59	0
174.92	0
182.30	0
32.28	1
34.87	1
55.68	1
72.55	0
75.94	0
76.45	1
77.83	0
79.41	0
7.17	1
7.57	1
12.64	1
14.65	1
14.71	1
15.62	1
16.05	1
16.29	1
44.26	0
45.86	0
46.27	0
47.28	0
47.60	0
47.89	0
47.94	0
48.01	0
141.17	1
146.57	1
159.71	0
161.07	1
161.61	1
163.54	1
164.30	0
166.86	1
7.40	1
9.07	1
9.44	1
9.94	1
10.43	1
11.90	1
11.96	1
12.11	1
180.65	0
180.74	0
180.97	0
183.50	0
183.53	0
184.63	0
186.76	0
187.74	0
104.16	0
106.10	0
106.63	0
106.71	0
107.99	0
108.95	0
110.95	0
111.57	0
186.70	0
197.27	0
197.57	0
197.85	0
198.62	0
199.16	0
201.24	0
202.69	0
65.03	0
66.39	0
68.80	1
70.10	0
70.32	0
71.43	0
71.73	0
71.79	1
60.06	1
107.07	1
136.17	0
136.26	0
136.44	0
136.64	0
138.97	0
139.38	0
8.26	1
9.96	1
12.07	1
14.87	1
27.19	1
49.61	0
50.55	0
50.82	0
186.78	0
187.01	0
187.37	0
187.40	0
188.60	0
189.27	0
190.09	0
190.67	0
177.46	0
179.25	0
181.98	0
182.65	0
184.19	0
185.27	0
187.26	0
187.81	0
114.53	0
117.74	0
117.85	0
120.31	0
121.77	0
121.80	0
124.91	0
125.48	0
79.52	0
94.41	0
101.18	0
103.83	0
104.42	0
104.53	0
106.35	0
108.77	0
219.22	0
224.38	0
225.08	0
226.64	0
228.51	0
232.25	0
233.39	0
235.97	0
56.78	0
58.81	0
59.35	1
65.54	1
67.43	0
69.43	1
70.75	0
73.24	0
54.98	1
103.10	0
125.32	0
125.82	0
125.83	0
129.99	0
132.30	0
134.35	0
7.82	1
7.87	1
11.40	1
15.98	1
26.69	1
47.62	0
47.90	0
50.06	0
134.26	1
141.44	1
148.56	0
156.74	0
164.33	0
165.73	0
167.90	0
168.48	0
106.25	0
120.11	0
121.38	0
123.98	0
124.91	0
125.92	0
128.08	0
129.23	0
48.98	1
91.89	0
98.54	0
98.92	0
99.13	0
100.99	0
101.18	0
101.35	0
91.28	1
95.38	1
134.98	0
136.45	0
140.31	0
144.55	0
147.11	0
147.34	0
114.29	0
115.94	0
118.00	0
118.87	0
120.97	0
121.34	0
121.76	0
125.98	0
57.94	1
99.79	0
103.10	0
104.56	0
107.36	0
108.29	0
109.40	0
110.30	0
12.93	1
14.21	1
14.83	1
14.87	1
16.30	1
16.38	1
16.67	1
16.74	1
160.29	0
164.85	0
167.15	0
168.37	0
169.49	0
169.92	0
174.06	0
175.85	0
93.19	0
95.79	0
100.62	0
102.68	0
104.37	0
104.43	0
104.59	0
104.80	0
48.60	1
49.64	1
55.32	1
59.29	1
78.10	0
79.42	0
80.28	0
80.40	0
76.03	0
76.94	0
80.19	0
83.58	0
84.67	0
87.84	0
88.40	0
90.55	0
34.20	1
34.27	0
35.09	1
37.43	1
37.52	1
39.11	1
39.56	1
39.74	1
