191.38	0
196.07	0
200.82	0
205.32	0
212.28	0
212.56	0
215.89	0
217.02	0
114.78	0
128.25	0
143.43	0
147.18	0
148.88	0
150.78	0
151.41	0
163.51	0
125.96	0
153.36	0
159.23	0
164.05	0
164.06	0
185.16	0
185.73	0
192.56	0
256.48	0
259.98	0
260.02	0
265.01	0
275.03	0
281.23	0
288.79	0
298.00	0
263.35	0
267.89	0
286.51	0
290.97	0
313.75	0
314.24	0
319.97	0
322.45	0
271.74	0
273.35	0
302.36	0
305.93	0
306.57	0
312.86	0
314.21	0
318.74	0
500.43	0
517.88	0
525.98	0
528.98	0
529.79	0
542.45	0
563.71	0
568.44	0
717.23	0
730.73	0
736.25	0
741.53	0
749.74	0
763.05	0
777.40	0
780.90	0
352.99	0
365.58	0
379.21	0
381.41	0
389.27	0
390.82	0
392.93	0
397.63	0
494.38	0
527.38	0
540.78	0
542.61	0
549.06	0
554.41	0
561.80	0
565.88	0
775.39	0
801.72	0
811.97	0
821.41	0
829.68	0
832.39	0
839.13	0
844.37	0
712.15	0
742.23	0
745.65	0
757.41	0
760.65	0
762.09	0
772.41	0
773.06	0
804.49	0
822.13	0
840.84	0
852.40	0
854.18	0
859.33	0
861.61	0
864.86	0
456.05	0
466.39	0
468.38	0
469.16	0
477.03	0
477.51	0
498.63	0
499.72	0
345.01	0
369.94	0
370.96	0
371.90	0
376.52	0
386.54	0
388.27	0
391.56	0
250.66	0
255.39	0
256.33	0
260.50	0
264.71	0
272.54	0
281.69	0
282.49	0
414.94	0
436.29	0
453.05	0
458.16	0
461.04	0
474.60	0
477.86	0
483.91	0
433.46	0
440.39	0
457.05	0
457.98	0
458.77	0
463.66	0
464.09	0
464.17	0
256.65	0
259.97	0
261.17	0
281.08	0
281.66	0
286.94	0
287.05	0
287.20	0
73.34	0
79.46	0
83.27	0
87.09	0
117.85	0
124.08	0
132.15	0
140.07	0
143.85	0
150.79	0
156.44	0
163.27	0
172.04	0
172.89	0
174.36	0
182.65	0
181.20	0
188.23	0
188.86	0
208.86	0
213.61	0
223.29	0
226.67	0
230.01	0
63.37	0
71.16	0
76.04	0
83.18	0
93.40	0
98.20	0
105.24	0
111.20	0
20.17	1
24.18	1
71.18	0
102.75	0
140.08	0
159.85	0
163.61	0
169.54	0
115.56	0
157.63	0
158.30	0
169.82	0
175.32	0
188.02	0
188.21	0
203.26	0
127.20	0
150.20	0
153.40	0
155.65	0
156.30	0
160.75	0
164.95	0
168.69	0
25.47	1
93.32	0
103.20	0
111.23	0
116.42	0
120.40	0
123.28	0
125.02	0
83.59	0
95.81	0
100.06	0
101.93	0
111.13	0
113.98	0
125.79	0
129.54	0
79.46	0
98.99	0
103.78	0
124.44	0
125.36	0
125.93	0
131.71	0
132.03	0
87.68	0
102.57	0
107.28	0
117.24	0
118.30	0
126.08	0
130.00	0
131.91	0
127.16	0
130.31	0
135.47	0
137.69	0
141.07	0
143.46	0
146.32	0
147.23	0
155.58	0
160.24	0
164.81	0
165.65	0
171.16	0
173.82	0
183.24	0
184.94	0
127.05	0
128.23	0
141.22	0
141.84	0
156.40	0
157.00	0
158.85	0
163.07	0
141.21	0
148.29	0
155.95	0
163.26	0
166.12	0
173.94	0
174.49	0
177.15	0
117.89	0
127.72	0
133.79	0
134.16	0
139.74	0
146.73	0
150.35	0
160.88	0
162.01	0
172.79	0
173.71	0
182.09	0
185.58	0
188.11	0
188.31	0
188.37	0
37.17	1
37.19	1
45.14	1
86.86	0
93.59	0
118.92	0
135.15	0
162.19	0
288.94	1
305.37	0
316.79	0
330.33	0
331.52	0
338.66	0
343.22	0
348.23	0
34.14	1
139.67	0
158.62	0
166.30	0
166.51	0
175.59	0
175.79	0
178.15	0
265.35	0
265.57	0
278.26	0
280.15	0
291.13	0
295.87	0
295.98	0
301.56	0
257.76	0
259.63	0
262.66	0
265.79	0
269.65	0
269.87	0
273.23	0
275.67	0
266.95	0
272.17	0
276.36	0
282.23	0
286.20	0
305.79	0
311.55	0
312.75	0
188.76	0
193.79	0
199.78	0
201.17	0
205.17	0
206.23	0
210.56	0
214.33	0
172.71	0
181.48	0
183.48	0
186.52	0
192.68	0
192.82	0
195.62	0
195.77	0
73.94	1
76.56	1
81.50	1
97.47	1
132.07	0
133.60	0
157.81	0
178.98	0
154.18	0
174.67	0
175.29	0
178.37	0
179.93	0
180.36	0
183.30	0
186.03	0
231.23	0
248.01	0
250.32	0
253.02	0
254.10	0
258.64	0
258.95	0
263.35	0
266.09	0
286.07	0
286.61	0
287.09	0
290.67	0
291.73	0
292.17	0
292.89	0
223.72	0
228.03	0
232.48	0
241.13	0
241.19	0
246.66	0
248.28	0
251.19	0
210.42	1
220.67	0
226.39	0
228.35	0
229.81	0
237.96	0
240.72	0
241.79	0
27.91	1
274.88	0
276.63	0
276.93	0
284.59	0
286.24	0
287.20	0
288.63	0
204.85	0
221.63	0
227.21	0
228.02	0
236.59	0
238.07	0
238.07	0
239.63	0
137.24	1
157.12	0
161.17	0
163.62	0
168.10	0
172.45	0
173.60	0
177.71	0
162.82	0
171.39	0
173.01	0
176.52	0
181.01	0
186.02	0
189.00	0
193.53	0
200.51	0
205.45	0
205.56	0
218.65	0
219.34	0
227.33	0
228.34	0
229.39	0
267.90	0
269.92	0
275.34	0
278.27	0
286.23	0
287.88	0
290.47	0
292.55	0
279.57	0
286.70	0
296.21	0
302.80	0
303.28	0
305.29	0
310.43	0
311.63	0
247.86	0
265.00	0
280.40	0
281.46	0
281.85	0
283.66	0
288.69	0
290.38	0
214.81	0
222.16	0
223.74	0
225.97	0
227.54	0
228.57	0
229.54	0
231.85	0
144.81	0
151.11	0
165.06	0
170.38	0
178.84	0
185.65	0
187.30	0
191.77	0
227.24	0
227.87	0
258.78	0
264.44	0
268.74	0
274.32	0
280.97	0
285.38	0
404.61	0
411.00	0
419.44	0
424.62	0
429.05	0
434.04	0
435.72	0
440.27	0
254.84	0
265.23	0
275.03	0
280.99	0
286.37	0
289.08	0
289.38	0
292.05	0
171.25	0
191.24	0
195.50	0
203.33	0
204.12	0
206.69	0
210.27	0
211.90	0
291.57	0
292.36	0
302.03	0
306.60	0
307.14	0
313.09	0
313.43	0
330.92	0
159.67	0
163.51	0
168.64	0
177.22	0
179.86	0
180.18	0
186.09	0
187.55	0
304.41	1
314.97	0
316.39	0
321.91	0
324.18	0
326.24	0
340.31	0
348.88	0
366.47	0
369.43	0
375.03	0
383.58	0
385.63	0
392.42	0
394.11	0
403.44	0
264.80	0
264.90	0
277.61	0
283.43	0
283.80	0
286.32	0
287.15	0
292.09	0
282.39	0
292.09	0
296.93	0
300.05	0
300.69	0
302.26	0
307.49	0
308.39	0
170.33	1
183.80	0
185.89	0
200.60	0
212.31	0
215.05	0
222.54	0
223.66	0
317.61	0
320.88	0
332.71	0
338.49	0
346.35	0
349.91	0
354.49	0
361.41	0
177.02	0
186.59	0
187.62	0
196.76	0
201.51	0
202.12	0
202.94	0
203.48	0
346.34	1
364.53	0
373.69	0
395.83	0
399.48	0
401.30	0
403.51	0
406.73	0
164.23	0
297.48	0
301.36	0
304.20	0
308.46	0
309.66	0
311.17	0
311.23	0
612.07	0
617.72	0
623.92	0
627.43	0
639.56	0
641.45	0
647.18	0
648.39	0
161.05	0
169.37	0
174.22	0
177.31	0
184.27	0
185.25	0
185.81	0
191.37	0
332.85	0
339.20	0
348.23	0
355.92	0
358.50	0
359.59	0
362.95	0
384.72	0
479.78	0
487.26	0
496.56	0
530.02	0
533.26	0
535.12	0
540.90	0
542.78	0
232.97	0
290.02	0
291.20	0
291.89	0
292.58	0
293.83	0
295.60	0
296.85	0
712.39	0
737.34	0
745.42	0
749.55	0
753.27	0
757.48	0
763.49	0
763.87	0
242.84	1
257.09	0
259.89	0
265.74	0
274.41	0
288.38	0
289.60	0
291.89	0
120.44	1
147.61	0
162.07	0
168.34	0
176.12	0
176.71	0
186.48	0
187.06	0
12.85	1
38.86	1
95.37	0
99.76	0
108.51	0
108.63	0
120.63	0
121.75	0
20.50	1
160.08	0
163.77	0
173.20	0
178.60	0
179.91	0
183.56	0
184.38	0
12.57	1
81.67	0
82.32	0
85.47	0
91.66	0
92.27	0
94.23	0
101.58	0
331.08	0
332.99	0
333.14	0
337.95	0
347.78	0
355.06	0
360.86	0
364.39	0
253.10	1
276.13	0
280.15	0
282.89	0
294.59	0
304.18	0
305.71	0
307.83	0
328.53	0
335.81	0
336.44	0
340.26	0
351.08	0
358.88	0
361.99	0
362.05	0
104.46	0
121.30	0
123.86	0
128.15	0
129.31	0
134.85	0
137.15	0
140.01	0
257.58	1
288.60	0
289.27	0
301.21	0
303.59	0
304.21	0
306.08	0
315.05	0
336.83	0
343.98	0
348.37	0
348.53	0
350.99	0
351.43	0
361.38	0
366.83	0
199.54	0
207.34	0
215.27	0
218.88	0
220.39	0
220.51	0
225.22	0
225.54	0
288.08	0
292.50	0
295.80	0
295.81	0
300.56	0
309.18	0
311.47	0
313.57	0
336.97	0
337.47	0
343.85	0
344.96	0
352.26	0
356.36	0
358.85	0
361.30	0
313.84	0
314.71	0
315.95	0
317.31	0
321.09	0
321.70	0
323.48	0
323.53	0
177.05	0
181.17	0
190.72	0
200.40	0
200.58	0
200.76	0
204.20	0
204.56	0
252.47	1
267.69	0
270.18	0
276.60	0
286.53	0
288.73	0
294.39	0
295.36	0
328.40	0
334.30	0
336.69	0
347.12	0
352.78	0
359.95	0
360.16	0
360.92	0
203.40	0
220.41	0
223.84	0
225.87	0
228.95	0
231.21	0
231.40	0
233.96	0
218.74	1
242.88	0
249.14	0
269.95	0
270.10	0
270.48	0
270.52	0
270.77	0
274.85	0
275.52	0
276.05	0
284.90	0
289.95	0
297.81	0
302.25	0
306.05	0
249.66	0
254.79	0
261.95	0
264.81	0
280.47	0
281.48	0
282.35	0
286.03	0
269.24	0
301.11	0
303.58	0
313.28	0
315.56	0
319.11	0
322.26	0
327.32	0
134.94	0
139.45	0
151.28	0
156.45	0
162.05	0
173.77	0
176.34	0
178.14	0
22.41	1
34.50	1
41.73	1
64.61	1
81.66	0
94.67	0
103.08	1
123.79	0
77.16	1
161.92	0
164.30	0
180.26	0
181.91	0
182.08	0
182.64	0
187.44	0
84.78	1
196.59	0
202.54	0
204.95	0
209.29	0
209.98	0
210.97	0
213.82	0
152.40	0
161.12	0
170.79	0
185.58	0
186.87	0
187.26	0
189.22	0
189.62	0
246.93	0
252.36	0
259.00	0
265.75	0
265.97	0
266.12	0
268.42	0
273.62	0
171.75	0
194.44	0
216.83	0
227.79	0
236.04	0
237.78	1
244.12	0
247.59	0
251.51	0
253.99	0
255.95	0
258.09	0
259.38	0
263.20	0
265.48	0
278.45	0
526.69	0
527.76	0
530.53	0
534.61	0
538.48	0
538.49	0
543.09	0
547.29	0
481.48	0
486.60	0
489.96	0
491.10	0
496.58	0
507.89	0
509.60	0
515.08	0
435.11	0
456.37	0
460.35	0
463.96	0
465.92	0
472.92	0
482.85	0
483.13	0
415.52	0
427.80	0
431.25	0
443.61	0
447.18	0
448.96	0
450.97	0
455.43	0
417.87	0
433.05	0
437.32	0
453.68	0
453.75	0
458.26	0
462.95	0
465.11	0
243.06	0
250.40	0
261.95	0
264.40	0
268.34	0
268.68	0
269.80	0
270.56	0
115.35	0
121.91	0
124.03	0
134.54	0
137.06	0
141.79	0
146.86	0
151.55	0
115.75	0
136.57	0
170.65	0
171.52	0
174.60	0
175.86	0
180.50	0
180.87	0
203.33	0
206.68	0
210.30	0
217.17	0
218.35	0
221.09	0
230.04	0
236.96	0
207.19	0
245.85	0
249.72	0
250.40	0
255.75	0
259.12	0
264.56	0
268.44	0
249.14	0
252.58	0
264.88	0
271.39	0
279.20	0
279.79	0
280.73	0
283.42	0
76.18	0
79.01	0
79.09	0
89.09	0
99.43	0
101.92	0
102.37	0
102.98	0
3.74	1
21.07	1
32.74	1
38.75	1
59.52	1
77.84	0
94.72	0
99.80	1
142.38	0
165.51	0
165.86	0
169.04	0
185.72	0
186.41	0
188.37	0
194.00	0
121.71	0
125.94	0
130.00	0
132.54	0
136.76	0
138.22	0
144.31	0
144.79	0
174.26	0
180.13	0
183.23	0
185.13	0
191.38	0
192.27	0
195.27	0
201.74	0
170.75	0
170.79	0
175.60	0
175.75	0
177.76	0
179.50	0
180.08	0
181.85	0
136.55	0
144.41	0
146.26	0
148.65	0
152.45	0
158.16	0
161.73	0
162.12	0
96.41	0
123.61	0
125.49	0
129.23	0
134.77	0
140.92	0
143.03	0
144.15	0
123.59	0
124.12	1
143.38	0
162.78	0
169.39	0
171.13	0
171.98	0
178.84	0
132.59	0
182.63	0
203.46	0
214.19	0
215.76	0
217.22	0
219.93	0
221.49	0
117.12	0
133.24	0
134.10	0
149.23	0
154.73	0
156.27	0
157.52	0
159.08	0
148.43	0
151.14	0
164.52	0
168.66	0
174.52	0
175.24	0
175.64	0
178.75	0
204.12	0
212.22	0
216.32	0
220.81	0
220.85	0
222.72	0
223.66	0
231.03	0
243.83	0
249.86	0
265.27	0
267.39	0
267.65	0
269.21	0
270.48	0
274.09	0
90.57	0
100.52	0
103.27	0
116.51	0
117.48	0
119.96	0
121.61	0
124.82	0
234.68	0
234.72	0
237.64	0
256.88	0
257.70	0
262.90	0
266.69	0
268.05	0
163.59	0
168.87	0
170.96	0
171.80	0
176.47	0
178.49	0
195.04	0
195.05	0
182.36	0
189.09	0
191.86	0
192.10	0
206.80	0
209.14	0
209.55	0
209.59	0
90.78	1
142.65	0
143.40	0
143.48	0
145.16	0
147.94	0
151.70	0
156.41	0
34.83	1
143.46	0
208.19	0
213.28	0
214.98	0
215.42	0
222.11	0
222.83	0
13.40	1
203.87	0
225.89	0
234.60	0
238.28	0
239.46	0
245.23	0
249.36	0
28.68	1
211.25	0
226.62	0
231.24	0
242.37	0
249.63	0
255.89	0
255.99	0
54.73	1
125.37	0
140.03	0
149.03	1
149.26	0
149.95	0
152.53	0
154.88	0
11.09	1
11.25	1
32.45	1
41.14	1
51.42	1
68.02	1
88.84	0
105.28	0
36.56	1
170.30	0
170.47	0
171.55	0
174.11	0
180.07	0
188.67	0
189.22	0
12.51	1
126.74	0
127.98	0
132.48	0
135.05	0
136.76	0
139.42	0
140.86	0
44.69	0
159.61	0
200.26	0
204.77	0
207.72	0
210.47	0
214.60	0
216.37	0
25.34	1
114.47	0
123.00	0
153.08	0
162.50	0
166.60	0
167.09	0
168.61	0
23.77	1
111.18	0
121.52	0
139.30	0
139.66	0
146.25	0
146.45	0
149.59	0
46.00	0
125.84	0
132.01	0
138.47	0
143.35	0
144.04	1
156.21	0
158.13	0
112.98	1
118.96	0
123.42	0
145.01	1
162.95	1
171.92	1
175.37	0
176.33	1
209.23	0
211.51	0
214.17	0
216.25	0
216.27	0
219.19	0
219.98	0
221.20	0
27.74	1
72.59	0
92.50	0
96.23	0
102.32	0
102.60	0
113.98	0
124.69	1
106.65	1
121.45	1
136.55	1
154.69	0
157.99	0
163.25	0
164.71	0
169.76	1
145.47	1
177.61	1
178.66	0
179.00	0
181.97	0
183.17	0
185.16	0
188.44	0
8.88	1
10.82	1
33.50	1
90.16	0
93.29	0
99.38	0
99.85	0
103.02	0
15.14	1
17.74	1
155.27	0
158.80	0
163.18	0
169.01	0
171.75	0
173.01	0
171.81	0
174.49	0
184.15	0
185.87	0
186.37	0
200.01	0
212.90	0
212.98	0
76.25	1
81.79	0
120.81	0
140.79	0
147.20	0
149.78	0
153.95	0
154.27	0
65.20	0
149.49	0
149.78	0
160.38	0
174.50	0
183.63	0
190.00	0
191.89	0
134.33	1
156.68	0
156.98	0
176.44	1
179.77	0
181.52	0
183.46	0
187.14	0
188.45	0
208.09	0
219.09	0
225.29	0
227.82	0
232.71	0
242.99	0
245.61	0
193.20	0
199.34	0
199.50	0
217.56	0
221.21	0
222.23	0
225.15	0
225.80	0
249.99	0
250.03	0
253.16	0
264.71	0
265.44	0
271.98	0
273.46	0
274.28	0
280.23	0
282.42	0
284.38	0
302.67	0
307.30	0
307.61	0
309.20	0
310.29	0
375.18	0
379.16	0
379.39	0
390.22	0
394.10	0
394.55	0
398.08	0
399.64	0
240.72	0
277.20	0
279.81	1
283.94	0
284.22	0
284.70	0
286.93	0
287.74	0
207.56	0
222.45	0
226.50	0
227.65	0
230.24	0
236.90	0
240.61	0
244.41	0
200.51	0
203.94	0
212.01	0
214.74	0
216.86	0
224.01	0
225.98	0
227.01	0
35.80	1
82.50	0
82.64	0
92.85	0
100.65	0
109.45	0
111.35	0
112.25	0
68.26	1
109.32	0
125.07	1
159.12	0
161.56	0
172.28	1
173.40	0
174.88	0
89.76	1
122.16	0
145.54	0
158.65	0
159.46	0
163.68	0
165.89	0
170.66	0
20.71	1
42.79	1
124.16	0
144.94	0
149.06	0
149.53	0
150.39	0
150.53	0
57.34	1
59.72	1
122.35	0
127.08	0
127.66	0
130.16	0
132.64	0
141.56	0
76.88	1
100.55	1
109.01	0
111.63	0
118.66	0
123.95	0
129.65	0
131.73	0
3.57	1
3.72	1
8.86	1
19.66	1
30.82	1
37.27	1
57.98	1
77.61	0
133.50	0
137.55	0
144.30	0
144.82	0
151.39	0
151.83	0
152.61	0
157.96	0
151.65	0
153.68	0
156.61	0
156.76	0
157.59	0
157.68	0
160.17	0
160.62	0
167.10	0
168.08	0
169.94	0
170.51	0
172.10	1
175.99	0
176.57	0
177.35	0
97.37	0
127.40	0
132.46	0
133.54	0
137.20	0
138.03	0
144.25	0
144.60	0
125.53	0
151.53	0
159.93	0
163.17	0
165.12	0
169.53	0
171.43	0
180.38	0
129.65	0
150.50	0
168.68	0
169.23	0
173.50	0
175.86	0
177.54	0
178.50	0
199.93	0
204.14	0
208.56	0
212.57	0
217.10	0
218.27	0
225.71	0
228.41	0
216.55	0
219.71	0
240.43	0
241.88	0
243.58	0
246.10	0
247.02	0
251.55	0
378.05	0
412.35	0
413.18	0
418.38	0
419.12	0
419.15	0
420.05	0
421.04	0
63.66	0
70.42	0
79.96	0
81.57	0
82.74	0
82.74	0
82.83	0
88.30	0
7.56	1
9.04	1
10.65	1
16.75	1
19.08	1
29.59	1
36.03	1
51.59	1
102.51	1
140.90	0
155.12	0
155.20	0
156.33	1
159.28	0
159.97	0
160.23	0
4.38	1
104.55	0
124.83	0
130.18	0
130.83	0
134.38	0
135.62	0
141.55	0
9.57	1
123.14	0
145.04	0
158.45	0
163.17	0
165.62	0
169.09	0
170.20	0
10.41	1
136.16	0
158.10	0
174.36	0
174.99	0
180.31	0
181.71	0
182.37	0
69.96	1
188.54	0
208.85	0
209.28	0
210.00	0
211.56	0
225.06	0
229.11	0
16.72	1
240.15	0
246.66	0
266.17	0
268.05	0
268.51	0
271.63	0
271.69	0
29.20	1
360.02	0
389.49	0
394.11	0
394.23	0
398.40	0
400.27	0
401.10	0
131.13	1
154.82	0
163.47	0
167.48	0
167.53	0
177.41	0
187.45	0
188.60	0
134.52	1
141.74	0
154.53	0
168.62	0
168.90	0
170.21	0
170.29	0
170.82	0
267.45	0
270.27	0
274.46	0
280.44	0
287.75	0
295.44	0
296.30	0
300.47	0
146.77	0
161.91	0
169.06	0
172.19	0
179.77	0
182.98	0
185.41	0
185.87	1
205.37	0
216.11	0
217.48	0
219.21	0
219.51	0
220.48	0
224.92	0
225.12	0
198.79	0
201.36	0
213.81	0
214.47	0
215.71	0
216.95	0
222.02	0
222.48	0
218.87	0
257.44	1
257.79	1
261.77	0
263.87	0
266.56	0
272.79	0
276.09	0
283.48	1
307.10	0
310.68	0
314.64	0
315.27	0
319.69	0
322.83	0
323.91	0
345.62	0
352.31	0
352.89	0
353.41	0
354.11	0
360.97	0
362.50	0
363.95	0
226.03	0
234.72	0
244.13	0
245.67	0
251.09	0
255.87	0
259.20	0
269.53	0
297.28	0
298.31	0
298.56	0
307.08	0
307.42	0
308.59	0
311.77	0
315.41	0
324.90	0
325.19	0
326.19	0
327.73	0
334.28	0
339.27	0
343.58	0
343.65	0
164.52	0
168.87	0
187.92	0
194.28	0
199.77	0
203.64	0
207.06	0
210.03	0
208.01	0
208.73	0
225.19	0
230.45	0
230.77	0
232.37	0
232.66	1
237.88	0
296.61	0
302.89	0
305.74	0
306.27	0
310.46	0
312.90	0
313.58	0
315.48	0
519.86	0
525.22	0
526.82	0
528.36	0
536.52	0
540.30	0
541.76	0
543.44	0
254.23	0
254.50	0
280.40	0
282.19	0
282.24	0
283.93	0
284.25	0
285.61	0
349.10	0
359.76	0
369.79	0
379.82	0
381.05	0
381.74	0
383.64	0
386.52	0
452.25	0
453.30	0
455.23	0
478.09	0
479.08	0
483.91	0
485.93	0
486.03	0
91.17	1
120.18	1
128.64	0
133.76	1
133.79	0
136.09	0
139.16	0
142.49	0
4.61	1
4.95	1
5.41	1
9.91	1
12.88	1
22.56	1
34.46	1
39.67	1
52.38	1
136.75	1
155.20	0
175.30	0
197.27	1
198.56	0
199.16	0
200.09	0
2.01	1
5.08	1
101.68	0
121.46	0
126.81	0
128.92	0
132.19	0
133.04	0
3.38	1
11.23	1
123.78	0
147.67	0
159.44	0
165.59	0
168.43	0
171.45	0
7.64	1
9.50	1
129.87	0
154.48	0
172.73	0
175.53	0
176.70	0
177.53	0
50.20	1
71.25	1
202.98	0
203.81	0
215.92	0
217.12	0
221.34	0
228.87	0
19.27	1
24.84	1
205.42	0
211.71	0
224.15	0
224.26	0
227.72	0
231.42	0
30.57	1
38.89	1
352.36	0
378.38	0
381.29	0
382.95	0
387.74	0
389.22	0
144.33	0
186.34	0
196.39	0
205.11	0
206.65	0
207.85	0
215.85	0
216.75	0
152.03	1
185.90	0
186.37	0
186.39	0
188.81	1
188.82	0
188.99	0
189.07	0
154.74	0
155.78	0
158.02	0
158.16	0
165.17	0
172.19	0
175.32	0
175.83	0
255.23	0
259.96	0
260.99	0
262.48	0
266.48	0
269.50	0
269.80	0
272.93	0
230.96	0
232.44	0
233.03	0
250.52	0
252.24	0
252.40	0
258.70	0
263.64	0
122.23	0
123.64	0
132.49	0
133.99	0
139.23	0
139.64	0
145.26	0
146.53	0
194.08	0
198.75	0
206.04	0
207.28	0
214.59	0
219.25	0
221.89	0
222.21	0
223.52	0
225.75	0
230.43	0
240.69	0
241.71	0
247.05	0
247.57	0
248.81	0
85.46	0
89.35	0
94.85	0
94.92	0
105.08	0
107.53	0
109.27	0
110.98	0
208.12	0
220.58	0
243.26	0
247.13	0
250.69	0
254.10	0
254.75	0
256.09	0
127.46	0
166.29	0
172.48	0
172.87	0
173.48	0
174.13	0
175.04	0
179.58	0
174.22	0
181.38	0
183.23	0
185.39	0
187.44	0
189.30	0
190.06	0
194.34	0
285.48	0
294.93	0
295.54	0
296.49	0
301.61	0
304.40	0
305.62	0
306.38	0
297.61	0
305.25	0
309.01	0
311.94	0
313.36	0
313.72	0
316.84	0
317.48	0
213.68	0
215.57	0
215.75	0
216.52	0
218.18	0
219.55	0
221.24	0
221.65	0
271.17	0
271.38	0
272.48	0
272.81	0
275.74	0
277.68	0
278.60	0
279.45	0
206.60	0
213.19	0
218.59	0
221.16	0
221.16	0
225.26	0
228.66	0
231.95	0
79.63	0
82.71	0
88.62	0
110.42	0
112.37	1
114.37	0
114.64	0
116.30	0
251.49	0
253.90	0
255.21	0
261.04	0
265.05	0
268.27	0
274.12	0
274.26	0
139.22	0
165.16	0
171.58	0
172.34	0
173.09	0
174.81	0
175.39	0
180.12	0
113.80	0
113.82	0
114.03	0
115.28	0
116.64	0
123.08	0
127.98	0
128.22	0
175.30	0
187.42	0
191.70	0
192.85	0
200.26	0
201.86	0
203.70	0
206.39	0
147.29	0
148.18	0
150.05	0
156.78	0
163.07	0
163.79	0
164.23	0
164.28	0
144.74	0
148.60	0
149.16	0
150.10	0
166.07	0
168.08	0
170.00	0
172.49	0
137.95	0
146.99	0
150.51	0
153.39	0
156.56	0
160.95	0
161.12	0
161.70	0
200.73	0
202.89	0
209.05	0
215.26	0
215.40	0
221.27	0
223.38	0
225.53	0
212.94	0
220.78	0
221.12	0
222.06	0
225.68	0
227.38	0
227.72	0
234.41	0
190.31	0
195.24	0
195.32	0
196.53	0
203.55	0
204.42	0
214.45	0
214.93	0
68.16	0
69.90	0
77.26	0
102.37	0
105.19	1
106.91	0
108.63	0
109.23	0
252.41	0
255.85	0
266.18	0
272.36	0
272.75	0
273.13	0
273.44	0
276.53	0
136.52	0
167.18	0
173.28	0
173.46	0
175.48	0
176.67	0
177.42	0
181.09	0
116.44	0
119.52	0
122.77	0
123.68	0
125.08	0
129.08	0
131.91	0
134.06	0
186.97	0
191.30	0
191.79	0
191.93	0
193.49	0
196.74	0
199.12	0
200.46	0
198.64	0
200.53	0
206.33	0
207.18	0
207.66	0
210.38	0
220.26	0
223.43	0
67.71	0
72.22	0
79.97	0
105.14	0
107.14	1
108.39	0
109.32	0
110.01	0
291.08	0
298.75	0
302.05	0
302.13	0
309.25	0
309.35	0
310.34	0
311.60	0
135.27	0
163.74	0
170.05	0
171.11	0
174.50	0
176.16	0
177.01	0
179.24	0
279.98	0
283.82	0
287.05	0
289.99	0
296.32	0
299.62	0
300.12	0
302.38	0
328.76	0
336.16	0
337.19	0
337.33	0
339.06	0
342.20	0
343.15	0
347.22	0
299.60	0
301.28	0
305.17	0
305.74	0
308.57	0
308.64	0
309.50	0
310.89	0
132.73	0
133.29	1
144.82	0
150.23	0
150.59	0
150.80	0
159.87	0
160.27	0
225.76	0
226.48	0
226.79	0
232.95	0
234.87	0
235.77	0
239.11	0
240.13	0
71.09	0
107.93	0
113.24	0
122.31	0
126.03	0
127.79	0
129.72	0
130.50	0
154.08	0
166.71	0
168.37	0
176.27	0
179.41	0
180.94	0
183.47	0
185.84	0
214.71	1
231.70	1
233.80	0
239.22	0
244.94	0
246.65	1
250.57	0
253.83	0
241.49	0
244.04	0
249.52	0
260.63	0
261.17	0
266.14	0
266.51	0
266.71	0
237.73	0
239.68	0
240.29	0
256.88	0
260.88	0
262.18	0
268.10	0
271.05	0
121.34	0
123.30	0
134.03	0
137.90	0
139.23	0
143.48	0
144.53	0
147.75	0
269.77	0
273.22	0
279.62	0
280.07	0
285.02	0
287.00	0
292.29	0
293.16	0
246.91	0
247.36	0
264.56	0
269.01	0
270.41	0
270.50	0
271.26	0
273.33	0
144.99	0
145.93	0
147.98	0
149.47	0
157.20	0
158.76	0
159.13	0
166.50	0
211.46	0
212.76	0
219.48	0
222.48	0
222.78	0
223.20	0
223.70	0
225.17	0
138.24	0
142.81	0
147.56	0
148.62	0
152.48	0
153.47	0
155.09	0
155.11	0
114.19	0
114.82	0
121.17	0
121.64	0
128.77	0
131.67	0
132.00	0
132.66	0
155.18	0
159.99	0
161.93	0
163.09	0
168.00	0
173.78	0
174.36	0
175.62	0
94.86	0
101.16	0
103.27	0
111.75	0
113.95	0
116.38	0
122.32	0
122.34	0
176.34	0
181.58	0
184.59	0
196.83	0
202.87	0
204.16	0
207.33	0
208.37	0
98.85	0
100.68	0
118.08	0
120.05	0
120.27	0
122.43	0
124.24	0
127.83	0
121.03	0
125.87	0
126.88	0
131.14	0
135.76	0
142.15	0
143.45	0
145.40	0
160.94	0
167.96	0
170.50	0
186.81	0
187.00	0
187.13	0
188.34	0
191.31	0
113.91	0
113.94	0
117.35	0
120.22	0
135.24	0
139.83	0
140.55	0
140.93	0
112.10	0
112.33	0
115.22	0
123.37	0
128.69	0
131.35	0
132.85	0
132.95	0
49.87	1
68.40	0
71.08	0
72.62	0
80.20	0
81.34	1
81.92	0
83.33	0
6.59	1
9.93	1
10.11	1
12.51	1
12.81	1
16.03	1
29.20	1
39.37	1
65.31	1
154.15	0
154.87	0
163.34	0
171.86	0
175.96	0
176.28	0
180.20	0
71.75	1
189.05	1
191.21	0
203.43	0
203.54	0
204.62	0
205.18	0
207.99	0
61.68	1
145.40	1
179.49	1
198.10	0
222.28	0
224.19	1
227.35	0
227.55	0
2.87	1
3.09	1
4.24	1
107.21	0
124.27	0
129.23	0
129.92	0
132.68	0
4.68	1
4.95	1
6.82	1
120.93	0
147.49	0
158.51	0
161.06	0
162.98	0
5.02	1
6.88	1
8.86	1
132.85	0
144.72	0
156.04	0
161.11	0
173.24	0
48.20	1
61.99	1
73.54	1
147.30	0
173.84	0
187.45	0
192.16	0
199.46	0
15.33	1
22.61	1
40.42	1
212.75	0
273.01	0
274.83	0
278.28	0
279.11	0
21.63	1
26.06	1
40.17	1
392.94	0
421.08	0
425.07	0
427.17	0
430.21	0
172.71	0
175.99	0
206.18	0
209.84	0
213.20	0
213.46	0
217.10	0
220.20	0
109.31	0
132.91	0
134.39	0
137.96	0
141.16	0
142.88	0
143.66	0
147.32	0
32.25	1
76.02	0
79.21	0
87.67	0
88.00	0
92.87	0
94.93	0
95.00	0
1.55	1
6.50	1
7.38	1
8.47	1
9.35	1
14.75	1
15.06	1
18.38	1
42.83	1
51.80	1
156.29	1
164.52	0
177.98	0
184.04	0
191.65	1
194.45	1
0.94	1
1.96	1
4.47	1
5.45	1
101.93	0
121.29	0
127.06	0
129.51	0
1.87	1
3.51	1
6.70	1
11.84	1
124.33	0
146.12	0
159.16	0
163.13	0
3.04	1
8.46	1
10.32	1
11.61	1
131.03	0
139.40	0
154.20	0
162.18	0
25.99	1
41.83	1
64.83	1
67.02	1
172.88	0
194.66	0
195.38	0
196.31	0
19.97	1
42.45	1
50.10	1
81.70	1
99.34	0
124.73	0
132.03	0
144.31	0
12.65	1
39.47	1
44.76	1
53.91	1
342.89	0
349.75	0
356.19	0
358.92	0
115.58	1
176.48	0
199.60	0
202.57	0
210.49	1
210.50	1
215.60	0
216.24	0
130.67	0
162.70	0
196.53	1
223.88	0
225.20	0
234.24	0
244.48	0
256.27	0
86.99	0
138.77	0
142.87	0
143.49	0
143.84	0
147.23	0
150.39	1
153.25	0
224.14	0
250.77	0
259.94	0
261.65	0
263.12	0
263.47	0
264.30	0
266.05	0
336.60	0
344.32	0
345.52	0
352.79	0
354.60	0
356.34	0
363.07	0
363.09	0
152.88	0
153.40	0
156.96	0
158.84	0
160.52	0
164.18	0
168.45	0
168.78	0
153.54	0
221.57	0
242.78	0
245.30	0
246.94	0
247.31	0
248.60	0
248.69	0
81.64	1
211.60	0
216.91	0
216.91	0
217.03	0
219.67	0
220.44	0
220.51	0
218.98	1
220.60	0
221.10	0
222.66	0
222.80	0
224.36	1
228.82	0
233.31	0
261.73	0
262.13	0
264.00	0
265.63	0
266.88	0
268.75	0
271.86	0
276.97	0
150.37	0
155.84	0
158.66	0
161.20	0
167.36	0
167.90	0
169.54	0
169.62	0
151.82	1
169.07	0
171.05	0
175.32	0
176.00	0
188.28	0
200.70	0
201.77	0
192.59	0
199.83	0
204.78	0
205.40	0
205.78	0
207.11	0
211.34	0
213.77	0
140.94	0
143.92	0
144.39	0
151.55	0
153.26	0
154.28	0
156.31	0
157.11	0
58.46	1
136.82	1
154.69	0
158.90	0
171.94	0
176.25	0
189.78	1
193.34	0
10.12	1
13.95	1
15.06	1
15.18	1
16.37	1
123.80	0
125.29	0
130.85	0
21.48	1
124.92	0
133.77	0
135.54	0
149.35	0
164.61	0
165.91	0
167.23	0
12.05	1
276.21	0
287.77	0
290.14	0
290.16	0
290.36	0
293.26	0
294.99	0
23.74	1
264.35	0
285.17	0
285.68	0
286.54	0
288.36	0
294.52	0
297.93	0
26.16	1
110.38	0
132.88	0
140.82	0
142.96	0
145.69	0
150.11	0
153.01	0
84.17	1
162.22	0
184.39	0
188.04	0
189.74	0
191.92	0
192.98	0
202.31	0
51.18	0
67.11	0
72.96	0
73.25	0
89.34	0
115.36	1
118.36	0
131.01	0
114.25	1
125.45	1
125.88	1
154.02	1
157.22	1
178.08	0
205.94	0
210.73	0
9.75	1
12.52	1
13.24	1
14.14	1
21.83	1
121.63	0
127.34	0
134.36	0
58.16	1
196.93	0
210.06	0
214.36	0
248.35	0
249.03	0
250.68	0
251.53	0
47.24	1
262.99	0
275.47	0
299.45	0
300.81	0
301.76	0
305.93	0
310.85	0
37.47	1
263.13	0
281.79	0
285.50	0
285.89	0
290.19	0
290.25	0
290.52	0
13.45	1
126.63	0
132.54	0
133.59	0
141.66	0
142.05	1
144.36	0
145.62	0
55.46	0
76.88	0
79.90	0
81.22	0
87.84	0
103.42	0
119.79	0
120.53	0
312.17	0
322.89	0
324.89	0
325.37	0
328.34	0
330.00	0
332.99	0
333.19	0
261.61	0
289.19	0
298.12	0
303.45	0
307.56	0
309.54	0
310.21	0
312.56	0
262.28	0
262.54	0
266.36	0
269.19	0
274.12	0
278.23	0
283.33	0
284.03	0
175.00	0
181.54	0
186.18	0
195.24	0
200.92	0
204.10	0
204.24	0
210.12	0
264.79	0
269.97	0
270.50	0
273.02	0
274.04	0
274.26	0
275.30	0
277.53	0
177.71	0
182.92	0
185.54	0
185.93	0
197.25	0
203.80	0
204.58	0
212.54	0
99.51	0
99.89	0
103.93	0
105.79	0
105.97	0
111.47	0
111.95	0
112.97	0
108.31	1
113.43	1
138.85	1
139.49	0
140.49	0
142.74	0
147.84	1
171.55	1
6.75	1
14.45	1
15.23	1
16.75	1
22.10	1
114.91	0
120.46	0
126.68	0
20.54	1
97.91	0
109.97	0
115.33	0
122.24	0
129.10	0
132.01	0
132.11	0
9.40	1
181.66	0
181.90	0
191.35	0
192.90	0
195.13	0
196.21	0
197.15	0
5.92	1
127.15	0
139.30	0
145.16	0
145.47	0
151.42	0
152.81	0
153.64	0
6.88	1
109.38	0
123.73	0
130.28	0
144.82	0
147.18	0
150.65	0
150.87	0
5.99	1
121.30	0
125.15	0
125.16	0
130.87	0
134.23	0
141.59	0
148.47	0
9.33	1
183.95	0
206.11	0
209.48	0
209.97	0
210.36	0
211.48	0
213.44	0
15.32	1
201.24	0
210.21	0
211.64	0
212.49	0
214.37	0
216.87	0
218.81	0
21.58	0
44.00	0
70.20	0
134.98	1
147.57	0
158.82	0
161.40	0
176.48	0
28.96	1
33.04	1
35.31	1
51.54	1
82.93	0
86.03	0
107.25	0
111.26	0
55.49	1
73.30	1
96.69	1
120.67	0
126.41	1
150.38	0
150.53	1
177.88	0
5.36	1
15.27	1
15.28	1
17.31	1
27.47	1
112.21	0
118.67	0
123.46	0
16.10	1
79.68	0
93.27	0
118.62	0
119.41	0
120.57	0
121.07	0
121.54	0
15.35	1
161.26	0
168.29	0
182.69	0
189.14	0
191.45	0
191.57	0
192.50	0
24.25	1
143.11	0
151.48	0
182.51	0
196.65	0
198.05	0
200.32	0
200.64	0
22.99	0
54.39	0
60.86	0
71.68	0
80.71	0
88.01	1
111.86	0
115.02	0
64.36	1
74.49	1
96.63	1
98.42	1
129.08	0
153.14	0
158.24	1
178.04	0
4.69	1
15.68	1
17.11	1
17.76	1
29.74	1
111.91	0
117.66	0
124.53	0
7.79	1
85.05	0
85.89	0
96.51	0
108.20	0
108.38	0
108.42	0
110.68	0
4.44	1
156.02	0
159.43	0
162.52	0
163.22	0
163.85	0
164.43	0
166.91	0
1.34	1
91.74	0
94.44	0
95.47	0
97.95	0
101.27	0
103.53	0
104.97	0
4.95	1
168.56	0
172.65	0
178.24	0
182.19	0
190.87	0
193.89	0
194.58	0
6.06	1
92.05	0
99.28	0
102.45	0
107.53	0
112.29	0
113.13	0
113.25	0
2.62	1
103.74	0
114.31	0
124.40	0
126.41	0
127.71	0
131.10	0
131.77	0
2.15	1
163.49	0
169.62	0
172.50	0
178.76	0
182.93	0
183.73	0
186.32	0
2.12	1
101.89	0
108.17	0
116.19	0
117.38	0
118.11	0
121.41	0
123.64	0
1.21	1
92.96	0
109.74	0
111.68	0
112.49	0
114.63	0
117.49	0
118.05	0
26.43	1
61.53	1
84.80	0
92.07	1
94.33	0
94.40	0
98.83	0
99.17	1
31.05	1
48.29	1
50.76	1
58.48	1
58.65	1
60.90	1
62.80	1
63.59	1
166.54	0
181.93	0
194.88	0
201.99	0
205.71	0
229.21	0
230.31	0
236.54	0
175.57	0
181.68	0
202.71	0
233.01	0
235.68	0
235.79	0
236.91	0
236.94	0
127.74	0
129.91	0
137.02	0
138.82	0
143.34	0
145.21	0
145.82	0
146.57	0
51.23	1
54.39	1
57.91	1
98.65	0
105.11	0
109.26	0
109.80	0
113.66	0
89.89	1
108.25	0
118.86	0
135.70	0
139.09	1
144.78	0
147.44	1
148.08	1
82.80	1
129.36	0
176.60	0
196.96	0
228.06	0
257.55	0
258.37	0
258.64	0
71.27	1
517.34	0
518.79	0
529.28	0
536.75	0
560.65	0
566.67	0
576.07	0
50.76	1
186.95	0
187.13	0
208.12	0
217.87	0
221.05	0
225.81	0
233.95	0
23.16	1
334.60	0
337.42	0
339.01	0
346.27	0
347.67	0
347.73	0
349.83	0
33.83	1
430.14	0
433.17	0
434.71	0
444.43	0
446.18	0
446.74	0
447.13	0
140.57	0
141.56	0
143.77	0
149.70	0
151.45	0
152.69	0
152.79	0
154.09	0
282.16	0
283.76	0
285.06	0
290.48	0
290.49	0
293.51	0
295.80	0
295.89	0
260.44	0
261.04	0
265.31	0
267.82	0
268.38	0
270.29	0
271.15	0
278.53	0
91.60	0
100.75	1
105.22	0
110.43	0
111.59	1
115.05	0
118.58	1
121.57	0
217.02	0
222.60	0
223.50	0
226.63	0
226.69	0
226.71	0
227.30	0
227.97	0
229.72	0
232.08	1
233.38	0
238.08	0
240.14	0
240.44	0
243.11	0
246.52	0
216.43	0
230.05	0
233.55	0
246.52	0
247.63	0
249.63	0
251.96	0
253.67	0
295.00	0
297.79	0
300.55	0
300.96	0
304.17	0
304.33	0
311.75	0
315.43	0
250.03	0
252.40	0
252.59	0
263.98	0
266.51	0
267.86	0
269.28	0
271.26	0
177.51	0
182.75	0
183.06	0
190.24	0
191.60	0
199.83	0
201.30	0
203.10	0
131.59	0
133.01	0
133.12	0
133.77	0
138.53	0
141.79	0
143.69	0
144.22	0
174.67	0
221.93	0
226.57	0
230.91	0
232.15	0
243.65	0
249.32	0
249.62	0
230.91	0
239.98	0
255.72	0
255.91	0
258.07	0
262.90	0
263.28	0
269.04	0
186.18	0
188.29	0
193.72	0
195.03	0
196.29	0
197.00	1
208.54	1
210.83	1
151.41	0
152.37	0
181.81	0
189.70	0
195.94	0
198.38	0
200.03	0
201.20	0
97.03	1
101.27	1
115.63	1
144.59	0
149.75	0
149.78	0
155.30	0
157.82	0
195.45	0
203.71	0
209.21	0
220.11	0
223.35	0
227.56	0
233.35	0
235.18	0
84.38	1
310.34	0
316.58	0
317.13	0
330.23	0
334.24	0
335.38	0
337.59	0
83.31	1
83.44	1
91.49	1
95.21	1
122.54	1
123.45	0
125.72	0
129.63	0
3.05	1
3.22	1
3.40	1
4.51	1
7.01	1
8.53	1
9.26	1
12.12	1
190.31	0
192.28	0
216.74	0
225.10	0
232.90	0
233.50	0
235.80	0
239.16	0
80.32	1
81.73	1
165.01	0
224.67	0
226.99	0
241.31	0
250.65	0
252.18	0
53.03	0
143.30	1
181.28	0
181.81	0
198.64	0
210.26	0
210.31	0
213.39	0
12.32	1
144.05	0
148.46	0
149.09	0
150.16	0
151.45	0
152.31	0
153.96	0
40.17	0
141.05	0
145.59	0
145.92	1
148.70	1
148.76	0
149.24	0
149.48	0
35.35	1
161.72	0
180.27	0
186.65	0
188.07	0
189.78	0
191.24	0
193.24	0
210.78	1
212.45	0
216.13	0
220.94	1
221.97	0
223.48	1
225.43	1
228.02	0
218.53	0
224.59	0
233.82	0
235.37	0
236.24	0
238.70	0
240.33	0
241.18	0
229.79	0
230.97	0
232.14	0
236.83	0
237.16	0
237.94	0
239.69	0
243.07	0
233.48	0
238.38	0
246.42	0
246.53	0
248.01	0
248.36	0
250.60	0
251.72	0
154.76	0
177.96	1
209.06	0
209.07	0
212.81	0
213.75	0
220.87	0
221.10	0
167.55	0
198.89	0
202.21	1
212.27	0
212.80	0
213.63	0
215.92	0
217.06	0
184.84	0
187.55	0
188.18	0
191.40	0
193.98	0
194.74	0
194.92	0
195.05	0
283.65	0
290.83	0
293.19	0
294.74	0
296.89	0
297.24	0
297.73	0
298.37	0
317.98	0
317.99	0
320.27	0
320.77	0
323.05	0
325.34	0
326.87	0
326.97	0
324.66	0
326.43	0
326.47	0
327.50	0
329.31	0
330.51	0
331.48	0
333.15	0
70.66	1
72.91	1
82.85	1
85.34	1
113.88	0
115.02	0
119.32	0
123.58	0
135.30	0
140.33	0
145.19	0
147.89	0
148.82	0
151.18	0
151.61	0
152.32	0
106.36	0
154.65	0
156.63	0
158.73	0
161.91	0
163.77	0
166.69	0
170.95	0
88.42	0
91.75	0
93.84	0
103.88	0
104.58	0
106.51	0
109.69	0
110.47	0
59.24	1
119.81	0
120.37	0
122.17	0
124.05	0
124.16	0
136.89	0
137.97	0
63.02	1
66.82	1
74.97	1
98.71	1
102.25	0
105.59	0
105.95	1
107.83	0
5.94	1
6.54	1
7.34	1
8.38	1
9.78	1
10.00	1
10.08	1
12.58	1
146.48	0
155.43	0
157.72	0
163.22	0
170.41	0
179.35	0
180.71	0
183.41	0
164.74	0
166.17	0
167.97	0
169.84	0
172.78	0
173.04	0
173.79	0
174.82	0
168.09	0
204.43	0
210.16	0
214.19	0
221.26	0
222.67	0
223.12	0
224.67	0
88.74	0
110.74	0
113.05	0
119.31	0
121.71	0
122.75	1
124.05	1
127.33	0
169.58	0
172.13	0
175.67	0
178.30	0
180.89	0
181.13	0
182.20	0
182.92	0
64.03	0
84.50	1
94.48	0
105.87	0
109.95	0
110.15	1
110.23	0
111.39	0
116.41	0
123.72	0
135.23	0
176.32	0
196.23	0
207.62	0
214.83	0
216.15	0
380.15	0
386.56	0
401.18	0
403.63	0
403.71	0
404.58	0
407.13	0
407.47	0
184.93	0
196.45	0
208.81	0
211.02	0
212.62	0
213.31	0
213.86	0
214.71	0
123.43	0
131.33	0
132.31	0
133.21	0
134.00	0
134.47	0
135.33	0
140.68	0
276.34	0
279.06	0
280.18	0
280.94	0
286.93	0
288.81	0
288.95	0
289.78	0
494.44	0
506.17	0
507.07	0
507.96	0
508.46	0
508.53	0
508.57	0
510.37	0
268.40	0
269.00	0
273.61	0
274.59	0
277.52	0
278.63	0
279.30	0
279.57	0
230.28	0
239.07	0
240.59	0
240.61	0
240.67	0
240.80	0
242.04	0
243.31	0
154.04	0
162.16	0
170.99	0
172.81	0
173.90	0
176.07	0
176.82	0
181.52	0
171.80	1
232.65	1
233.89	1
239.89	1
269.08	0
283.39	0
298.06	0
303.30	0
29.15	1
32.49	1
34.23	1
34.34	1
35.45	1
35.75	1
40.90	1
45.55	1
67.99	1
69.00	1
224.68	0
234.09	0
241.70	0
245.94	0
253.63	0
262.91	0
31.26	1
43.25	1
289.55	0
290.38	0
292.26	0
296.40	0
318.37	0
318.81	0
18.89	1
39.61	1
273.50	0
285.30	0
286.18	0
300.34	0
302.92	0
303.28	0
5.92	1
18.29	1
127.33	0
129.24	0
135.01	1
135.74	0
137.39	0
141.42	0
138.54	1
150.74	0
160.11	1
192.14	1
254.94	0
261.48	0
266.07	0
267.75	0
178.73	0
185.64	0
196.16	0
200.33	0
203.74	0
207.44	0
207.68	0
208.28	0
363.42	0
374.58	0
395.63	0
399.02	0
400.08	0
402.06	0
403.20	0
403.51	0
285.62	0
286.36	0
289.60	0
290.37	0
290.61	0
291.48	0
293.74	0
294.36	0
208.12	0
219.84	0
224.70	0
225.78	0
233.28	0
245.18	0
245.95	0
248.54	0
215.47	0
226.25	0
226.76	0
227.30	0
228.65	0
229.34	0
232.65	0
233.00	0
188.33	0
189.70	0
190.70	0
195.75	0
195.81	0
198.14	0
200.76	0
207.96	0
204.57	0
208.86	0
212.85	0
219.97	0
226.97	0
227.20	0
228.11	0
233.45	0
215.76	0
221.24	0
226.13	0
229.38	0
232.71	0
234.91	0
235.57	0
236.03	0
25.24	1
38.63	1
38.82	1
123.78	0
129.72	0
131.23	0
132.44	0
133.59	0
140.87	0
189.08	0
201.03	0
208.28	0
214.37	0
221.07	0
229.45	0
241.39	0
330.06	0
354.93	0
357.48	0
363.98	0
366.22	0
366.49	0
366.71	0
366.93	0
80.00	1
90.11	1
92.05	1
96.62	1
116.70	1
128.58	0
128.78	1
129.78	1
13.96	1
19.21	1
24.19	1
26.62	1
26.84	1
28.83	1
29.85	1
30.15	1
140.19	1
156.80	1
163.16	1
169.64	0
183.66	0
184.33	0
191.34	0
204.98	0
6.28	1
7.18	1
7.34	1
7.37	1
8.55	1
101.79	0
131.03	0
135.28	0
4.11	1
4.80	1
7.34	1
7.38	1
7.51	1
128.16	0
152.91	0
160.21	0
6.70	1
8.24	1
11.35	1
12.40	1
14.38	1
144.76	0
145.60	0
147.77	0
48.90	1
73.80	1
78.82	1
83.61	1
101.23	1
187.80	0
191.82	0
203.16	0
13.19	1
17.09	1
19.49	1
22.52	1
45.51	1
180.07	0
180.73	0
227.67	0
25.45	1
28.99	1
31.44	1
32.05	1
37.08	1
361.55	0
366.09	0
383.23	0
141.32	1
161.56	1
171.35	1
173.28	0
199.76	0
202.14	0
209.02	0
212.27	0
151.22	0
179.54	0
195.25	0
200.35	0
218.73	0
246.35	0
247.65	0
256.34	0
156.57	1
202.59	0
243.09	0
245.95	1
253.70	0
255.24	0
262.89	0
268.09	0
178.39	0
192.74	0
196.42	0
199.72	0
205.87	0
221.08	0
223.38	0
228.85	0
132.11	0
134.74	0
141.98	0
160.22	0
171.98	0
173.21	0
174.50	0
176.37	0
151.19	0
156.50	0
157.86	0
159.22	0
166.06	0
166.58	0
168.56	0
169.05	0
112.09	1
115.50	1
122.03	1
123.92	1
130.74	1
131.40	0
134.49	1
139.31	0
6.80	1
8.95	1
9.31	1
10.99	1
13.43	1
14.34	1
14.42	1
15.05	1
49.26	0
80.20	0
128.18	0
135.42	0
136.42	0
138.49	0
144.05	0
145.65	0
132.13	0
150.02	0
191.68	0
220.56	0
221.59	0
223.62	0
224.45	0
224.88	0
37.60	1
66.14	1
129.86	1
160.29	1
180.25	1
189.89	0
193.10	0
193.90	0
0.79	1
3.15	1
4.71	1
5.45	1
5.93	1
7.42	1
96.41	0
128.33	0
0.96	1
4.48	1
6.91	1
8.50	1
10.52	1
11.67	1
124.63	0
151.67	0
2.10	1
3.67	1
7.31	1
8.16	1
8.37	1
10.12	1
130.14	0
139.11	0
62.95	1
72.05	1
103.66	1
108.41	1
108.78	1
122.96	1
188.68	0
195.16	0
2.15	1
15.31	1
19.51	1
20.87	1
23.22	1
38.51	1
152.75	0
156.63	0
3.77	1
19.28	1
28.82	1
39.10	1
42.89	1
48.38	1
379.01	0
383.48	0
209.30	0
220.58	0
231.61	0
233.92	0
235.49	0
244.63	0
244.82	0
245.05	0
37.59	1
40.47	1
85.83	0
85.84	0
91.08	0
97.97	0
101.61	0
101.73	0
1.63	1
1.65	1
5.07	1
6.39	1
6.97	1
8.28	1
8.53	1
14.18	1
36.32	1
38.66	1
60.05	1
120.46	1
143.37	1
158.69	1
161.57	1
170.45	0
1.05	1
1.26	1
2.04	1
3.26	1
4.33	1
4.43	1
6.49	1
103.43	0
2.00	1
2.16	1
4.46	1
6.30	1
6.40	1
9.51	1
11.01	1
125.53	0
5.57	1
8.57	1
8.61	1
8.81	1
10.82	1
12.92	1
15.19	1
141.37	0
40.10	1
61.17	1
83.03	1
89.85	1
92.28	1
110.18	1
136.21	1
173.94	0
18.83	1
23.22	1
32.60	1
47.52	1
48.33	1
48.38	1
108.44	1
255.62	0
21.42	1
25.59	1
31.68	1
36.57	1
44.92	1
45.06	1
58.32	1
395.16	0
34.85	1
148.88	0
182.00	0
182.59	0
185.27	0
185.42	0
189.47	0
189.76	0
188.26	0
203.57	0
204.49	0
205.00	0
205.41	0
209.98	0
211.03	0
211.44	0
179.33	0
200.83	0
201.06	0
203.79	0
204.71	0
205.55	0
206.11	0
206.17	0
43.99	1
51.01	1
51.23	1
55.11	1
59.64	1
83.88	0
86.10	0
87.48	0
110.85	0
143.50	0
144.64	0
155.51	0
155.89	0
159.36	0
160.57	0
162.49	0
63.55	1
161.27	0
190.85	0
211.69	1
213.12	0
221.88	0
225.86	0
226.29	0
15.34	1
63.58	1
206.47	0
219.70	0
220.16	0
221.07	0
221.12	0
221.42	0
3.47	1
6.72	1
120.18	0
121.35	0
126.46	0
127.00	0
130.53	0
133.67	0
24.80	1
177.49	0
181.62	0
182.21	0
183.82	0
187.14	0
189.85	0
190.03	0
9.26	1
222.93	0
229.11	0
231.79	0
232.10	0
234.36	0
236.85	0
237.78	0
36.83	0
42.45	1
55.62	1
58.72	1
67.34	0
69.02	0
70.55	0
76.13	0
129.79	0
131.95	0
142.62	0
144.95	0
146.12	0
155.36	0
156.46	0
156.60	0
156.36	1
165.11	1
197.10	0
197.49	0
203.75	0
210.03	0
211.59	0
211.60	0
18.79	1
61.90	1
213.06	0
215.47	0
217.65	0
221.24	0
223.67	0
223.68	0
5.11	1
8.53	1
121.03	0
122.00	0
129.56	0
129.56	0
131.04	0
135.19	0
114.26	1
178.81	0
179.96	0
182.95	0
184.05	0
184.53	0
184.74	0
188.20	0
26.49	1
245.64	0
246.10	0
251.88	0
256.89	0
256.90	0
260.80	0
261.32	0
11.23	1
132.54	0
134.71	0
135.65	0
135.75	0
136.67	0
139.58	0
141.27	0
19.52	1
36.29	1
40.88	1
49.10	1
67.11	0
68.31	0
71.89	1
73.51	1
2.52	1
2.82	1
4.92	1
5.20	1
6.47	1
6.81	1
6.85	1
7.61	1
146.34	0
154.46	0
159.70	0
163.32	0
165.75	0
169.56	0
169.74	0
173.63	0
159.44	0
192.25	1
195.59	0
214.55	0
219.71	0
225.06	0
230.51	0
232.03	0
160.84	0
172.97	0
300.29	0
309.30	0
313.37	0
313.59	0
313.72	0
316.16	0
132.52	0
136.94	0
142.42	1
143.70	1
144.73	0
144.82	0
145.31	0
146.78	0
191.17	0
192.78	0
195.95	0
197.18	0
197.89	0
203.29	0
204.77	0
210.93	0
211.94	1
248.45	0
249.57	0
255.20	0
257.38	0
257.60	0
262.79	0
263.01	0
252.37	0
286.52	0
291.75	0
292.37	0
292.97	0
293.16	0
294.30	0
294.47	0
165.40	0
169.39	0
171.80	0
172.51	0
177.75	0
178.17	0
178.91	0
183.74	0
210.65	0
216.05	0
216.22	0
217.50	0
220.30	0
225.42	0
230.40	0
233.36	1
176.13	0
194.44	0
202.09	0
208.01	0
220.45	0
224.13	0
224.82	0
225.56	0
157.67	1
206.85	0
212.15	0
219.33	0
224.32	0
225.22	0
233.76	0
235.43	0
128.73	1
176.58	0
215.35	0
215.59	0
218.98	0
219.57	0
223.98	0
226.89	0
188.24	0
205.08	0
207.42	0
216.66	0
223.50	0
224.13	0
230.00	0
230.01	0
191.83	0
195.82	0
198.88	0
200.94	0
201.30	0
204.79	0
213.93	0
214.80	0
206.38	1
214.35	0
214.65	0
218.45	0
222.81	0
223.12	0
223.64	0
227.28	0
241.89	0
273.79	0
275.11	0
277.97	0
278.68	0
279.10	0
281.03	0
282.02	0
127.19	0
148.20	0
150.85	1
151.07	0
154.61	1
161.49	1
165.83	1
165.85	0
248.47	0
261.51	0
270.93	0
272.62	0
276.05	0
276.80	0
277.71	0
280.31	0
124.36	0
136.43	0
197.16	1
198.98	0
210.50	0
217.95	0
226.97	1
227.40	0
104.58	1
117.11	1
159.09	0
187.93	0
203.74	0
216.06	0
216.23	0
226.25	0
11.32	1
19.78	1
228.09	0
229.19	0
232.45	0
236.49	0
239.09	0
241.73	0
44.06	1
61.33	1
61.42	0
69.05	1
72.01	1
75.76	0
80.87	0
83.87	0
119.63	1
193.96	0
217.81	0
224.37	0
227.46	0
227.47	0
231.23	1
233.26	0
35.43	1
55.59	1
252.35	0
252.70	0
255.29	0
257.19	0
260.65	0
263.06	0
48.52	1
59.52	1
138.90	0
148.32	0
149.67	0
187.63	0
195.43	0
196.28	0
101.28	1
105.85	1
121.53	1
123.74	0
127.32	0
137.31	1
140.20	1
145.13	0
51.93	1
55.25	1
74.23	1
78.09	1
81.53	1
81.66	1
83.85	1
97.96	1
107.28	0
135.59	1
140.16	0
146.99	0
172.61	0
173.08	0
176.83	0
182.38	0
213.11	0
217.11	0
223.93	0
234.35	0
238.78	0
250.41	0
251.20	0
251.81	0
129.30	0
130.35	0
138.70	0
144.31	1
151.70	0
159.34	1
159.42	0
164.78	0
109.51	0
138.24	0
162.08	0
165.93	0
167.82	0
172.81	0
180.00	0
183.53	0
177.30	0
186.29	0
198.97	0
203.18	0
214.86	1
215.56	0
217.15	0
224.00	0
113.65	0
117.40	0
134.99	0
135.55	0
137.26	0
138.11	0
143.11	0
143.83	0
91.57	1
93.26	1
113.75	1
128.63	0
164.97	0
191.60	0
204.27	0
215.41	0
11.65	1
11.86	1
14.35	1
223.30	0
223.41	0
227.59	0
233.97	0
235.45	0
72.20	0
76.25	1
94.80	1
105.25	1
107.63	0
110.42	1
112.12	1
114.00	0
73.01	1
171.33	0
188.28	1
194.59	0
205.80	0
214.41	0
222.81	0
253.39	0
27.00	1
61.47	1
78.53	1
233.40	0
235.70	0
242.07	0
243.83	0
249.20	0
14.87	1
67.17	1
72.40	1
145.30	0
152.47	0
154.60	0
189.44	0
191.15	0
179.54	0
181.47	0
183.27	0
184.59	0
187.69	0
188.91	0
190.37	0
190.93	0
142.42	0
144.80	0
146.77	0
149.74	0
154.08	0
159.05	0
161.04	0
162.86	0
248.79	0
264.29	0
264.93	0
272.31	0
284.04	0
287.86	0
287.89	0
287.91	0
109.79	1
110.59	1
114.11	1
119.61	1
125.84	0
131.31	1
137.35	0
143.96	1
152.69	0
154.67	0
158.76	0
162.87	1
170.32	0
170.64	1
171.27	0
177.64	0
95.72	1
149.98	0
153.47	0
157.91	0
169.98	0
189.21	0
195.81	0
199.26	0
141.26	0
187.12	0
189.92	0
194.50	0
195.83	0
196.65	0
197.35	0
197.64	0
197.53	0
201.51	0
209.76	0
209.83	0
211.76	0
216.75	0
217.57	0
217.68	0
227.81	0
231.02	0
233.27	0
237.08	0
238.27	0
240.22	0
242.37	0
242.66	0
251.55	0
260.94	0
263.47	0
264.97	0
266.31	0
268.08	0
272.07	0
273.06	0
254.03	0
261.68	0
263.37	0
268.94	0
270.97	0
271.99	0
273.25	0
273.49	0
70.03	1
88.09	0
91.11	0
96.36	0
97.84	0
100.16	0
102.43	0
103.49	0
277.64	0
279.94	0
287.13	0
288.26	0
290.02	0
290.89	0
292.06	0
293.22	0
274.37	0
283.12	0
287.63	0
290.45	0
290.87	0
290.96	0
291.33	0
291.99	0
212.75	1
223.48	0
225.55	0
229.89	1
230.79	0
233.30	1
234.45	0
235.09	0
227.54	0
229.94	0
238.47	0
241.25	0
243.72	0
246.49	0
247.81	0
247.98	0
219.71	0
224.46	0
227.22	0
227.92	0
228.57	0
231.38	0
231.77	0
234.13	0
291.61	0
292.52	0
293.42	0
293.84	0
296.88	0
300.87	0
300.93	0
302.98	0
184.44	0
198.88	0
211.16	0
212.69	0
213.61	0
214.57	0
216.55	0
222.54	0
87.71	1
98.01	1
109.88	1
113.07	1
114.67	1
117.40	1
120.28	1
121.80	0
4.66	1
5.42	1
6.70	1
8.01	1
8.18	1
8.27	1
9.89	1
9.96	1
40.85	1
71.81	0
81.20	0
139.13	0
139.55	0
145.71	0
147.65	0
147.81	0
138.06	0
156.60	0
159.35	0
195.44	0
197.59	0
199.31	0
202.13	0
203.58	0
111.57	0
124.38	0
135.32	0
174.14	1
188.73	1
195.01	0
196.96	1
210.44	0
218.90	0
221.47	0
227.35	0
227.95	0
228.44	0
228.80	0
229.17	0
231.85	0
178.75	0
184.99	0
185.63	0
188.29	0
188.61	0
189.03	0
189.07	0
192.53	0
65.51	1
66.79	1
67.80	1
68.17	1
69.74	1
96.03	1
101.55	0
114.06	0
49.76	1
59.18	1
74.20	1
112.76	1
128.78	1
148.03	1
166.29	1
171.48	0
1.90	1
2.88	1
3.08	1
3.65	1
3.85	1
3.99	1
4.49	1
7.95	1
3.37	1
4.55	1
4.68	1
5.14	1
6.62	1
6.91	1
7.24	1
8.00	1
4.09	1
5.89	1
6.72	1
7.23	1
7.58	1
9.41	1
12.21	1
14.85	1
48.33	1
65.69	1
67.27	1
69.80	1
78.49	1
87.49	1
93.66	1
109.99	1
6.97	1
18.91	1
24.22	1
27.98	1
32.93	1
38.71	1
61.83	1
91.90	1
19.08	1
21.29	1
24.03	1
29.32	1
31.01	1
31.05	1
31.41	1
45.26	1
155.71	0
162.79	0
163.99	0
164.40	0
169.69	0
172.23	0
178.52	0
179.46	0
230.06	0
231.69	0
232.59	0
232.60	0
232.84	0
233.36	0
238.70	0
239.01	0
31.66	1
32.37	1
36.86	1
68.41	0
72.66	0
76.83	0
78.28	0
86.93	0
1.03	1
2.12	1
3.08	1
4.00	1
5.30	1
5.32	1
6.75	1
7.36	1
48.05	1
48.75	1
58.74	1
61.86	1
146.72	1
149.59	1
168.03	1
172.31	1
0.90	1
1.11	1
2.03	1
2.26	1
4.44	1
4.64	1
5.24	1
5.64	1
1.12	1
1.63	1
2.66	1
2.92	1
6.62	1
7.14	1
7.20	1
10.70	1
1.94	1
2.93	1
7.11	1
8.02	1
8.57	1
8.61	1
9.76	1
11.30	1
22.53	1
37.18	1
47.57	1
51.63	1
64.65	1
68.33	1
77.87	1
89.76	1
4.13	1
15.04	1
19.52	1
24.58	1
24.81	1
24.90	1
25.51	1
41.14	1
7.47	1
10.83	1
20.32	1
23.82	1
32.55	1
39.51	1
40.05	1
43.26	1
134.70	0
142.16	1
148.41	0
151.74	0
157.32	0
161.59	0
162.77	0
163.20	0
77.86	1
148.22	0
172.57	0
182.05	0
182.92	0
184.57	0
188.04	0
188.53	0
87.34	1
236.73	0
237.78	0
240.45	0
246.34	0
257.56	0
260.04	0
262.96	0
73.23	0
94.11	0
118.60	0
132.30	0
139.47	0
149.81	0
149.84	1
150.62	0
40.98	1
99.19	1
100.07	1
135.48	1
154.95	1
159.80	1
167.42	0
177.11	1
2.40	1
5.15	1
6.23	1
11.71	1
11.74	1
12.18	1
14.62	1
15.37	1
33.72	1
60.70	1
63.76	1
161.82	0
190.58	0
190.77	0
196.36	0
203.90	0
19.55	1
32.97	1
40.80	1
249.44	0
251.26	0
270.06	0
273.80	0
281.16	0
9.83	1
32.51	1
36.45	1
236.87	0
238.09	0
258.16	0
275.21	0
279.45	0
2.61	1
10.34	1
15.21	1
123.08	0
123.75	0
127.30	0
130.61	0
134.99	1
48.34	1
48.83	0
49.63	1
52.96	0
54.58	1
56.55	1
66.00	1
81.43	0
81.01	1
107.94	0
274.99	0
284.18	0
291.98	0
298.19	0
305.64	0
305.92	0
31.24	1
134.85	0
240.30	0
254.45	0
260.57	0
262.93	0
264.08	0
282.22	0
11.69	1
257.17	0
262.68	0
263.08	0
263.84	0
267.59	0
268.26	0
269.73	0
7.95	1
178.58	0
185.05	0
185.56	0
186.67	0
188.46	0
190.44	0
198.62	0
30.36	1
218.52	0
222.26	0
227.23	0
227.43	0
230.14	0
231.70	0
233.01	0
20.12	1
175.60	0
180.15	0
182.54	0
184.80	0
185.78	0
186.27	0
186.85	0
6.43	1
84.26	0
97.72	0
98.79	0
101.83	0
102.15	0
103.51	0
105.60	0
15.08	1
82.89	1
85.95	1
97.01	1
100.88	1
102.36	1
118.67	1
137.18	1
2.68	1
3.24	1
3.87	1
6.31	1
7.30	1
8.35	1
11.99	1
14.07	1
11.25	1
19.11	1
104.10	0
107.64	0
112.37	0
113.48	0
113.60	0
119.09	0
3.30	1
5.11	1
180.78	0
182.62	0
185.94	0
192.05	0
192.20	0
192.77	0
1.74	1
3.46	1
102.14	0
110.75	0
123.70	0
126.09	0
135.70	0
138.27	0
2.23	1
4.37	1
108.95	0
112.88	0
121.95	0
122.43	0
126.38	0
129.27	0
2.49	1
4.52	1
120.41	0
124.87	0
125.13	0
127.68	0
132.81	0
132.88	0
7.25	1
9.44	1
198.69	0
198.82	0
221.04	0
221.20	0
222.59	0
223.27	0
7.97	1
13.62	1
208.97	0
211.24	0
220.82	0
220.84	0
222.12	0
222.66	0
10.23	1
21.06	0
43.07	0
79.21	0
124.76	1
141.60	0
142.42	1
143.48	0
8.59	1
23.29	1
26.90	1
27.64	1
49.69	1
53.41	0
54.02	0
64.28	0
25.43	1
56.64	1
58.37	1
81.43	1
86.68	1
96.43	1
100.59	1
117.42	0
2.67	1
3.28	1
3.86	1
5.19	1
8.22	1
8.26	1
11.86	1
12.78	1
8.19	1
9.78	1
76.47	0
85.84	0
93.77	0
96.98	0
115.54	0
117.18	0
8.41	1
14.51	1
161.27	0
165.52	0
169.76	0
173.27	0
185.05	0
186.78	0
12.27	1
17.88	1
154.06	0
154.67	1
159.10	0
184.33	0
194.83	0
195.84	0
14.05	1
22.00	0
31.52	1
36.55	0
37.85	0
44.63	1
47.27	0
53.08	0
13.24	1
48.35	1
62.23	1
76.49	1
84.66	1
85.05	1
100.47	1
107.94	1
1.96	1
2.99	1
3.41	1
5.37	1
5.83	1
8.39	1
12.43	1
14.68	1
8.49	1
10.88	1
74.13	0
86.27	0
89.29	0
92.44	0
98.21	0
98.77	0
7.28	1
7.43	1
156.47	0
162.32	0
162.52	0
163.76	0
164.83	0
165.14	0
2.47	1
2.76	1
93.76	0
93.86	0
94.90	0
96.47	0
99.97	0
100.70	0
6.69	1
8.08	1
173.35	0
175.75	0
176.14	0
182.43	0
183.04	0
192.14	0
10.21	1
10.93	1
94.72	0
102.18	0
103.08	0
105.69	0
107.03	0
109.20	0
3.73	1
5.36	1
110.66	0
117.54	0
118.43	0
120.78	0
127.51	0
128.73	0
3.64	1
4.74	1
166.42	0
171.11	0
173.34	0
176.33	0
180.33	0
180.55	0
3.44	1
3.61	1
96.87	0
97.14	0
108.28	0
112.36	0
113.08	0
114.70	0
1.36	1
2.15	1
93.77	0
94.51	0
111.54	0
112.93	0
114.31	0
115.84	0
44.23	0
71.00	1
74.27	1
78.93	1
83.45	0
83.87	0
88.89	1
89.83	0
73.32	0
89.39	0
90.54	0
92.83	0
93.82	0
110.03	0
112.42	0
112.43	0
103.66	0
103.94	0
109.14	0
113.39	0
114.62	0
114.83	0
115.78	0
116.16	0
89.20	0
93.09	0
93.81	0
94.43	0
98.73	0
101.26	0
101.27	0
105.34	0
169.12	1
241.46	0
252.61	1
253.16	0
253.19	0
259.97	0
261.86	0
261.91	0
175.66	0
200.67	0
212.40	0
217.68	0
230.05	0
243.80	0
244.18	0
245.32	0
94.02	1
184.69	0
193.70	0
202.26	0
203.62	0
209.28	0
210.05	0
216.14	0
19.00	1
97.42	0
101.46	0
104.75	0
105.60	0
106.26	0
109.57	0
112.40	0
58.59	1
58.60	1
65.99	1
98.05	1
99.68	1
106.81	1
114.66	1
116.32	1
4.47	1
4.78	1
5.51	1
5.62	1
8.11	1
8.34	1
11.06	1
11.43	1
27.09	1
38.80	1
108.09	0
110.92	0
111.12	0
112.86	0
114.87	0
119.65	0
19.44	1
22.36	1
244.90	0
258.08	0
264.08	0
269.90	0
271.59	0
272.44	0
26.04	1
30.88	1
257.31	0
257.39	0
258.19	0
278.91	0
279.77	0
279.84	0
27.16	1
68.22	1
215.80	0
224.19	0
226.04	0
229.91	0
242.71	0
244.07	0
23.64	1
66.95	1
194.74	0
198.86	0
203.09	0
207.62	0
229.96	0
230.40	0
71.84	1
79.71	0
83.87	0
96.30	0
114.83	1
116.47	1
118.69	0
123.22	0
22.27	1
22.73	1
24.29	1
48.62	1
63.58	1
72.69	0
72.99	0
78.70	1
5.57	0
8.45	0
13.45	0
13.79	0
14.14	0
14.73	0
17.79	0
18.57	0
319.50	0
322.19	0
330.04	0
334.28	0
335.69	0
337.42	0
338.44	0
338.93	0
153.27	1
164.73	1
165.38	1
165.50	1
179.73	0
179.83	0
182.89	0
190.44	0
206.32	0
214.90	0
217.37	0
219.86	0
224.04	0
225.55	0
228.04	0
232.96	0
266.03	0
266.66	0
266.79	0
268.24	0
273.02	0
273.16	0
279.30	0
281.10	0
335.45	0
350.93	0
367.95	0
372.20	0
375.36	0
379.44	0
382.79	0
383.17	1
251.97	0
254.14	0
257.64	0
258.21	0
262.09	0
262.17	0
263.74	0
266.30	0
314.70	0
351.95	0
355.11	0
358.86	0
360.38	0
362.58	0
367.82	0
368.84	0
363.36	0
386.17	0
390.83	0
390.94	0
396.08	0
396.79	0
396.88	0
403.26	0
345.71	0
347.80	0
357.97	0
358.22	0
361.58	0
363.72	0
364.99	0
366.20	0
233.12	0
233.41	0
244.67	0
245.52	0
246.83	0
251.48	0
252.56	0
253.10	0
248.95	0
272.11	0
287.63	0
289.87	0
294.74	0
295.65	0
296.09	0
296.81	0
106.88	0
116.73	0
116.83	0
118.13	0
121.86	0
121.88	0
122.67	0
125.23	0
132.91	0
140.57	0
145.29	0
147.70	0
149.02	0
149.19	0
152.49	0
153.18	0
306.48	0
312.86	0
314.27	0
316.51	0
344.44	0
348.46	0
349.70	0
350.17	0
445.63	0
454.70	0
456.04	0
456.36	0
456.40	0
459.96	0
462.84	0
464.03	0
231.58	0
262.11	0
271.85	0
273.78	0
275.21	0
275.96	0
278.66	0
281.60	1
239.40	0
302.21	0
317.16	0
322.15	0
323.56	0
324.31	0
327.69	0
329.77	0
339.12	0
341.38	0
346.98	0
348.01	0
353.92	0
355.37	0
355.87	0
356.59	0
138.01	0
147.85	0
154.74	0
156.40	0
170.59	0
171.03	0
171.31	0
171.57	0
194.47	0
197.80	0
207.58	1
226.88	0
235.88	1
236.81	0
237.90	1
239.05	0
26.73	1
27.53	1
27.66	1
28.12	1
28.18	1
28.41	1
28.43	1
28.71	1
13.92	1
14.20	1
14.54	1
15.50	1
16.30	1
16.45	1
17.00	1
17.13	1
15.42	1
17.16	1
17.57	1
18.07	1
18.08	1
18.23	1
19.59	1
20.67	1
127.09	1
133.16	1
137.68	1
140.14	1
141.06	1
145.46	1
145.60	1
161.63	1
17.59	1
19.64	1
26.45	1
40.19	1
45.55	1
48.20	1
50.94	1
75.15	1
23.21	1
25.01	1
31.79	1
38.35	1
49.27	1
54.38	1
56.56	1
56.68	1
125.05	0
153.08	0
163.59	0
164.33	0
181.60	0
181.77	0
182.63	0
183.30	0
343.88	0
351.70	0
369.97	0
372.80	0
380.94	0
391.33	0
396.76	0
397.56	0
373.15	0
379.37	0
380.87	0
382.25	0
383.24	0
384.49	0
390.91	0
392.43	0
285.12	0
398.82	0
405.57	0
424.87	0
433.25	0
439.87	0
442.27	0
444.06	0
300.00	0
306.85	0
308.95	0
310.97	0
312.93	0
313.12	0
313.31	0
313.93	0
343.97	0
453.70	0
454.74	0
458.24	0
469.73	0
469.99	0
472.36	0
474.78	0
196.88	0
210.88	0
214.69	0
215.37	0
217.21	0
217.73	0
218.19	0
219.09	0
129.83	1
134.33	1
136.66	1
142.26	1
150.36	1
151.10	1
159.53	1
160.33	0
5.12	1
5.25	1
5.82	1
6.21	1
6.39	1
7.93	1
8.17	1
9.84	1
113.47	0
116.56	0
120.25	0
120.77	0
126.37	0
126.67	0
132.99	0
136.75	0
148.11	0
148.94	0
153.64	0
160.92	0
163.10	0
164.74	0
166.68	0
166.76	0
149.61	0
150.15	0
150.20	0
150.93	0
151.30	0
153.65	0
154.72	0
154.85	0
133.99	0
134.34	0
134.71	0
142.60	0
143.29	0
143.48	0
143.83	0
145.93	0
137.69	0
138.69	0
141.26	0
141.80	0
142.34	0
142.95	0
144.89	0
144.93	0
185.91	0
193.76	0
194.17	0
199.27	0
199.54	0
200.09	0
202.66	0
206.70	0
28.20	1
32.98	1
39.19	1
63.08	1
70.92	1
79.14	0
84.65	0
86.02	1
127.16	0
130.18	0
131.88	0
132.50	0
133.86	0
134.88	0
136.01	0
140.64	0
122.72	0
124.04	0
124.57	0
125.66	0
125.90	0
127.32	0
127.42	0
129.21	0
91.49	0
96.39	0
99.61	0
108.23	0
109.35	0
111.37	0
111.63	0
112.72	0
133.61	0
134.17	0
134.46	0
139.01	0
139.85	0
139.87	0
140.37	0
141.62	0
114.15	0
115.37	0
118.77	0
118.86	0
119.69	0
120.09	0
120.40	0
120.99	0
32.67	1
35.50	1
41.65	1
69.53	1
73.88	1
78.17	0
78.90	0
84.29	1
133.32	0
133.70	0
135.77	0
141.79	0
141.97	0
142.12	0
143.33	0
146.50	0
117.63	0
118.03	0
122.35	0
122.75	0
123.82	0
126.04	0
126.94	0
131.08	0
91.98	0
99.73	0
107.53	0
107.96	0
110.39	0
115.94	0
116.47	0
118.66	0
89.84	0
97.74	0
102.61	0
103.61	0
103.73	0
110.05	0
114.32	0
118.86	0
85.65	0
87.80	0
95.53	0
95.81	0
101.15	0
103.21	0
103.40	0
103.80	0
101.51	0
104.25	0
107.32	0
110.86	0
117.62	0
119.93	0
120.14	0
123.02	0
94.66	0
96.29	0
99.54	0
100.41	0
104.00	1
104.22	1
105.84	0
108.24	0
217.65	0
223.63	0
224.97	0
229.06	0
230.40	0
230.58	0
231.78	0
234.38	0
217.83	0
219.18	0
219.63	0
229.43	0
250.82	0
251.39	0
252.06	0
252.49	0
86.95	1
88.88	1
96.10	1
99.19	1
112.13	0
113.17	0
113.21	0
113.25	0
21.35	1
23.38	1
24.10	1
24.63	1
24.66	1
25.23	1
25.41	1
27.02	1
210.62	0
214.67	0
216.81	0
217.71	0
220.37	0
221.04	0
229.01	0
233.77	0
179.24	0
184.21	0
186.84	0
189.97	0
194.84	0
194.88	0
195.83	0
198.06	0
254.57	0
254.89	0
255.22	0
256.13	0
256.22	0
257.86	0
258.73	0
259.10	0
78.45	0
87.82	0
93.73	0
98.83	0
100.11	0
109.17	0
109.61	0
110.45	0
23.40	1
25.39	1
80.32	1
83.76	0
86.33	0
87.57	0
89.60	0
89.79	0
147.10	0
148.96	0
154.67	0
156.91	0
163.47	0
164.15	0
164.48	0
166.13	0
112.42	0
118.38	0
118.97	0
120.08	0
121.20	0
121.43	0
122.31	0
125.96	0
142.17	0
152.22	0
154.73	0
155.14	0
159.18	0
161.51	0
163.93	0
165.16	0
76.23	0
90.63	0
92.12	0
112.09	0
112.46	0
116.78	0
116.93	0
117.16	0
180.09	0
181.57	0
192.98	0
193.63	0
195.32	0
195.90	0
197.75	0
199.50	0
79.97	0
83.51	0
85.80	1
86.94	0
91.70	0
94.04	0
97.36	0
97.86	0
150.06	0
152.84	0
161.29	0
162.31	0
172.76	0
174.24	0
180.45	0
180.56	0
128.92	0
130.93	0
137.73	0
142.95	0
143.38	0
144.49	0
146.37	0
146.59	0
79.18	0
90.25	0
95.96	0
96.71	0
99.79	0
113.20	0
113.73	0
114.05	0
15.26	1
16.37	1
76.36	0
76.76	1
78.72	0
81.95	0
83.70	0
84.86	0
155.54	0
163.57	0
167.80	0
172.26	0
179.56	0
179.60	0
180.34	0
180.81	0
112.48	0
116.50	0
121.55	0
123.43	0
124.37	0
130.17	0
132.45	0
133.89	0
142.17	0
152.23	0
154.71	0
156.47	0
157.89	0
167.03	0
168.97	0
171.24	0
91.38	0
105.39	0
109.04	0
112.54	0
114.49	0
115.60	0
124.07	0
129.65	0
120.00	1
142.55	0
146.76	0
151.27	0
154.66	1
155.74	0
156.47	0
156.73	0
184.66	0
188.82	0
188.99	0
189.48	0
193.14	0
196.95	0
197.62	0
198.83	0
150.52	0
154.20	0
154.23	0
165.54	0
168.49	0
168.71	0
169.25	0
169.36	0
85.75	1
99.82	0
104.11	0
118.39	0
119.96	0
120.77	0
122.57	0
124.28	0
155.96	0
157.37	0
166.44	0
174.95	0
175.29	0
179.79	0
180.02	0
180.96	0
114.79	0
115.61	0
120.48	0
122.00	0
122.44	0
127.68	0
130.63	0
130.84	0
228.44	0
230.92	0
230.99	0
232.44	0
232.75	0
233.78	0
237.25	0
238.53	0
150.91	0
154.80	0
154.87	0
164.28	0
167.48	0
168.18	0
169.23	0
169.28	0
437.87	0
438.89	0
440.80	0
441.34	0
447.86	0
447.94	0
448.98	0
450.57	0
211.15	0
211.56	0
212.36	0
212.43	0
213.20	0
213.28	0
215.19	0
216.67	0
372.01	0
375.04	0
377.45	0
377.67	0
378.02	0
381.51	0
381.91	0
382.23	0
687.27	0
690.73	0
693.78	0
695.71	0
696.29	0
696.53	0
699.41	0
700.45	0
171.86	0
172.96	0
173.28	0
173.82	0
178.21	0
178.94	0
179.84	0
182.82	0
60.94	1
61.58	0
65.09	0
83.63	0
88.00	0
88.78	0
88.96	0
89.50	0
44.35	1
49.24	0
51.42	0
58.36	1
73.27	1
78.56	0
84.68	0
85.11	0
47.82	1
49.85	0
51.05	0
61.12	1
74.66	1
81.73	0
84.38	0
87.11	0
145.09	0
145.35	0
156.17	0
159.19	0
163.46	0
164.62	0
164.65	0
166.39	0
346.29	0
347.66	0
348.82	0
349.02	0
353.95	0
355.64	0
357.77	0
359.73	0
536.41	0
538.00	0
540.36	1
541.43	1
542.87	1
552.37	1
553.08	0
555.60	1
266.48	0
266.54	0
268.17	0
268.75	0
269.47	0
274.18	0
274.37	0
274.44	0
143.87	0
144.76	0
148.09	0
152.55	0
159.27	0
160.89	0
161.10	0
161.30	0
437.70	0
438.17	0
441.78	0
442.26	0
444.96	0
447.49	0
447.68	0
448.73	0
204.90	0
205.71	0
205.94	0
206.02	0
206.26	0
210.07	0
210.39	0
211.05	0
457.99	0
461.66	0
469.43	0
470.12	0
470.57	0
473.09	0
474.01	0
474.49	0
643.47	0
712.21	0
718.37	0
729.15	0
733.58	0
734.54	0
736.53	0
737.80	0
187.06	0
191.63	0
192.26	0
199.39	0
200.03	0
200.90	0
202.89	0
204.55	0
108.98	1
114.41	1
118.26	0
124.71	0
125.69	0
125.71	0
125.71	0
128.23	0
19.60	1
131.37	0
132.35	0
143.13	0
143.60	0
152.47	0
153.91	0
155.75	0
36.65	1
121.45	0
123.74	0
130.25	0
131.85	0
135.85	0
141.23	0
143.57	0
121.35	0
124.87	0
124.94	0
128.53	0
130.10	0
131.21	0
132.97	0
135.57	0
178.96	0
180.04	0
181.53	0
182.68	0
183.50	0
185.75	0
186.35	0
187.85	0
260.89	0
261.44	0
262.11	0
263.40	0
263.57	0
265.70	0
266.65	0
268.89	0
47.73	1
66.13	1
71.16	0
74.48	1
80.11	0
82.45	1
90.74	0
90.94	0
54.85	1
59.94	0
61.18	0
66.19	1
76.49	1
82.58	0
82.85	0
86.64	0
62.70	1
80.11	0
80.67	0
83.62	0
84.31	0
88.55	0
88.98	0
91.99	0
196.50	0
202.00	0
203.48	0
206.58	0
207.74	0
209.23	0
210.44	0
211.43	0
32.88	1
42.36	1
47.28	1
49.14	1
54.08	1
63.76	1
73.05	1
90.16	0
112.81	0
117.08	0
118.71	0
120.39	0
124.43	0
127.22	0
127.51	0
127.59	0
91.89	1
108.08	1
176.78	0
180.18	0
186.62	0
191.61	0
193.06	0
194.44	0
97.26	1
97.81	1
107.79	0
115.41	0
116.33	0
116.46	0
118.77	0
120.10	0
201.65	0
205.45	0
205.70	0
209.07	0
210.56	0
217.18	0
219.24	0
221.18	0
132.48	0
134.84	0
135.08	0
140.11	0
157.26	0
159.92	0
163.40	0
163.47	0
56.69	1
80.64	1
93.73	0
93.87	0
93.93	0
94.30	0
97.12	0
103.45	0
143.46	0
147.06	0
147.63	0
147.73	0
149.94	0
150.27	0
152.42	0
154.71	0
116.95	0
121.53	0
136.98	0
138.86	0
140.29	0
143.41	0
145.71	0
147.06	0
187.13	0
187.14	0
196.97	0
197.56	0
197.61	0
200.06	0
200.55	0
200.63	0
153.64	0
158.82	0
159.44	0
160.92	0
161.16	0
161.69	0
162.42	0
163.43	0
256.68	0
259.58	0
261.18	0
261.21	0
263.90	0
266.35	0
267.42	0
269.49	0
97.23	1
103.68	0
103.75	0
118.14	0
119.45	1
123.90	0
124.56	0
125.20	0
96.00	1
104.82	1
105.92	0
107.39	0
108.23	0
112.74	0
114.39	0
117.33	0
21.04	1
128.95	0
130.03	0
136.49	0
138.99	0
146.24	0
147.97	0
148.79	0
26.68	1
120.00	0
122.21	0
124.19	0
126.25	0
128.43	0
129.27	0
130.52	0
101.64	1
102.44	1
114.03	0
117.20	0
118.81	0
119.02	0
121.10	0
121.71	0
236.93	0
247.67	0
251.77	0
253.82	0
253.95	0
254.76	0
255.65	0
256.63	0
242.12	0
242.58	0
246.36	0
253.64	0
260.40	0
270.68	0
274.75	0
275.49	0
134.26	0
180.56	0
197.93	0
198.16	0
204.21	0
205.39	0
206.17	0
208.77	0
238.07	1
287.84	0
300.07	1
302.72	0
302.84	0
306.76	0
310.42	0
315.94	0
262.02	0
293.35	0
293.36	1
300.71	1
302.86	1
312.17	0
314.40	0
320.24	1
12.05	1
12.18	1
12.78	1
13.04	1
13.43	1
13.54	1
13.85	1
13.95	1
10.76	1
12.24	1
12.62	1
13.18	1
13.19	1
13.26	1
13.82	1
14.01	1
14.10	1
14.62	1
15.11	1
15.46	1
16.09	1
16.16	1
16.43	1
17.09	1
62.12	1
88.36	1
96.52	1
105.24	1
106.24	1
110.59	1
112.15	1
116.14	1
9.09	1
15.59	1
17.98	1
21.64	1
22.48	1
23.84	1
25.42	1
26.42	1
27.72	1
28.53	1
28.74	1
32.55	1
33.21	1
37.54	1
39.13	1
45.27	1
337.59	0
349.62	0
354.64	0
367.71	0
369.48	0
369.59	0
374.70	0
387.40	0
186.73	0
194.29	0
197.65	0
205.82	0
206.87	0
208.84	0
214.14	0
219.59	0
251.15	1
265.43	0
270.66	0
280.37	0
285.55	1
287.35	0
291.62	0
292.00	0
248.95	0
254.41	0
255.43	0
259.66	0
261.47	0
264.46	0
270.00	0
271.29	0
166.94	0
172.99	0
173.21	0
175.66	0
177.28	0
177.50	0
177.70	0
178.60	0
196.87	1
199.78	1
205.26	1
222.60	0
235.02	1
237.11	1
237.13	1
238.71	1
73.87	0
81.30	0
92.73	0
93.61	0
111.91	1
121.03	1
127.57	1
131.39	1
6.25	1
6.80	1
6.82	1
7.01	1
8.05	1
8.12	1
8.52	1
8.83	1
5.00	1
5.40	1
5.96	1
6.18	1
6.77	1
7.58	1
7.61	1
7.93	1
5.46	1
5.97	1
7.00	1
8.52	1
8.85	1
10.57	1
12.92	1
13.09	1
25.83	1
46.80	1
49.91	1
60.66	1
62.94	1
69.84	1
78.65	1
79.26	1
5.38	1
9.74	1
20.99	1
22.78	1
31.03	1
36.57	1
47.67	1
52.05	1
18.12	1
19.71	1
22.18	1
22.84	1
27.95	1
34.57	1
40.79	1
51.03	1
75.93	1
166.32	0
168.32	0
172.80	0
180.30	0
182.32	0
184.91	0
185.77	0
104.66	1
173.01	0
180.93	0
189.00	1
204.77	0
208.90	0
211.04	0
215.13	0
117.96	0
211.84	0
236.83	0
242.45	0
243.58	0
247.33	0
249.42	0
249.54	0
119.85	0
135.38	1
163.15	0
182.51	0
184.35	0
187.78	0
188.49	1
189.78	0
223.39	0
256.64	0
260.68	0
266.60	0
269.80	0
273.74	0
275.18	0
277.63	0
213.72	0
217.07	0
219.16	0
219.39	0
224.12	0
226.30	0
233.53	0
233.58	0
75.13	1
96.11	0
98.49	0
129.73	1
129.95	0
134.60	0
138.39	0
139.15	0
17.10	1
44.35	1
89.48	1
105.53	1
107.92	1
135.11	1
145.46	1
146.63	1
2.33	1
3.51	1
5.61	1
6.12	1
9.33	1
10.09	1
11.57	1
11.78	1
8.46	1
33.55	1
58.58	1
71.38	1
161.62	0
178.48	0
190.34	0
192.90	0
10.93	1
18.38	1
37.30	1
43.41	1
242.54	0
244.50	0
248.31	0
256.49	0
6.39	1
10.36	1
33.80	1
37.12	1
237.25	0
243.65	0
267.57	0
277.18	0
1.14	1
2.42	1
12.08	1
15.12	1
120.88	0
122.30	0
122.87	0
123.79	0
8.96	1
50.90	1
52.27	0
58.03	1
61.50	0
61.52	1
62.55	1
71.11	1
22.75	1
80.40	1
93.97	0
107.46	0
184.93	1
217.35	0
227.79	0
242.87	0
18.89	1
27.84	1
92.18	0
127.46	0
152.73	0
218.42	0
226.98	0
229.72	0
5.91	1
8.16	1
256.04	0
256.91	0
269.45	0
269.56	0
269.89	0
270.39	0
4.02	1
4.93	1
180.65	0
187.23	0
187.29	0
187.38	0
190.48	0
190.94	0
7.09	1
28.57	1
196.34	0
204.71	0
213.67	0
217.57	0
221.20	0
227.45	0
6.13	1
20.65	1
73.41	1
170.82	0
182.15	0
183.25	0
184.10	0
186.28	0
2.59	1
4.91	1
18.14	1
83.46	0
87.64	0
89.86	0
91.03	0
94.33	0
7.37	1
11.41	1
59.40	1
74.12	1
89.24	1
90.85	1
97.10	1
98.80	1
1.06	1
2.16	1
3.98	1
3.99	1
4.08	1
4.47	1
4.78	1
5.56	1
5.15	1
8.81	1
24.67	1
102.02	0
105.49	0
106.62	0
107.19	0
108.89	0
3.68	1
3.96	1
7.73	1
183.08	0
183.44	0
185.43	0
185.73	0
186.62	0
2.27	1
2.60	1
4.66	1
101.24	0
106.38	0
110.11	0
123.35	0
124.55	0
2.46	1
2.55	1
5.18	1
107.62	0
110.13	0
111.21	0
120.77	0
122.12	0
2.69	1
2.91	1
5.30	1
117.87	0
121.09	0
121.36	0
122.12	0
124.10	0
4.39	1
6.90	1
9.00	1
184.93	0
185.21	0
186.77	0
201.92	0
202.96	0
5.60	1
9.06	1
14.35	1
196.31	0
201.20	0
203.64	0
207.72	0
210.80	0
5.32	1
7.73	1
19.89	0
42.13	0
71.32	0
80.77	1
124.18	1
142.61	1
3.33	1
9.50	1
20.07	1
23.52	1
25.46	1
30.02	0
36.50	1
43.18	1
13.46	1
16.80	1
45.18	1
56.15	1
59.11	1
72.72	1
82.42	1
87.65	1
1.46	1
1.72	1
1.96	1
3.34	1
3.63	1
5.11	1
5.50	1
6.84	1
5.85	1
6.30	1
16.54	1
71.01	0
81.06	0
84.94	0
98.33	0
99.60	0
8.55	1
9.18	1
16.92	1
162.37	0
162.54	0
166.03	0
167.93	0
171.29	0
10.84	1
11.25	1
25.16	1
136.67	1
154.16	1
156.94	1
159.23	0
159.41	0
4.02	1
13.70	1
21.17	0
32.54	1
36.96	0
38.10	0
39.45	0
44.84	1
6.77	1
11.22	1
44.44	1
59.22	1
60.40	1
68.49	1
74.03	1
85.12	1
1.07	1
1.50	1
2.27	1
3.82	1
4.37	1
4.88	1
6.14	1
6.22	1
4.66	1
6.48	1
8.53	1
70.60	0
77.26	0
84.77	0
87.45	0
97.12	0
5.34	1
5.53	1
5.68	1
152.78	0
154.31	0
154.54	0
155.88	0
158.73	0
1.35	1
1.71	1
2.00	1
90.53	0
94.59	0
95.16	0
95.26	0
95.94	0
3.56	1
5.82	1
6.83	1
170.37	0
170.64	0
171.43	0
171.93	0
173.22	0
3.58	1
9.42	1
10.20	1
96.49	0
100.14	0
100.67	0
104.13	0
104.79	0
2.03	1
4.05	1
5.92	1
112.27	0
115.43	0
119.23	0
119.75	0
120.72	0
2.76	1
3.93	1
4.71	1
162.95	0
164.70	0
168.82	0
169.92	0
174.55	0
1.88	1
3.12	1
3.60	1
96.75	0
97.65	0
97.79	0
107.38	0
112.88	0
0.45	1
1.34	1
1.78	1
93.13	0
93.73	0
93.77	0
100.41	0
101.15	0
4.35	1
43.64	0
54.12	1
62.34	1
65.34	1
68.65	0
70.23	1
72.37	1
5.24	1
67.74	1
71.35	0
75.50	0
84.86	0
90.43	0
92.15	0
94.17	0
2.02	1
74.91	0
97.57	0
97.92	0
98.23	0
99.74	0
100.01	0
102.54	0
1.97	1
68.64	0
71.37	1
84.04	0
85.15	0
86.54	0
87.17	0
87.53	0
14.59	1
107.18	0
175.74	1
177.16	0
200.35	0
203.01	1
231.57	0
238.36	0
7.57	1
97.71	0
177.83	0
178.52	0
186.11	0
200.20	0
209.40	0
215.60	0
4.77	1
71.84	1
96.24	1
186.50	0
188.56	0
188.71	0
197.30	0
204.35	0
3.30	1
12.33	1
13.60	1
86.01	0
86.77	0
91.18	0
92.89	0
93.67	0
5.46	1
62.79	1
65.03	1
65.41	1
69.33	1
69.37	1
71.48	1
97.03	1
1.17	1
3.04	1
3.32	1
3.81	1
4.00	1
4.24	1
4.49	1
5.74	1
3.80	1
26.35	1
32.46	1
105.19	0
109.79	0
113.79	0
114.93	0
116.54	0
7.02	1
24.89	1
26.84	1
254.66	0
265.13	0
276.40	0
279.69	0
279.91	0
5.48	1
30.57	1
36.06	1
245.91	0
249.71	0
250.07	0
250.95	0
252.98	0
2.53	1
28.92	1
71.16	1
206.39	0
216.24	0
227.32	0
229.03	0
231.45	0
3.59	1
26.35	1
69.89	1
197.14	0
203.65	0
206.29	0
210.63	0
211.15	0
4.29	1
60.95	1
63.33	1
69.66	0
77.00	0
87.38	0
109.55	1
112.76	1
15.18	1
36.16	1
36.35	1
37.77	1
65.73	1
76.01	1
77.58	0
80.05	0
66.22	1
78.80	1
96.18	1
99.60	0
117.40	1
126.97	1
127.17	1
130.89	1
186.15	0
188.02	0
189.07	0
190.56	0
191.17	0
194.51	0
198.51	0
200.70	0
166.18	1
185.19	1
191.75	1
192.80	0
195.14	0
196.76	1
197.47	0
198.81	0
243.37	0
284.82	0
300.83	0
301.61	0
305.70	0
314.67	0
315.83	0
317.32	0
182.25	0
213.29	0
219.69	0
225.07	0
226.39	0
227.86	1
228.41	0
228.48	0
158.94	1
225.29	0
225.62	0
251.32	0
252.01	0
256.43	0
259.05	0
259.78	0
113.46	1
306.09	0
306.13	0
309.20	0
309.32	0
310.63	0
311.55	0
312.01	0
220.23	0
230.59	0
239.51	0
243.43	0
247.73	0
249.61	0
250.96	0
251.75	0
187.94	1
238.14	0
239.30	0
239.36	0
240.69	0
242.79	0
245.27	0
245.64	0
203.44	1
226.18	1
229.76	0
231.31	1
232.07	1
235.58	1
237.54	0
239.15	0
242.05	0
244.40	0
246.28	0
249.79	0
258.69	0
263.09	0
263.87	0
266.75	0
152.99	0
154.30	0
156.41	0
156.56	0
156.74	0
156.90	0
157.11	0
157.63	0
172.68	0
186.90	0
188.79	0
189.27	0
190.91	0
192.43	0
192.61	0
194.79	0
294.93	0
296.96	0
299.66	0
300.77	0
301.35	0
302.38	0
302.78	0
303.44	0
203.95	1
227.23	0
228.93	0
231.22	0
231.58	0
231.63	0
236.41	0
237.28	0
180.84	0
197.36	0
201.32	0
205.25	0
211.86	0
215.61	1
216.91	0
217.77	0
168.28	0
178.29	0
179.78	0
182.35	0
182.51	0
183.37	0
183.91	0
184.22	0
96.92	0
120.41	0
120.69	0
121.45	0
121.61	0
123.35	0
123.90	0
124.00	0
69.75	0
78.19	0
78.78	0
81.72	0
82.62	0
82.71	0
84.10	0
84.30	0
79.99	0
84.48	0
85.22	0
86.58	0
89.64	0
89.86	0
91.49	0
94.34	0
75.86	1
76.85	1
81.33	1
83.24	1
84.11	1
95.92	1
102.29	1
110.17	1
86.52	1
118.64	1
132.03	1
153.80	0
162.07	0
175.08	0
181.10	0
189.22	0
164.07	0
169.54	1
174.63	0
177.68	1
180.74	0
182.23	0
184.01	0
185.38	0
232.04	1
247.78	1
249.20	0
249.57	0
250.21	0
258.70	1
258.96	0
259.36	1
107.40	0
193.38	0
195.91	0
197.42	0
198.11	0
199.65	0
199.85	0
201.14	0
84.89	0
201.85	0
231.31	0
251.71	0
255.84	0
260.69	0
266.37	0
266.72	0
97.84	0
166.09	0
166.21	0
166.48	0
166.65	0
167.41	0
167.57	0
167.65	0
131.46	1
135.53	1
141.64	0
143.06	1
143.89	1
145.87	1
146.40	0
146.83	0
184.17	0
192.31	0
209.15	0
209.60	0
214.41	0
215.15	0
215.37	0
216.12	0
302.83	0
310.05	0
311.41	0
312.45	0
315.77	0
317.43	0
318.18	0
318.59	0
203.70	1
222.18	0
224.23	0
226.24	0
226.95	0
228.58	0
231.66	0
231.97	0
146.74	0
174.76	0
177.16	0
177.93	0
183.71	0
189.56	0
189.87	0
192.06	0
80.57	1
98.99	0
99.15	1
112.24	0
115.89	0
116.01	0
117.37	0
119.21	0
170.47	0
173.36	0
176.50	0
178.70	0
179.08	0
179.20	0
180.25	0
180.41	0
79.07	0
79.83	0
83.30	0
84.26	0
84.84	0
84.96	0
85.99	0
89.60	0
113.13	1
114.03	1
116.77	1
117.97	1
124.92	0
126.03	1
137.52	1
138.88	1
94.98	1
119.69	1
129.44	1
176.77	0
177.59	0
195.61	0
204.57	0
211.03	0
96.51	1
104.00	1
131.10	0
132.17	0
134.18	0
134.76	0
134.83	0
135.11	0
110.91	1
117.46	1
122.46	1
132.48	0
133.63	1
137.10	0
142.45	0
145.98	1
142.94	0
144.04	0
144.74	0
145.25	0
148.06	0
149.58	0
150.49	0
151.92	0
162.84	0
212.49	0
216.87	0
226.55	0
226.76	0
229.21	0
233.71	0
234.94	0
106.16	0
176.22	0
176.41	0
177.65	0
177.86	0
177.87	0
178.51	0
178.72	0
72.42	1
73.96	1
84.37	1
85.87	1
89.41	1
90.29	1
90.33	1
91.03	1
3.19	1
3.69	1
4.09	1
4.12	1
4.26	1
4.75	1
4.79	1
4.96	1
60.84	0
63.74	1
64.55	0
64.86	0
87.73	1
157.13	0
159.62	0
164.71	0
215.13	0
217.40	0
232.89	0
238.32	0
250.88	0
274.61	0
275.10	0
276.12	0
169.68	0
199.68	0
215.44	1
215.93	0
226.02	1
226.84	0
227.05	1
227.19	1
159.29	1
196.41	1
199.64	1
263.39	0
264.48	0
264.84	0
266.87	0
267.89	0
36.02	1
44.55	1
46.95	1
189.05	0
189.93	0
190.66	0
191.65	0
193.80	0
85.19	1
87.81	1
93.05	1
93.56	1
95.65	1
98.65	1
107.12	1
119.13	0
25.43	1
69.30	1
71.27	1
83.42	1
139.57	1
155.17	0
157.34	1
180.26	1
1.14	1
1.87	1
3.35	1
3.39	1
3.78	1
4.32	1
4.60	1
5.21	1
1.77	1
3.33	1
5.01	1
5.46	1
5.47	1
6.28	1
7.46	1
7.57	1
4.02	1
6.07	1
6.89	1
8.59	1
9.10	1
9.85	1
13.60	1
15.44	1
34.27	1
41.53	1
50.31	1
54.32	1
66.29	1
67.22	1
68.02	1
70.86	1
9.46	1
12.22	1
12.51	1
13.27	1
15.13	1
17.23	1
17.49	1
18.67	1
15.46	1
15.99	1
20.37	1
22.08	1
22.52	1
22.58	1
28.74	1
29.21	1
36.05	1
50.35	1
51.46	1
56.42	1
80.95	0
82.52	0
83.80	0
84.56	0
0.96	1
1.12	1
2.45	1
3.04	1
4.05	1
5.55	1
6.11	1
7.29	1
175.74	0
175.81	0
183.57	0
183.74	0
184.91	0
191.20	0
194.13	0
201.08	0
187.30	0
190.41	0
192.21	0
210.11	0
218.31	0
219.44	0
222.28	0
222.34	0
112.95	0
122.23	0
148.81	0
149.37	0
152.24	0
157.40	0
161.83	0
171.90	0
37.98	1
78.68	1
102.28	1
109.03	1
113.64	1
135.76	0
142.87	0
146.78	0
193.61	0
194.35	0
195.95	0
196.53	0
200.53	0
202.07	0
204.38	0
206.30	0
194.19	0
212.15	0
216.57	0
235.34	0
296.34	0
298.44	0
303.35	0
305.46	0
258.66	0
261.08	0
269.99	0
271.88	0
275.11	0
275.16	0
277.00	0
279.87	0
273.07	0
275.04	0
275.28	0
280.58	0
282.02	0
283.44	0
284.06	0
286.61	0
91.64	0
101.11	0
107.28	0
108.33	0
109.22	0
110.18	1
111.86	0
113.68	1
119.78	0
120.37	1
120.58	1
127.29	1
136.91	0
141.98	0
144.05	0
145.00	1
127.78	1
163.53	0
172.74	0
173.10	0
175.02	0
177.40	0
179.78	0
181.64	0
84.62	0
98.93	0
99.40	1
103.56	1
104.81	1
105.34	1
109.49	1
112.42	0
144.57	0
145.67	0
151.72	0
151.91	0
152.71	0
153.34	0
153.44	0
164.75	0
242.51	0
243.42	0
249.55	0
253.48	0
254.24	0
254.52	0
256.16	0
257.18	0
270.57	0
273.70	0
278.58	0
283.20	0
288.73	0
290.71	0
291.02	0
292.19	0
214.11	0
214.53	0
215.04	0
216.83	0
218.47	0
218.94	0
219.38	0
219.79	0
220.07	0
232.96	0
235.82	0
237.36	0
237.47	0
238.88	0
239.53	0
241.30	0
29.91	1
31.02	1
37.27	1
40.73	1
47.80	1
56.66	1
57.13	1
57.95	1
199.11	0
200.38	0
200.40	0
200.84	0
201.24	0
205.03	0
205.19	0
206.89	0
340.38	0
341.26	0
344.30	0
345.25	0
351.65	0
355.47	0
357.80	0
358.85	0
138.10	0
138.90	0
138.94	0
140.36	0
142.10	0
142.55	0
143.33	0
146.30	0
49.74	1
51.32	1
60.89	1
61.62	1
66.07	1
72.30	1
75.34	0
77.48	1
162.45	0
162.87	0
165.24	0
166.10	0
166.66	0
167.28	0
167.41	0
167.42	0
93.84	0
94.27	0
94.63	0
94.96	0
96.70	0
97.86	0
101.09	0
101.10	0
130.25	0
130.91	0
131.20	0
131.72	0
136.97	0
142.20	0
142.57	0
143.10	0
86.54	1
156.30	1
160.12	0
161.90	0
162.63	0
164.28	1
167.90	0
168.70	0
57.26	0
57.80	0
58.63	0
59.96	0
60.89	0
60.95	0
61.09	0
61.58	0
142.34	0
169.16	0
190.81	0
205.08	0
215.38	0
215.89	0
216.07	0
220.99	0
274.33	0
297.55	0
304.17	0
307.39	0
307.63	0
308.21	0
310.99	0
315.75	0
204.85	0
221.18	0
222.19	0
225.21	0
232.38	0
236.58	0
237.25	1
238.97	0
27.45	1
31.95	0
33.46	0
34.61	0
37.72	0
49.44	1
51.95	0
54.31	1
92.34	1
100.85	1
101.19	1
107.13	0
110.34	1
110.94	0
111.32	0
113.92	1
49.76	1
65.62	1
66.77	1
90.10	0
95.41	1
95.83	0
96.08	0
97.24	0
10.86	1
60.29	0
63.58	1
68.21	0
69.33	0
76.95	0
78.12	0
80.72	0
164.23	0
166.97	0
174.53	0
176.61	0
177.55	0
183.10	0
183.72	0
184.08	0
109.03	0
111.88	1
118.32	1
118.56	1
119.86	1
120.77	0
122.31	1
123.83	1
240.86	0
243.63	0
247.40	0
249.91	0
251.23	0
251.49	0
251.81	0
252.06	0
275.37	0
286.21	0
288.50	0
288.70	0
288.93	0
289.60	0
295.41	0
296.68	0
409.21	0
409.66	0
409.91	0
421.74	0
421.93	0
427.52	0
427.93	0
428.44	0
445.36	0
450.23	0
451.81	0
453.63	0
454.97	0
456.75	0
458.93	0
461.22	0
135.04	0
135.23	0
140.41	0
145.05	0
145.68	0
146.71	0
146.86	0
147.74	0
122.81	0
136.77	0
141.42	0
151.81	0
152.20	0
153.58	0
157.27	0
157.45	0
98.66	0
109.16	0
115.50	0
116.44	0
121.01	0
121.03	0
121.85	0
122.12	0
53.61	1
55.65	1
62.46	1
66.57	1
70.72	1
71.31	1
73.84	1
76.63	1
8.16	1
8.40	1
9.59	1
11.80	1
14.02	1
14.15	1
14.67	1
18.24	1
243.79	0
264.72	0
273.74	0
275.89	0
277.72	0
279.47	0
285.68	0
287.10	0
308.26	0
308.61	0
308.64	0
308.64	0
309.15	0
309.97	0
310.39	0
310.71	0
323.12	0
323.70	0
324.35	0
326.30	0
326.36	0
327.62	0
327.75	0
328.84	0
249.06	0
254.14	0
256.00	0
260.07	0
260.22	0
261.13	0
261.19	0
262.22	0
232.68	0
235.92	0
239.80	0
257.78	0
259.79	0
260.28	0
261.41	0
264.78	0
125.00	0
129.50	0
135.67	1
138.99	1
141.89	1
147.35	0
151.35	1
161.52	0
235.75	0
256.37	0
260.27	0
276.11	0
284.17	0
296.25	0
296.85	0
298.57	0
258.36	0
259.12	0
260.44	0
263.30	0
268.70	0
268.86	0
269.79	0
271.37	0
27.68	1
35.77	1
36.99	1
37.24	1
46.99	1
48.94	1
50.38	1
51.40	1
174.33	0
181.50	0
186.26	0
193.37	0
201.31	0
201.62	0
209.86	0
209.87	0
23.96	1
30.38	1
32.59	1
36.02	1
40.42	1
44.37	1
47.00	1
47.71	1
198.75	0
201.42	0
206.52	0
208.46	1
209.34	1
221.00	1
226.24	0
226.45	1
410.47	0
413.62	0
419.29	0
429.02	0
445.78	0
447.63	0
448.83	0
449.32	0
235.13	0
236.39	0
236.69	0
237.63	0
243.85	0
244.40	0
245.63	0
245.94	0
96.91	0
97.25	0
98.89	0
100.39	0
117.71	0
117.78	0
118.37	0
118.75	0
36.59	1
64.46	0
67.55	0
67.60	0
68.14	0
73.26	0
75.77	0
78.48	0
194.54	0
207.66	0
208.29	0
214.22	0
215.24	0
217.61	0
223.04	0
224.54	0
242.76	0
243.78	0
247.31	0
247.76	0
262.71	0
262.74	0
263.77	0
264.25	0
89.71	1
98.84	1
107.51	1
107.59	0
113.00	1
118.34	0
124.91	1
130.74	1
30.60	0
48.38	1
51.62	0
53.13	0
53.50	0
53.64	0
57.79	0
58.13	0
229.42	0
243.81	0
258.14	0
267.00	0
271.09	0
282.40	0
283.76	0
284.80	0
228.35	0
232.61	0
233.92	0
236.18	0
237.76	0
237.80	0
238.54	0
239.79	0
125.48	0
132.35	0
135.96	0
137.13	0
138.97	0
139.86	0
140.75	0
141.94	0
90.74	1
109.84	1
111.78	1
113.97	1
124.23	0
126.02	1
127.18	0
133.94	0
199.52	0
210.00	0
216.12	0
227.15	0
228.68	1
231.20	0
235.96	0
241.60	0
73.96	1
113.11	1
189.64	0
316.88	0
317.14	0
320.11	0
321.47	0
321.61	0
206.86	0
213.47	0
213.62	0
214.82	0
216.05	0
217.20	0
219.45	0
219.65	0
48.66	1
51.53	1
59.72	1
62.39	1
71.94	1
73.28	1
74.68	1
80.43	1
3.21	1
3.52	1
3.58	1
3.68	1
4.37	1
4.95	1
6.30	1
6.38	1
145.10	0
169.98	0
181.03	0
181.66	0
184.50	0
184.90	0
185.11	0
190.23	0
204.78	0
212.24	0
214.03	0
215.05	0
221.69	0
222.15	0
224.20	0
224.74	0
191.01	0
193.17	0
193.24	0
194.08	0
195.59	0
196.12	0
196.19	0
197.24	0
177.75	0
178.91	0
179.97	0
181.20	0
182.97	0
183.55	0
183.98	0
184.05	0
126.45	0
133.09	0
136.81	0
147.40	0
149.23	0
156.78	0
161.29	0
162.39	0
40.28	1
113.24	0
126.76	1
128.40	0
133.55	1
138.10	1
140.73	0
142.19	0
204.60	0
224.40	0
248.95	0
262.34	0
265.72	0
268.14	0
270.65	0
271.64	0
107.87	1
177.19	0
179.87	0
181.90	0
182.97	0
184.43	0
187.47	0
188.37	0
78.08	0
117.45	0
119.31	0
120.10	0
120.62	0
120.78	0
120.89	0
121.11	0
153.00	0
153.34	0
155.46	0
156.14	0
167.22	0
182.64	0
184.74	0
184.75	0
141.42	0
142.54	0
142.99	0
143.06	0
143.15	0
146.25	0
146.85	0
147.25	0
322.38	0
327.30	0
328.61	0
328.64	0
329.33	0
330.00	0
330.16	0
331.45	0
184.03	0
190.30	0
192.53	0
194.28	0
199.23	0
199.63	0
202.10	0
204.12	0
95.19	1
95.96	1
111.30	0
111.98	0
115.73	0
117.21	0
118.63	0
119.70	0
180.46	0
189.81	0
200.84	0
202.94	0
210.23	0
213.33	0
214.60	0
216.04	0
183.99	0
185.49	0
185.71	0
186.55	0
189.38	0
190.52	0
191.33	0
192.43	0
260.98	0
275.93	0
276.21	0
277.57	0
277.89	0
278.21	0
278.30	0
278.65	0
96.77	0
96.98	0
97.28	0
97.38	0
97.63	0
98.12	0
98.73	0
98.79	0
23.11	1
26.17	1
29.87	1
35.93	1
62.50	0
63.11	1
64.32	0
67.48	1
161.16	0
172.16	0
177.99	0
185.91	0
193.42	0
198.16	0
200.13	0
200.31	0
220.33	0
233.36	0
256.34	0
257.32	0
260.53	0
265.61	0
266.97	0
274.97	0
281.18	0
283.05	0
283.69	0
286.82	0
288.25	0
291.59	0
291.71	0
299.19	0
262.98	0
281.80	0
283.02	0
284.16	0
284.57	0
285.76	0
287.41	0
289.90	0
33.80	1
42.45	1
60.73	0
64.19	0
66.76	0
70.68	0
73.74	0
74.52	1
320.31	0
324.59	0
325.69	0
326.89	0
336.20	0
343.06	0
343.25	0
344.51	0
232.40	0
233.11	0
233.35	0
234.21	0
235.00	0
235.63	0
236.83	0
237.11	0
261.14	0
320.75	0
322.50	0
323.06	0
323.06	0
323.77	0
324.60	0
327.08	0
52.19	1
105.87	0
113.25	1
131.00	1
136.62	1
138.64	0
138.83	1
141.09	1
24.65	1
126.18	0
153.55	0
155.54	0
155.86	0
156.02	0
157.49	0
161.66	0
68.37	1
76.01	1
79.91	1
84.41	1
84.78	1
97.48	1
106.77	1
110.45	0
40.42	1
48.90	1
50.25	1
58.67	1
59.13	1
65.18	1
65.67	0
66.06	1
84.76	1
208.68	0
214.62	0
225.82	0
228.68	0
230.20	0
247.80	0
249.37	0
42.58	1
464.86	0
469.13	0
470.04	0
482.25	0
492.85	0
497.95	0
500.49	0
25.88	1
278.96	0
280.76	0
281.53	0
282.42	0
285.01	0
285.91	0
289.22	0
12.60	1
118.70	0
119.22	0
120.12	0
123.35	0
125.71	0
130.29	0
134.39	0
19.71	1
23.33	1
29.36	1
30.89	1
32.06	1
33.85	1
39.80	1
42.94	1
303.46	0
303.61	0
311.19	0
320.11	0
324.46	0
329.44	0
333.20	0
336.45	0
62.89	1
68.31	1
72.90	1
273.80	0
276.13	0
276.75	0
277.16	0
278.57	0
55.22	1
56.53	1
57.77	1
214.76	0
221.62	0
222.83	0
225.71	0
231.42	0
347.55	0
352.63	0
362.34	0
425.39	0
439.92	1
449.42	0
452.19	0
455.91	0
200.29	0
203.06	0
211.82	0
216.80	0
219.65	0
225.28	0
227.18	0
227.72	0
288.72	0
292.25	0
293.45	0
293.59	0
295.37	0
295.75	0
297.08	0
297.82	0
184.15	0
185.50	0
205.93	0
253.10	0
262.38	0
266.75	0
269.86	0
287.45	0
274.51	0
276.71	0
278.20	0
279.01	0
282.83	0
287.84	0
291.83	0
292.02	0
60.44	1
71.70	1
71.97	1
76.54	0
80.21	1
82.37	0
83.04	1
85.09	0
176.41	0
177.17	0
189.00	0
202.51	0
206.04	0
207.33	0
209.03	0
210.63	0
173.57	0
189.11	0
191.89	0
192.79	0
192.90	0
194.35	0
197.71	0
198.35	0
236.79	0
236.97	0
238.23	0
240.05	0
240.72	0
242.97	0
243.19	0
245.08	0
218.65	0
218.91	0
219.21	0
219.37	0
220.21	0
222.85	0
225.28	0
226.61	0
236.03	0
241.03	0
244.17	0
244.97	0
246.70	0
247.14	0
247.55	0
247.95	0
180.68	0
185.24	1
219.14	0
220.43	0
220.46	0
220.83	0
222.53	0
222.69	0
170.30	0
170.48	0
193.66	0
239.40	0
242.14	0
253.47	0
259.36	0
266.29	0
44.59	1
55.54	0
58.09	0
60.29	0
60.80	1
63.94	0
63.99	0
66.86	0
177.84	0
183.26	0
194.73	0
195.57	0
196.30	0
210.72	0
217.30	0
219.49	0
156.11	0
157.58	0
191.09	0
203.20	0
210.73	0
213.85	0
215.70	0
219.24	0
98.89	1
106.23	1
123.90	1
124.91	1
126.47	1
130.09	0
131.07	0
132.40	1
139.69	1
155.61	0
186.60	0
189.21	0
189.27	0
190.83	0
191.42	0
191.50	0
109.45	1
155.84	0
155.96	0
156.73	0
160.44	0
162.06	0
162.30	0
163.42	0
101.42	0
128.99	0
131.57	0
131.93	0
133.76	0
134.40	0
137.04	0
138.56	0
151.33	0
192.67	0
199.25	0
202.14	0
202.61	1
204.62	1
207.75	0
207.76	0
33.77	1
34.13	1
101.12	0
133.92	0
174.23	0
190.36	0
190.51	0
191.94	0
78.82	1
81.15	1
92.24	1
96.50	1
100.56	1
101.87	1
103.15	1
103.68	1
2.71	1
4.42	1
5.14	1
5.96	1
6.23	1
6.53	1
6.70	1
7.34	1
46.60	1
67.79	1
72.05	0
79.29	0
83.22	0
90.56	1
140.93	0
142.75	0
234.28	0
236.57	1
238.59	0
247.99	0
249.07	0
249.32	0
251.48	0
254.98	0
143.39	1
172.79	0
176.81	0
177.01	1
187.43	1
188.82	1
197.32	1
198.89	1
243.94	0
247.29	0
248.92	0
253.17	0
255.59	0
256.06	0
257.59	0
258.49	0
244.29	0
246.38	0
248.21	0
249.56	0
250.46	0
251.75	0
253.52	0
255.15	0
160.65	0
164.22	0
164.58	0
164.82	0
169.71	0
171.99	0
172.02	0
172.69	0
199.34	1
201.56	0
211.24	0
220.29	0
223.07	0
225.24	0
226.07	0
226.61	0
222.45	1
228.48	0
238.87	1
239.44	0
242.72	1
243.08	1
243.39	1
245.76	1
282.32	0
290.02	0
307.69	0
312.63	0
323.60	0
323.75	0
325.95	0
326.85	0
229.06	0
248.39	0
255.75	0
259.43	0
260.88	0
262.50	0
264.49	0
264.86	0
249.02	0
265.46	0
283.42	0
287.17	0
294.89	0
296.35	0
299.72	0
301.40	0
179.39	1
203.15	0
203.21	1
204.66	1
207.73	1
208.01	1
210.05	0
210.58	0
180.89	0
221.23	0
235.11	0
240.74	0
242.09	0
243.72	0
245.95	0
246.65	0
73.03	1
77.44	1
87.28	1
87.53	0
87.68	0
92.97	0
95.36	0
96.51	1
255.35	0
257.25	0
262.09	0
268.28	0
273.14	0
275.03	0
275.83	0
275.86	0
127.13	0
159.63	0
160.22	0
161.72	0
162.75	0
162.78	0
164.05	0
164.07	0
172.33	0
172.47	0
175.19	0
176.34	0
178.77	0
179.12	0
182.71	0
185.01	0
64.88	1
81.10	0
81.39	0
81.84	0
82.86	0
83.79	0
84.51	0
85.69	0
103.40	0
118.42	1
120.83	1
121.97	1
130.40	1
130.67	0
135.73	0
136.24	1
122.80	1
138.90	0
170.27	0
177.84	0
184.81	0
196.47	0
197.59	0
198.07	0
49.45	1
50.27	1
55.83	1
62.16	1
66.18	1
69.28	0
73.59	0
74.92	0
3.08	1
3.31	1
3.51	1
3.78	1
4.55	1
5.00	1
5.47	1
6.51	1
24.08	1
34.39	1
46.05	1
65.93	1
67.63	1
96.06	1
103.15	1
116.68	1
1.33	1
1.70	1
2.23	1
2.50	1
2.56	1
3.06	1
3.07	1
3.44	1
3.21	1
3.53	1
4.22	1
4.36	1
4.44	1
4.86	1
5.17	1
6.24	1
5.37	1
5.60	1
5.84	1
5.85	1
6.19	1
6.35	1
6.49	1
8.01	1
16.70	1
36.53	1
51.55	1
71.99	1
72.42	1
73.07	1
74.65	1
74.73	1
13.78	1
14.35	1
18.20	1
29.46	1
32.69	1
33.18	1
36.68	1
43.11	1
20.52	1
25.03	1
25.67	1
25.91	1
26.61	1
35.99	1
41.82	1
43.23	1
31.84	1
51.38	1
146.44	0
163.98	0
174.02	0
175.08	0
177.19	0
177.29	0
179.08	0
180.48	0
192.32	0
195.72	0
196.09	0
196.12	0
197.44	0
197.49	0
220.86	0
225.65	0
227.22	0
228.19	0
228.52	0
230.24	0
231.55	0
231.58	0
127.25	0
130.28	0
130.64	0
132.43	0
132.99	0
133.21	0
135.24	0
136.51	0
12.93	1
23.45	1
24.28	1
36.30	1
41.96	1
42.37	1
54.61	1
56.84	1
2.21	1
2.34	1
2.50	1
3.69	1
3.87	1
4.07	1
4.15	1
4.23	1
172.28	0
181.24	0
204.86	0
220.71	0
232.17	0
233.44	0
233.60	0
235.25	0
425.87	0
426.01	0
429.50	0
430.25	0
431.48	0
431.66	0
431.92	0
432.15	0
309.63	0
309.89	0
310.13	0
311.82	0
313.10	0
313.46	0
314.16	0
315.03	0
108.70	0
146.13	1
146.67	0
157.69	0
168.39	1
176.44	0
181.62	0
185.85	1
59.17	1
71.53	1
104.83	1
203.02	0
295.00	0
296.14	0
296.90	0
297.19	0
111.73	0
115.01	0
115.63	0
116.76	0
121.44	0
121.58	0
123.53	0
124.64	0
209.43	0
212.82	0
228.65	0
229.12	0
229.81	0
230.21	0
230.31	0
230.95	0
141.39	0
168.06	1
171.74	1
208.77	0
229.10	0
233.72	0
233.72	0
245.61	0
55.87	1
175.96	0
189.60	0
193.48	0
195.63	0
199.23	0
200.36	0
200.97	0
28.47	0
30.13	1
38.48	1
41.10	0
42.09	0
44.17	0
44.95	0
45.53	1
106.33	1
146.00	0
146.61	0
183.61	0
198.21	0
202.92	0
208.32	0
222.41	0
21.76	1
250.48	0
252.68	0
252.77	0
254.91	0
257.74	0
258.18	0
259.66	0
69.18	1
70.37	1
88.30	1
88.65	1
90.40	0
90.53	0
90.95	0
92.58	1
131.15	0
138.26	0
141.37	0
141.93	0
144.89	0
145.19	0
145.45	0
145.90	0
142.62	0
164.96	0
168.58	0
176.30	0
176.74	0
178.64	0
178.74	0
180.05	0
132.88	1
165.41	0
206.51	0
214.21	0
230.40	0
232.32	0
244.37	0
250.58	0
64.78	1
157.93	0
174.48	0
186.90	0
301.01	0
307.43	0
310.31	0
312.13	0
87.30	0
109.22	0
116.56	1
125.16	0
127.38	0
129.90	0
131.31	0
131.34	0
137.65	0
148.67	0
149.19	0
154.46	0
156.25	0
160.66	0
160.97	0
161.58	0
233.03	0
234.66	0
236.41	0
238.68	0
240.34	0
240.53	0
243.13	0
244.62	0
40.78	1
41.56	1
47.40	1
47.72	1
55.95	0
56.06	0
57.56	1
58.33	1
239.12	0
243.05	0
244.73	0
245.36	0
249.02	0
249.45	0
250.68	0
250.95	0
77.80	0
87.34	0
88.55	0
89.06	0
89.20	0
89.40	0
91.11	0
91.31	0
185.90	0
187.37	0
190.46	0
193.48	0
194.99	0
196.17	0
197.85	0
198.56	0
223.04	0
224.02	0
225.58	0
228.13	0
228.98	0
230.46	0
233.33	0
235.24	0
232.62	1
248.29	0
251.11	1
251.19	1
256.72	0
257.69	1
259.44	0
260.25	0
263.08	0
266.58	0
266.70	0
266.73	0
267.43	0
269.24	0
270.47	0
271.54	1
26.75	1
29.51	1
30.54	1
43.10	1
44.13	1
50.72	1
61.15	1
64.21	1
160.21	0
161.38	0
163.20	0
168.50	0
177.30	0
181.27	0
188.88	0
190.69	0
230.29	0
230.49	0
230.70	0
231.00	0
231.64	0
233.15	0
234.43	0
236.51	0
45.40	1
46.24	1
50.82	1
53.91	1
57.20	1
59.11	1
59.45	1
65.15	1
13.32	1
17.48	1
20.52	1
21.24	1
23.62	1
25.07	1
25.95	1
28.56	1
121.08	1
143.45	0
154.43	0
165.60	1
165.93	0
172.47	0
173.57	0
177.20	0
161.29	0
175.09	0
178.83	0
178.85	0
187.60	0
190.22	0
193.06	0
193.36	0
207.21	0
257.33	0
287.80	0
291.60	0
291.64	0
294.19	0
294.44	0
295.07	0
206.06	0
223.87	0
240.49	0
247.27	0
250.78	0
253.89	0
267.31	0
267.61	0
175.18	0
272.73	0
272.75	0
274.10	0
275.87	0
275.96	0
276.66	0
276.85	0
152.98	1
195.83	0
208.77	1
212.63	0
222.80	0
224.53	0
225.74	1
233.83	0
138.31	1
146.54	1
190.35	0
210.41	0
254.35	0
280.99	0
367.94	0
379.62	0
89.45	0
110.85	0
115.88	1
129.03	0
136.87	0
139.47	0
140.03	0
140.61	0
112.94	0
116.23	1
118.06	0
129.62	0
132.67	0
133.10	0
152.20	0
152.46	0
106.74	0
230.42	0
247.33	0
249.91	0
253.97	0
254.66	0
255.92	0
256.89	0
116.52	1
121.06	0
123.09	1
124.21	1
129.93	0
130.37	1
131.93	1
133.69	1
181.68	0
206.18	0
233.78	0
244.36	0
244.46	0
249.25	0
256.46	0
257.15	0
143.35	0
159.16	0
159.35	0
163.36	0
164.46	0
164.69	0
166.08	0
166.64	0
209.22	0
238.68	0
253.65	0
266.90	0
270.22	0
272.96	0
274.29	0
274.85	0
335.87	0
344.35	0
360.73	0
362.40	0
363.35	0
365.30	0
372.99	0
374.23	0
321.56	0
354.21	0
360.96	0
361.14	0
363.15	0
366.57	0
368.99	0
369.02	0
331.99	0
357.10	0
376.79	0
399.02	0
404.55	0
405.47	0
405.98	0
408.32	0
95.55	0
103.91	0
104.34	0
109.15	0
116.69	0
116.91	0
117.16	0
118.81	0
119.31	1
124.81	0
140.34	0
141.05	0
141.48	0
142.55	0
143.36	0
144.01	0
168.74	0
184.62	0
184.89	0
191.77	0
197.48	0
198.51	0
198.60	0
202.47	0
143.95	0
172.51	0
173.33	1
173.76	1
176.33	1
176.90	1
177.49	0
181.06	1
160.81	0
193.59	0
204.81	1
206.70	0
207.84	0
208.52	0
208.96	0
209.93	0
146.70	1
150.42	0
212.01	0
213.30	0
214.29	0
215.21	0
215.34	0
218.50	0
129.08	0
150.12	0
186.40	0
210.81	0
211.13	0
214.19	0
215.14	0
215.37	0
122.73	1
134.40	0
143.91	1
150.40	0
151.11	0
152.22	0
154.64	0
155.28	0
157.95	0
192.64	1
202.98	0
221.25	0
221.79	0
222.19	0
223.09	0
223.52	1
65.00	1
78.60	1
180.83	0
182.32	0
201.40	0
213.56	0
287.48	0
290.09	0
49.11	1
50.97	1
58.31	1
59.27	1
65.21	1
67.30	1
70.24	0
75.70	1
3.39	1
3.55	1
3.59	1
3.59	1
3.91	1
4.72	1
4.77	1
4.80	1
196.10	0
200.23	1
202.44	0
204.68	0
205.48	0
210.80	0
222.27	0
226.49	0
269.25	0
290.46	0
295.99	0
298.31	0
298.77	0
304.90	0
307.39	0
308.00	0
122.52	0
122.90	0
126.37	0
128.69	0
130.59	0
130.78	0
131.65	0
132.02	0
380.61	0
389.97	0
391.17	0
391.24	0
398.59	0
399.12	0
402.90	0
403.15	0
360.79	0
361.29	0
362.68	0
363.35	0
363.37	0
363.51	0
363.85	0
366.93	0
216.76	0
217.90	0
218.22	0
218.44	0
220.51	0
222.51	0
227.15	0
229.97	0
117.74	0
126.22	0
133.19	0
138.26	0
138.88	0
142.99	0
143.22	0
143.38	0
142.94	0
152.48	0
152.54	0
152.93	0
154.31	0
155.01	0
156.26	0
156.70	0
223.60	0
224.87	0
225.90	0
226.64	0
231.86	0
232.56	0
232.92	0
233.16	0
110.44	0
123.22	0
133.34	0
135.99	0
137.28	1
138.37	0
142.73	0
142.73	0
107.27	0
124.01	0
153.42	1
159.29	0
171.78	1
173.27	1
175.09	1
187.28	1
164.51	0
182.52	0
210.87	0
217.30	0
220.04	0
220.06	0
220.36	0
222.85	0
57.62	1
58.62	1
85.65	1
92.96	1
99.31	1
100.20	1
102.84	1
107.27	1
2.39	1
2.73	1
2.92	1
2.94	1
3.97	1
4.42	1
4.50	1
5.06	1
53.62	1
84.09	1
87.57	1
98.29	0
139.31	0
140.05	0
155.16	0
161.87	0
141.82	0
160.04	0
161.62	0
164.48	0
167.38	0
168.32	0
174.14	0
177.83	1
185.51	0
188.92	0
198.68	0
200.60	0
201.83	0
204.53	0
205.64	0
208.45	0
172.18	0
177.92	0
178.16	0
180.85	0
182.70	0
183.00	0
185.59	0
189.72	0
137.00	1
139.49	0
149.63	1
150.07	1
153.42	1
159.71	0
160.18	0
165.14	0
134.73	0
156.30	0
164.05	1
166.27	0
168.30	0
169.20	0
170.08	0
170.58	0
71.80	0
72.24	0
74.19	0
74.23	0
76.85	0
77.33	0
80.32	0
80.47	0
90.45	0
105.76	0
108.42	0
119.92	0
120.18	0
120.40	0
121.91	0
122.34	0
17.49	1
96.61	1
97.11	0
107.10	0
108.10	0
109.36	0
109.78	0
111.48	0
84.92	1
108.22	0
110.61	0
115.68	0
119.49	0
120.82	0
122.74	0
124.89	0
196.34	0
209.59	0
211.11	0
213.09	0
222.65	0
227.20	0
232.94	0
233.07	0
197.16	0
252.12	0
307.78	0
308.23	0
310.30	0
310.77	0
311.31	0
311.70	0
91.12	1
97.78	1
100.42	1
109.60	1
130.16	0
131.35	1
136.97	1
142.61	1
141.42	0
150.67	0
168.33	0
225.56	1
230.43	0
246.03	0
247.69	0
249.58	0
124.31	1
188.76	0
196.96	0
242.04	0
247.02	0
255.40	0
256.79	0
256.95	0
88.01	1
127.97	0
134.12	0
137.62	0
140.96	0
143.95	0
145.12	0
146.66	0
119.26	0
131.97	1
175.91	0
192.74	0
217.57	0
219.20	0
224.48	0
228.79	0
210.20	0
222.21	0
235.75	0
238.65	0
241.93	0
250.75	0
251.14	0
263.21	0
127.55	0
140.96	0
144.93	0
146.44	0
150.33	0
151.96	0
152.52	0
158.52	0
40.71	1
41.99	1
47.41	1
51.94	1
51.97	1
56.06	1
58.10	1
62.32	1
6.96	1
7.25	1
8.43	1
8.84	1
9.50	1
9.70	1
10.70	1
11.26	1
59.75	0
66.24	0
66.46	0
73.16	0
85.64	0
94.96	0
101.73	0
142.83	0
96.60	1
154.40	0
155.02	0
172.04	1
177.04	0
185.81	0
187.48	0
188.01	0
56.90	1
77.29	1
79.97	1
82.01	0
82.16	1
93.31	1
140.53	1
144.95	1
1.98	1
2.55	1
2.57	1
2.62	1
2.86	1
4.14	1
4.31	1
4.38	1
2.00	1
2.83	1
4.10	1
4.81	1
5.79	1
6.03	1
6.56	1
6.75	1
4.77	1
5.15	1
6.44	1
6.79	1
7.25	1
7.94	1
9.55	1
9.81	1
45.05	1
92.03	1
100.80	1
103.98	1
115.22	1
119.02	1
119.71	1
124.53	1
4.79	1
6.66	1
9.12	1
11.69	1
14.46	1
18.58	1
18.99	1
19.83	1
14.31	1
14.72	1
16.76	1
18.19	1
22.45	1
27.98	1
28.90	1
32.83	1
62.39	1
97.63	1
137.70	0
154.10	0
178.05	0
179.02	0
180.05	0
181.57	0
164.31	0
195.32	0
209.01	0
212.94	0
220.70	0
220.73	0
220.98	0
221.82	0
22.59	1
44.25	1
45.51	1
49.56	1
57.98	1
61.27	1
75.84	0
83.84	0
1.09	1
1.10	1
1.48	1
1.51	1
2.12	1
3.89	1
5.05	1
5.23	1
129.50	0
136.56	0
140.28	0
148.20	0
152.15	0
157.79	0
159.20	0
162.67	0
57.75	1
101.54	0
208.50	0
212.08	0
231.79	0
236.98	0
277.64	0
278.46	0
25.81	1
109.42	0
114.87	1
115.23	0
126.48	0
126.97	0
129.03	0
129.20	1
42.17	1
283.09	0
331.50	1
339.83	0
346.68	0
362.65	0
363.01	0
364.20	0
16.64	1
137.52	0
173.71	1
195.79	0
214.78	0
225.04	0
227.17	0
227.46	0
76.29	0
450.81	0
460.57	0
505.99	0
516.41	0
541.26	0
559.03	0
562.06	0
618.82	0
636.94	0
672.91	1
673.86	0
675.42	0
685.37	0
688.00	0
692.56	0
119.21	1
257.91	0
262.76	0
262.92	0
265.35	0
269.94	0
270.01	0
270.59	0
163.85	0
166.91	0
168.33	0
170.63	0
171.71	0
174.85	1
178.88	0
178.99	0
102.32	1
414.09	0
494.19	0
534.77	0
539.76	0
539.98	0
542.82	0
546.38	0
18.95	1
210.79	0
216.63	0
233.24	0
239.77	0
242.08	0
242.66	0
245.58	0
125.49	1
632.63	0
633.12	0
728.19	0
732.99	0
740.54	0
741.45	0
742.49	0
144.09	1
145.25	1
152.43	1
159.83	1
160.97	1
161.76	0
166.23	0
168.29	0
17.76	1
105.82	1
115.50	0
127.91	0
128.24	0
131.60	0
145.24	0
145.38	0
6.18	1
11.84	1
13.03	1
39.76	1
97.53	0
102.72	0
103.51	0
103.89	0
8.02	1
13.14	1
16.99	1
156.22	0
158.19	0
158.80	0
161.30	0
164.94	0
3.26	1
13.53	1
14.76	1
21.63	1
22.73	1
51.35	0
51.85	0
59.04	1
210.12	0
214.73	0
229.80	0
230.43	0
233.48	0
234.45	0
234.60	0
234.91	0
117.21	0
121.48	0
123.30	0
125.34	0
126.12	0
127.01	0
127.53	0
128.91	0
172.49	1
176.81	0
181.89	1
184.54	0
186.18	1
187.11	1
189.12	0
191.30	1
208.69	0
221.95	0
233.19	0
236.55	0
236.60	0
238.67	0
239.23	0
239.80	0
112.58	1
137.61	1
145.18	1
151.22	1
158.59	1
158.93	1
173.73	1
177.57	1
74.59	1
82.88	1
120.99	1
125.46	1
131.14	1
133.19	1
164.75	0
168.70	1
3.63	1
4.71	1
4.97	1
5.13	1
5.55	1
5.86	1
5.97	1
6.16	1
5.10	1
6.16	1
6.33	1
6.35	1
6.57	1
6.67	1
6.70	1
7.20	1
8.25	1
8.53	1
9.19	1
9.36	1
9.55	1
9.64	1
10.15	1
10.18	1
40.43	1
40.89	1
46.52	1
52.19	1
52.69	1
56.20	1
58.75	1
62.04	1
10.71	1
11.28	1
14.37	1
15.89	1
16.38	1
17.43	1
19.54	1
21.29	1
15.73	1
16.43	1
24.09	1
26.22	1
26.33	1
26.99	1
29.31	1
30.77	1
198.28	0
202.52	0
208.41	0
218.31	0
218.47	0
232.32	0
234.02	0
235.46	0
281.35	0
292.83	0
293.66	0
296.07	0
297.27	0
299.93	0
301.25	0
301.70	0
105.80	0
111.39	1
114.05	0
122.16	0
127.00	0
127.93	0
128.97	0
129.44	0
204.00	0
214.92	0
215.03	0
216.38	0
227.08	0
227.59	0
229.12	0
230.45	0
272.52	0
277.33	0
279.74	0
283.99	0
287.51	0
290.29	0
290.30	0
291.49	0
185.09	0
200.28	0
210.46	0
222.92	0
225.66	0
227.57	0
228.52	0
228.92	0
217.81	1
236.21	0
244.46	0
265.12	0
271.08	0
272.90	0
273.40	0
276.24	0
48.78	1
347.88	0
350.49	0
351.30	0
355.38	0
355.52	0
355.67	0
356.89	0
76.41	1
201.05	0
202.98	0
203.20	0
203.51	0
203.52	0
203.56	0
205.17	0
39.68	1
192.29	0
200.84	0
206.01	0
216.54	0
218.49	0
221.31	0
223.89	0
24.60	1
42.55	1
93.21	1
102.37	1
125.08	1
137.19	1
156.03	0
157.70	0
46.69	1
62.06	0
156.71	0
178.49	0
195.98	0
196.15	0
200.00	0
207.18	1
47.20	1
178.38	1
185.84	0
195.52	0
196.51	0
221.75	0
227.14	0
230.10	0
12.45	1
17.60	1
37.08	1
58.57	1
110.14	0
130.48	0
132.75	0
135.04	0
23.88	1
52.00	0
154.22	0
159.44	1
160.59	0
161.32	1
161.70	1
162.84	0
23.18	1
53.40	1
170.18	0
190.19	0
193.89	0
196.20	0
196.68	0
197.75	0
42.95	1
122.51	0
144.42	0
145.24	1
145.83	0
146.15	0
147.23	0
147.37	0
163.56	0
190.75	0
191.55	0
193.83	0
194.82	0
201.52	0
206.86	0
209.20	0
101.41	1
101.54	1
101.91	1
102.60	1
103.18	1
107.12	1
110.71	1
111.02	1
98.63	1
107.54	1
137.69	1
154.77	1
161.55	0
182.74	0
190.69	0
197.25	0
17.56	1
17.83	1
21.46	1
22.14	1
228.50	0
228.97	0
229.98	0
232.91	0
70.66	0
74.37	0
77.27	0
79.65	0
80.05	0
80.24	0
82.83	0
84.55	0
183.91	0
189.09	0
198.07	0
199.75	0
201.54	0
206.58	0
209.41	0
211.15	0
172.54	1
213.55	0
216.91	0
217.03	0
221.56	0
222.02	0
223.17	0
223.65	0
266.17	0
288.78	0
290.67	0
291.33	0
293.05	0
293.34	0
296.44	0
299.82	0
261.21	1
291.21	0
292.11	0
293.93	0
294.78	1
303.64	0
306.26	1
308.49	1
6.85	1
7.91	1
8.09	1
8.29	1
8.44	1
8.58	1
8.65	1
8.66	1
10.45	1
10.65	1
11.24	1
11.34	1
11.79	1
12.36	1
12.37	1
12.48	1
12.97	1
13.58	1
13.80	1
14.19	1
14.70	1
14.96	1
15.29	1
15.49	1
45.95	1
51.64	1
65.99	1
69.33	1
75.23	1
81.42	1
86.29	1
86.62	1
14.22	1
16.47	1
16.72	1
19.59	1
30.99	1
47.39	1
52.43	1
55.95	1
20.86	1
27.51	1
31.64	1
35.76	1
36.10	1
38.57	1
39.48	1
39.94	1
196.27	1
202.84	1
204.20	0
208.75	0
216.14	0
217.60	0
219.77	0
220.97	0
127.54	1
148.12	0
164.88	1
172.33	0
182.04	0
187.28	0
188.55	0
191.36	0
125.28	0
207.93	0
274.54	0
276.84	0
277.01	0
278.09	0
278.63	0
279.68	0
301.14	0
318.05	0
338.13	0
338.96	0
340.19	0
340.82	0
344.48	0
350.01	1
353.92	0
402.40	0
405.13	0
409.85	0
414.82	0
416.16	0
416.66	0
417.23	0
274.80	0
288.63	1
311.90	0
314.40	0
315.49	0
315.90	0
317.78	0
318.51	0
155.06	0
196.31	0
200.31	0
213.96	0
214.18	0
214.71	0
215.01	0
215.08	0
100.36	1
104.46	1
105.14	1
109.60	1
110.64	1
112.13	1
119.53	1
120.17	1
2.40	1
2.76	1
2.93	1
3.58	1
3.73	1
3.82	1
4.41	1
4.60	1
164.07	0
187.09	0
190.09	1
191.05	0
193.08	0
194.80	1
194.94	0
196.16	0
229.17	0
275.09	0
275.17	0
276.02	0
278.73	0
278.76	0
280.15	0
280.48	0
280.66	0
280.75	0
282.20	0
282.53	0
299.16	0
299.20	0
299.48	0
299.50	0
395.19	0
401.51	0
405.45	0
405.53	0
406.69	0
407.02	0
408.66	0
408.77	0
216.87	0
221.95	0
224.70	0
224.81	0
226.06	0
227.11	0
227.32	0
228.29	0
171.04	0
171.60	0
173.48	0
174.40	0
174.68	0
174.96	0
175.45	0
179.31	0
87.97	0
106.19	0
115.62	0
117.43	0
120.19	0
120.21	1
126.89	0
127.25	0
79.59	1
130.24	1
142.07	0
146.72	0
146.99	0
147.08	0
148.00	0
149.33	0
198.22	0
219.63	0
219.71	0
220.70	0
221.05	0
221.84	0
223.25	0
224.37	0
74.49	1
78.07	0
84.79	0
98.53	0
100.33	0
101.39	0
101.59	0
105.69	0
157.87	0
173.95	0
178.15	0
182.11	0
182.34	0
190.70	0
198.17	0
198.99	0
231.86	0
235.40	0
236.47	0
236.71	0
236.86	0
237.97	0
238.28	0
238.93	0
104.88	0
107.48	0
111.78	0
114.51	0
114.56	0
115.68	0
117.41	0
118.16	0
73.05	1
78.01	0
81.78	1
86.41	1
86.82	1
87.46	1
90.94	1
92.46	1
76.45	0
88.93	1
100.21	0
113.60	0
119.01	0
119.15	0
129.22	1
135.29	0
78.64	1
138.60	0
140.71	1
182.82	0
186.73	0
188.00	0
190.32	0
201.39	0
12.53	1
26.17	1
41.20	1
120.03	0
143.98	0
149.67	0
150.97	0
151.65	0
39.20	1
40.17	1
47.11	1
47.71	1
48.45	1
61.12	1
62.98	1
64.65	1
1.59	1
1.78	1
1.91	1
2.11	1
2.38	1
2.98	1
3.05	1
3.06	1
106.93	0
129.32	0
168.48	0
171.55	0
173.09	0
173.19	0
173.78	0
174.73	0
96.85	1
100.59	1
150.19	0
162.03	0
164.41	0
164.56	0
165.69	0
167.42	0
38.55	1
75.25	0
103.45	0
106.32	0
106.63	0
108.99	0
109.12	0
110.55	0
46.91	1
55.90	1
66.18	1
86.37	1
96.53	1
101.28	1
106.68	1
111.54	1
2.87	1
2.92	1
2.99	1
3.71	1
3.76	1
4.12	1
4.26	1
4.45	1
4.01	1
5.42	1
5.57	1
5.68	1
6.20	1
6.99	1
7.06	1
7.38	1
5.15	1
6.26	1
8.82	1
9.06	1
9.20	1
9.86	1
10.01	1
10.43	1
51.32	1
61.76	1
64.19	1
69.69	1
70.31	1
77.06	1
80.48	1
85.79	1
5.69	1
8.76	1
11.21	1
14.70	1
19.78	1
21.57	1
23.17	1
26.28	1
22.69	1
29.92	1
32.74	1
35.95	1
36.01	1
36.24	1
36.87	1
37.70	1
97.62	0
107.05	0
110.93	0
111.37	0
111.94	0
115.66	0
117.00	0
117.29	0
8.84	1
9.14	1
9.29	1
9.41	1
9.55	1
10.41	1
10.43	1
10.47	1
131.44	0
140.19	1
145.80	0
147.13	0
152.72	0
154.59	0
158.11	0
158.14	0
131.23	1
165.83	0
170.73	0
171.73	0
171.92	0
176.04	0
176.23	0
176.96	0
106.49	0
107.01	0
107.10	0
108.86	0
110.13	0
110.84	0
111.42	0
114.52	0
209.58	0
253.62	0
256.11	0
259.54	0
263.85	0
264.51	0
266.40	0
267.53	0
280.75	1
297.68	0
349.70	0
350.45	0
354.57	0
383.25	0
384.89	0
386.05	0
159.55	1
341.62	0
349.49	0
434.73	0
435.38	0
445.38	0
483.24	0
487.67	0
44.96	1
268.22	0
293.79	0
296.25	0
297.42	0
306.49	1
307.20	0
308.71	0
17.85	1
162.18	0
199.86	0
201.41	0
219.06	0
219.64	0
219.77	0
219.87	0
176.48	0
177.33	0
189.70	0
194.93	0
196.93	0
198.89	0
202.16	0
204.61	0
240.45	0
246.32	0
253.14	0
253.18	0
254.22	0
255.83	0
255.87	0
256.46	0
139.90	0
142.71	0
156.65	0
169.76	0
172.56	0
173.03	0
173.51	0
174.61	0
75.72	1
77.23	1
103.97	1
104.20	1
106.11	1
111.09	1
112.47	0
114.93	1
127.18	0
149.66	1
155.88	0
156.02	0
156.48	0
158.83	0
159.85	0
162.60	0
133.48	0
134.01	0
135.59	0
135.68	0
135.91	0
136.19	0
137.58	0
138.60	0
127.29	0
146.57	0
160.60	0
162.32	0
162.84	0
163.72	0
164.10	0
164.99	0
208.68	1
232.25	0
234.33	1
239.52	0
243.59	0
246.42	0
247.42	0
249.04	0
143.68	1
146.56	1
167.65	1
168.61	1
173.19	1
179.02	1
179.38	1
188.73	1
4.00	1
4.50	1
4.59	1
4.60	1
4.64	1
5.01	1
5.08	1
5.29	1
5.00	1
5.23	1
5.32	1
6.04	1
6.34	1
6.97	1
6.97	1
7.57	1
7.54	1
8.14	1
9.21	1
9.27	1
10.13	1
11.13	1
11.16	1
11.35	1
41.37	1
45.81	1
49.05	1
50.81	1
56.62	1
57.01	1
58.47	1
58.81	1
15.20	1
16.81	1
19.52	1
21.51	1
22.32	1
22.94	1
26.46	1
26.87	1
31.79	1
32.70	1
32.88	1
34.40	1
35.89	1
37.49	1
37.64	1
38.40	1
157.33	0
158.90	0
159.02	0
162.12	0
162.77	0
162.91	0
164.52	0
165.33	0
293.38	0
309.51	0
314.08	0
321.11	0
324.85	0
325.42	0
326.35	0
326.95	0
103.41	0
107.01	0
108.48	0
109.00	0
110.61	0
111.33	0
113.70	0
114.20	0
155.37	0
157.73	0
157.95	0
159.78	0
161.06	0
161.16	0
161.86	0
161.96	0
161.76	0
163.80	0
164.03	0
164.49	0
164.67	0
165.12	0
165.25	0
166.63	0
111.75	1
136.19	0
139.11	0
139.43	0
139.49	0
157.38	0
161.85	0
162.39	0
133.03	0
133.49	0
135.04	0
135.31	0
136.25	0
139.80	0
141.24	0
141.55	0
156.58	0
165.47	0
166.56	0
168.08	0
168.54	0
168.63	0
170.26	0
170.65	0
154.34	0
155.65	0
156.79	0
159.23	0
161.08	0
161.20	0
161.70	0
163.61	0
122.53	0
124.89	0
126.08	0
128.41	0
129.85	0
136.38	0
136.77	0
138.46	0
149.16	0
156.74	0
160.39	0
160.42	0
163.90	0
164.36	0
165.25	0
167.89	0
106.29	0
108.98	0
109.15	0
109.66	0
109.98	0
110.73	0
111.04	0
111.13	0
126.85	0
135.12	0
136.91	0
139.19	0
140.05	0
140.65	0
141.33	0
141.50	0
24.52	1
28.51	1
29.76	1
32.70	1
43.10	1
43.15	1
44.41	1
49.24	1
2.56	1
2.72	1
3.13	1
3.23	1
3.70	1
3.72	1
4.16	1
4.46	1
142.46	0
167.35	0
173.47	0
189.10	0
204.69	0
207.61	0
210.46	0
215.06	0
39.62	0
43.90	0
63.02	1
112.99	0
116.18	0
116.50	0
122.94	0
124.80	0
128.66	0
150.83	1
154.34	1
155.06	1
161.50	1
163.13	1
167.33	1
171.99	1
228.24	0
239.49	0
255.87	0
257.16	0
260.99	0
261.64	0
261.82	0
265.45	0
161.06	0
177.88	0
180.58	0
183.98	0
186.68	0
188.57	0
189.32	0
193.55	0
50.67	1
55.66	1
66.91	1
67.13	1
67.52	1
77.11	1
79.45	1
81.10	0
55.17	1
63.91	1
73.22	1
90.68	0
93.88	0
102.95	0
105.21	0
105.29	0
50.53	1
94.97	0
186.42	0
201.60	0
203.24	0
216.75	0
217.46	0
217.76	0
61.22	1
120.05	0
123.21	0
135.49	0
136.81	0
137.37	0
138.55	0
140.09	0
18.57	1
78.13	1
136.74	1
142.98	0
146.13	0
148.85	0
149.33	0
149.34	0
56.97	1
170.18	0
220.44	0
232.54	0
234.22	0
235.89	0
246.86	0
248.96	0
49.28	0
109.08	0
112.56	0
116.97	0
118.54	0
120.83	0
121.14	0
126.82	0
92.92	1
95.94	1
100.73	1
105.02	1
109.99	1
114.56	1
115.09	0
115.17	1
234.40	0
242.41	0
242.43	0
243.85	0
244.30	0
244.44	0
245.78	0
246.99	0
153.84	0
171.21	0
175.14	0
175.24	0
179.76	0
179.80	0
181.33	0
182.63	0
296.80	0
304.85	0
308.01	0
308.74	0
310.50	0
310.66	0
315.92	0
317.57	0
64.74	1
76.04	1
79.05	1
79.87	1
87.79	1
87.88	1
88.61	1
92.43	1
1.14	1
1.74	1
1.92	1
1.92	1
2.17	1
2.42	1
2.94	1
3.14	1
84.09	1
99.73	1
135.68	0
138.28	0
139.58	0
141.07	0
141.35	0
141.81	0
118.44	1
153.72	0
178.89	0
196.85	0
201.08	1
213.81	0
222.23	0
222.41	0
20.97	1
29.09	1
243.63	0
243.96	0
244.06	0
244.33	0
245.65	0
249.74	0
127.07	0
129.80	0
130.91	0
132.32	0
134.87	0
139.33	0
145.05	0
146.20	0
161.07	0
161.95	0
163.30	0
164.83	0
165.16	0
165.31	0
165.73	0
166.66	0
182.88	0
183.57	0
183.62	0
191.05	0
191.41	0
191.94	0
191.97	0
192.14	0
143.54	1
165.22	0
171.13	0
172.22	0
173.37	0
173.72	0
176.67	0
177.76	0
161.85	0
173.68	0
175.18	0
184.03	0
187.92	0
189.76	0
190.45	0
190.62	0
139.88	1
147.08	1
217.10	0
227.05	0
229.81	0
231.18	0
237.75	0
239.34	0
29.28	1
101.87	0
102.95	0
104.02	0
106.04	0
107.03	0
108.65	0
109.38	0
24.61	1
28.78	1
29.87	1
31.35	1
35.03	1
39.27	1
39.68	1
47.49	1
1.99	1
2.28	1
2.43	1
2.59	1
2.92	1
3.14	1
3.24	1
3.40	1
100.47	0
101.29	0
101.76	0
102.85	0
103.32	0
103.89	0
103.89	0
103.95	0
158.19	1
160.20	1
202.62	0
213.33	0
214.24	0
215.44	0
216.84	0
218.71	0
16.32	1
20.42	1
28.73	1
130.70	0
132.44	0
135.83	0
139.95	0
145.60	0
19.38	1
34.85	1
37.42	1
115.88	0
120.21	0
120.81	0
121.63	0
122.22	0
106.32	1
139.83	0
153.65	0
154.24	0
155.60	0
156.78	0
159.06	0
166.28	0
54.20	1
74.55	1
82.23	1
84.37	1
86.18	0
93.15	1
93.16	1
94.03	1
36.21	0
36.44	0
36.48	0
37.06	0
37.48	0
37.49	0
37.51	0
37.57	0
150.74	1
164.82	1
166.30	1
181.75	0
184.76	1
184.78	1
188.35	0
188.87	0
153.63	1
158.02	0
158.30	0
164.11	0
164.49	0
165.77	0
166.94	0
169.27	0
110.01	1
116.00	1
119.78	1
122.15	1
122.47	1
124.50	1
125.69	1
126.60	1
