140.43	0
166.13	0
261.45	0
264.86	0
268.62	0
270.96	0
287.86	0
294.35	0
189.40	0
193.65	0
196.72	0
216.87	0
228.85	0
241.73	0
244.64	0
250.84	0
189.26	0
190.19	0
212.92	0
224.32	0
229.39	0
248.71	0
257.99	0
275.14	0
143.58	0
167.58	0
169.66	0
171.70	0
182.33	0
212.43	0
237.32	0
242.69	0
183.98	0
188.33	0
206.44	0
218.69	0
222.75	0
231.96	0
247.83	0
272.21	0
140.41	0
148.89	0
152.40	0
171.39	0
175.84	0
209.13	0
221.18	0
236.97	0
172.63	0
173.21	0
203.58	0
214.17	0
216.69	0
239.18	0
241.66	0
262.86	0
140.40	0
149.29	0
152.09	0
176.96	0
177.89	0
214.79	0
223.53	0
239.75	0
180.48	0
181.20	0
200.46	0
206.47	0
217.40	0
225.59	0
245.20	0
247.04	0
167.26	0
169.09	0
200.96	0
210.84	0
211.34	0
218.20	0
229.50	0
253.10	0
128.68	0
162.44	0
218.88	0
222.65	0
226.43	0
235.44	0
245.57	0
250.29	0
185.44	0
188.56	0
201.91	0
220.69	0
229.94	0
237.64	0
239.04	0
240.86	0
192.29	0
193.57	0
213.97	0
214.93	0
229.15	0
249.74	0
259.81	0
272.05	0
133.45	0
152.44	0
156.18	0
171.79	0
179.47	0
211.38	0
222.35	0
239.77	0
173.69	0
178.88	0
181.99	0
196.74	0
226.94	0
227.36	0
239.80	0
258.88	0
160.81	0
167.49	0
192.94	0
192.98	0
199.83	0
208.93	0
226.24	0
251.04	0
202.75	0
205.92	0
249.26	0
269.53	0
276.15	0
291.21	0
294.58	0
321.34	0
105.17	0
157.76	0
160.06	0
168.02	0
175.76	0
216.37	0
234.75	0
237.41	0
159.88	0
183.68	0
199.14	0
200.22	0
220.79	0
232.92	0
258.41	0
264.64	0
273.15	0
274.07	0
286.30	0
300.23	0
301.08	0
318.20	0
331.98	0
333.90	0
182.78	0
182.99	0
194.00	0
203.01	0
222.70	0
230.86	0
232.80	0
250.56	0
77.41	0
170.76	0
194.63	0
196.90	0
196.92	0
222.70	0
236.07	0
238.28	0
168.67	0
183.69	0
190.42	0
194.20	0
221.21	0
237.28	0
251.54	0
258.20	0
44.93	1
211.82	0
228.18	0
263.08	0
278.42	0
293.95	0
295.15	0
297.06	0
183.43	0
183.79	0
183.87	0
186.77	0
188.58	0
191.24	0
192.28	0
193.49	0
116.06	0
119.29	0
120.30	0
123.91	0
127.00	0
127.58	0
129.43	0
131.00	0
125.57	0
144.49	0
147.19	0
148.93	0
149.06	0
149.24	0
149.81	0
154.46	0
247.90	0
248.00	0
248.05	0
253.29	0
255.00	0
255.85	0
256.48	0
256.55	0
264.38	0
265.69	0
274.15	0
278.39	0
279.25	0
282.33	0
283.02	0
286.58	0
258.45	0
271.42	0
278.06	0
280.09	0
281.55	0
283.65	0
287.87	0
288.82	0
503.47	0
511.90	0
518.11	0
520.06	0
524.99	0
525.92	0
527.46	0
528.55	0
721.91	0
730.07	0
730.96	0
734.31	0
739.97	0
740.51	0
743.62	0
749.89	0
343.15	0
345.35	0
345.64	0
352.76	0
354.87	0
358.48	0
359.10	0
361.39	0
484.04	0
510.84	0
521.02	0
525.86	0
528.80	0
531.61	0
535.54	0
535.79	0
775.12	0
800.06	0
803.96	0
807.97	0
811.86	0
814.89	0
816.55	0
817.58	0
738.52	0
742.52	0
744.21	0
746.03	0
746.99	0
747.05	0
750.64	0
750.86	0
804.44	0
819.25	0
827.50	0
827.74	0
835.75	0
841.36	0
847.73	0
852.14	0
449.64	0
455.38	0
456.61	0
469.31	0
469.94	0
470.78	0
474.05	0
474.70	0
334.06	0
336.07	0
346.95	0
366.26	0
367.24	0
370.41	0
371.94	0
372.74	0
238.77	0
239.10	0
240.30	0
241.10	0
246.37	0
247.16	0
252.13	0
258.57	0
411.08	0
421.96	0
444.34	0
445.31	0
446.68	0
449.50	0
453.47	0
453.50	0
433.13	0
434.40	0
435.06	0
435.42	0
436.94	0
438.61	0
439.47	0
444.10	0
238.53	0
251.27	0
252.23	0
253.78	0
254.64	0
255.14	0
261.05	0
261.14	0
72.89	0
73.70	0
89.40	0
90.65	0
91.64	0
93.17	0
93.75	0
95.47	0
140.98	0
144.00	0
144.92	0
146.96	0
147.31	0
147.38	0
147.75	0
152.95	0
181.07	0
187.41	0
187.45	0
188.16	0
190.15	0
190.73	0
191.82	0
195.79	0
45.95	0
46.67	0
48.50	0
48.64	0
56.69	0
77.39	0
91.63	0
92.77	0
27.38	1
40.90	1
66.04	0
93.98	0
123.31	0
123.47	0
129.16	0
130.34	0
39.22	0
55.71	0
69.22	0
83.69	0
104.76	0
116.48	0
121.58	0
134.91	0
363.48	1
369.73	0
370.00	0
370.78	0
371.75	0
374.14	0
377.13	0
379.79	0
156.31	0
166.71	0
176.07	0
180.23	0
183.43	0
184.52	0
188.72	0
188.81	0
179.95	0
186.94	0
187.17	0
189.91	0
190.41	0
195.07	0
195.67	0
195.84	0
253.36	0
259.18	0
259.29	0
261.07	0
261.17	0
261.62	0
262.22	0
265.01	0
33.80	1
39.83	1
51.69	1
80.80	0
85.47	0
113.86	0
122.46	0
137.77	0
288.94	1
289.11	0
307.39	0
308.64	0
316.79	0
323.64	0
329.03	0
329.84	0
34.14	1
164.89	0
166.15	0
166.42	0
170.54	0
171.19	0
173.13	0
174.56	0
255.74	0
264.56	0
264.78	0
265.57	0
268.36	0
270.72	0
283.15	0
291.13	0
259.63	0
262.38	0
265.61	0
265.68	0
266.59	0
270.41	0
271.31	0
272.72	0
266.95	0
269.82	0
272.17	0
272.52	0
272.62	0
274.17	0
275.12	0
290.63	0
189.22	0
189.30	0
190.66	0
197.79	0
201.17	0
202.30	0
204.43	0
206.82	0
168.70	0
170.13	0
172.71	0
175.57	0
176.28	0
179.51	0
185.87	0
186.47	0
81.50	1
84.76	1
98.22	1
103.07	1
122.49	0
132.07	0
133.41	0
153.41	0
154.18	0
158.42	0
158.72	0
162.13	0
165.37	0
166.61	0
172.49	0
174.67	0
231.23	0
235.25	0
235.68	0
239.87	0
240.48	0
245.73	0
251.67	0
258.60	0
259.11	0
262.42	0
266.09	0
266.38	0
268.32	0
277.32	0
286.61	0
290.67	0
226.65	0
228.03	0
228.99	0
229.17	0
233.75	0
238.77	0
244.54	0
244.85	0
210.42	1
223.28	0
225.24	0
225.63	0
227.90	0
228.35	0
230.50	0
231.33	0
27.91	1
279.29	0
280.28	0
284.59	0
285.45	0
286.36	0
290.79	0
290.82	0
194.10	0
198.60	0
202.06	0
204.85	0
207.00	0
216.08	0
226.08	0
241.50	0
137.24	1
158.74	0
158.87	0
159.88	0
160.16	0
161.17	0
168.33	0
172.45	0
162.82	0
163.80	1
171.77	0
173.76	0
174.90	0
176.07	0
176.52	0
177.72	0
201.47	0
205.56	0
205.59	0
209.40	0
210.03	0
214.40	0
215.92	0
219.64	0
259.29	0
263.31	0
264.88	0
265.14	0
270.45	0
271.04	0
273.82	0
275.34	0
282.89	0
283.95	0
286.70	0
287.62	0
294.33	0
295.76	0
296.72	0
299.84	0
265.00	0
265.26	0
268.51	0
269.68	0
271.51	0
275.84	0
278.29	0
278.54	0
211.85	0
212.28	0
214.81	0
216.35	0
217.17	0
221.51	0
225.97	0
226.85	0
139.50	0
143.24	0
144.25	0
144.81	0
148.52	0
151.11	0
157.35	0
187.16	0
227.24	0
227.87	0
229.23	0
257.36	0
257.69	0
257.83	0
258.78	0
259.12	0
404.61	0
411.00	0
417.30	0
422.17	0
422.79	0
423.16	0
429.23	0
431.02	0
253.34	0
254.07	0
254.84	0
255.54	0
255.74	0
263.83	0
286.37	0
291.37	0
171.25	0
177.73	0
178.40	0
179.51	0
183.53	0
194.55	0
198.11	0
206.27	0
291.57	0
298.96	0
301.78	0
302.79	0
303.62	0
305.64	0
307.95	0
311.60	0
151.99	0
154.51	0
158.52	0
160.91	0
161.02	0
163.51	0
173.96	0
182.14	0
304.41	1
308.15	0
310.19	0
317.20	0
317.97	0
318.14	0
323.74	0
326.24	0
364.16	0
370.88	0
377.20	0
383.58	0
384.77	0
388.26	0
390.40	0
394.11	0
247.93	0
247.97	0
251.57	0
252.25	0
263.78	0
264.80	0
285.33	0
288.93	0
272.50	0
276.46	0
277.00	0
279.06	0
291.55	0
292.09	0
304.82	0
306.48	0
170.33	1
180.15	0
186.49	0
196.33	0
200.23	0
205.03	0
210.34	0
215.05	0
318.09	0
322.76	0
326.79	0
328.41	0
336.99	0
338.49	0
343.20	0
344.33	0
168.82	0
170.10	0
172.71	0
177.02	0
182.09	0
182.49	0
188.24	0
201.51	0
283.84	1
351.27	0
352.47	1
362.92	0
377.16	0
398.12	0
402.46	0
404.86	0
197.29	0
201.03	0
223.11	0
298.91	0
304.20	0
308.31	0
308.44	0
309.66	0
518.30	0
564.51	0
588.03	0
597.96	0
618.18	0
630.78	0
634.41	0
635.85	0
161.05	0
165.28	0
166.23	0
167.11	0
167.37	0
167.83	0
171.65	0
179.86	0
331.07	0
332.85	0
334.19	0
337.32	0
339.99	0
342.71	0
348.23	0
358.77	0
437.44	1
458.22	0
476.92	0
496.56	0
499.45	0
507.13	0
529.94	0
535.12	0
103.79	1
232.22	0
243.61	0
289.18	0
291.89	0
296.91	0
297.03	0
299.72	0
592.07	0
676.01	0
735.15	0
737.34	0
741.66	0
746.68	0
748.79	0
750.01	0
242.84	1
246.33	0
251.65	0
252.21	0
253.39	0
256.25	0
265.74	0
280.18	0
103.30	1
146.59	0
156.07	0
168.34	0
170.64	0
171.07	0
171.14	0
173.87	0
13.40	1
99.73	0
106.52	0
108.51	0
109.16	0
109.21	0
114.37	0
116.06	0
20.68	1
165.14	0
167.32	0
174.30	0
184.38	0
184.38	0
185.20	0
186.04	0
12.57	1
50.58	0
52.37	0
56.45	0
60.76	0
65.17	0
92.01	0
95.81	0
322.48	0
327.56	0
329.07	0
329.98	0
331.21	0
333.14	0
337.95	0
345.30	0
253.10	1
280.30	0
281.28	0
282.87	0
283.43	0
286.77	0
294.59	0
298.90	0
327.50	0
328.53	0
328.81	0
337.28	0
338.30	0
339.51	0
340.20	0
357.20	0
93.05	0
95.94	0
100.85	0
104.46	0
106.67	0
112.01	0
124.81	0
136.48	0
257.58	1
292.84	0
293.51	0
295.17	0
298.61	0
303.59	0
304.21	0
304.38	0
336.83	0
337.37	0
340.23	0
343.64	0
344.86	0
346.81	0
350.46	0
351.99	0
201.80	0
203.80	0
207.34	0
210.85	0
212.76	0
214.49	0
214.98	0
218.61	0
280.53	0
281.64	0
282.62	0
284.74	0
287.39	0
288.08	0
291.73	0
295.81	0
329.82	0
335.16	0
336.23	0
336.97	0
337.60	0
339.53	0
342.52	0
344.96	0
305.23	0
307.64	0
308.18	0
309.67	0
315.95	0
316.12	0
322.81	0
322.87	0
172.98	0
176.69	0
177.05	0
177.86	0
181.82	0
184.64	0
191.09	0
194.20	0
252.47	1
268.55	0
278.91	0
283.83	0
285.95	0
286.53	0
289.31	0
289.82	0
334.30	0
335.06	0
337.10	0
340.37	0
344.94	0
345.58	0
346.32	0
347.50	0
203.40	0
206.10	0
207.08	0
207.86	0
209.41	0
211.70	0
228.95	0
233.38	0
218.74	1
240.98	0
258.96	0
261.65	0
266.28	0
267.23	0
270.10	0
277.17	0
272.63	0
275.52	0
277.55	0
279.95	0
284.87	0
286.47	0
292.32	0
292.51	0
241.77	0
241.77	0
243.76	0
245.70	0
249.66	0
251.40	0
277.45	0
284.39	0
269.24	0
298.60	0
307.12	0
312.47	0
313.28	0
315.41	0
320.71	0
322.67	0
132.43	0
132.66	0
133.62	0
133.98	0
134.94	0
142.94	0
151.07	0
162.05	0
22.41	1
38.16	0
41.35	1
58.15	1
58.60	1
79.35	0
94.67	0
103.08	1
77.16	1
158.81	0
160.23	0
161.92	0
162.89	0
164.30	0
167.12	0
170.88	0
84.78	1
196.59	0
202.54	0
204.95	0
206.04	0
207.43	0
207.84	0
210.77	0
152.40	0
159.96	0
160.96	0
161.12	0
162.31	0
170.79	0
171.33	0
172.45	0
246.93	0
252.36	0
262.72	0
262.96	0
264.49	0
264.89	0
266.12	0
268.42	0
171.75	0
194.44	0
216.83	0
227.79	0
236.04	0
237.78	1
244.12	0
245.91	0
251.51	0
255.84	0
258.09	0
259.38	0
259.51	0
260.73	0
263.64	0
265.48	0
526.69	0
527.76	0
530.53	0
534.61	0
539.63	0
539.71	0
541.92	0
544.22	0
481.48	0
486.60	0
489.96	0
491.10	0
493.97	0
500.27	0
501.12	0
502.63	0
435.11	0
456.37	0
460.35	0
463.96	0
465.92	0
472.92	0
473.18	0
473.79	0
415.52	0
419.36	0
425.51	0
427.31	0
427.80	0
431.25	0
433.92	0
436.76	0
417.87	0
433.05	0
437.32	0
453.66	0
453.68	0
453.75	0
454.01	0
458.26	0
242.98	0
243.06	0
243.55	0
245.57	0
247.09	0
250.40	0
257.01	0
268.34	0
115.35	0
121.86	0
124.03	0
124.10	0
124.92	0
127.34	0
131.61	0
134.54	0
115.75	0
136.57	0
171.06	0
171.52	0
174.60	0
175.86	0
179.90	0
180.50	0
203.33	0
207.66	0
215.53	0
216.62	0
217.17	0
218.35	0
220.54	0
222.18	0
170.23	0
207.19	0
245.49	0
245.85	0
248.17	0
249.47	0
249.72	0
253.33	0
246.57	0
249.14	0
249.53	0
252.03	0
252.58	0
261.57	0
265.15	0
266.28	0
82.71	0
84.29	0
89.09	0
89.76	0
99.88	0
102.37	0
102.94	0
102.98	0
3.74	1
21.07	1
36.96	0
37.61	1
54.96	1
58.22	1
76.12	0
94.72	0
142.38	0
165.51	0
165.86	0
167.65	0
168.50	0
169.04	0
174.17	0
176.96	0
117.65	0
118.93	0
121.71	0
123.05	0
125.94	0
130.00	0
131.32	0
133.73	0
172.88	0
174.26	0
175.48	0
177.66	0
180.13	0
186.23	0
187.27	0
188.18	0
170.75	0
170.79	0
171.87	0
175.75	0
176.00	0
179.50	0
180.08	0
181.23	0
136.55	0
140.43	0
140.79	0
144.09	0
144.41	0
146.26	0
151.57	0
151.62	0
96.41	0
123.61	0
125.49	0
127.50	0
128.06	0
129.23	0
131.70	0
134.77	0
123.59	0
124.12	1
143.38	0
162.78	0
169.39	0
171.13	0
171.98	0
178.84	0
132.59	0
182.63	0
203.46	0
209.85	0
211.09	0
212.86	0
214.19	0
217.22	0
117.12	0
125.81	0
127.41	0
128.92	0
133.24	0
134.10	0
135.32	0
141.63	0
148.43	0
150.40	0
150.84	0
151.14	0
154.04	0
158.92	0
161.80	0
168.66	0
204.12	0
206.50	0
208.34	0
212.22	0
212.47	0
216.73	0
222.72	0
223.66	0
235.07	0
237.83	0
242.42	0
243.83	0
246.23	0
249.86	0
254.94	0
267.39	0
83.67	0
89.60	0
90.57	0
92.39	0
97.37	0
100.52	0
102.59	0
103.27	0
234.68	0
234.72	0
237.64	0
250.59	0
251.42	0
253.38	0
256.88	0
257.70	0
161.91	0
163.59	0
168.87	0
170.96	0
171.80	0
171.81	0
173.43	0
176.47	0
182.36	0
182.67	0
183.29	0
185.57	0
189.09	0
191.86	0
194.02	0
198.61	0
90.78	1
142.65	0
143.40	0
143.48	0
144.47	0
145.16	0
145.82	0
146.44	0
34.83	1
143.46	0
208.19	0
214.46	0
214.98	0
222.83	0
223.61	0
223.94	0
13.40	1
165.32	0
203.87	0
225.89	0
231.08	0
231.77	0
234.60	0
239.46	0
28.68	1
211.25	0
224.55	0
226.62	0
227.42	0
229.29	0
231.24	0
237.04	0
54.73	1
125.37	0
142.01	0
145.12	0
148.00	0
149.03	1
149.26	0
151.28	0
11.09	1
11.25	1
32.45	1
45.38	0
48.61	1
60.78	1
61.09	1
85.89	0
36.56	1
170.30	0
170.47	0
171.55	0
173.81	0
174.11	0
175.53	0
177.43	0
12.51	1
126.74	0
127.98	0
129.32	0
131.35	0
132.48	0
133.25	0
135.05	0
44.69	0
159.61	0
200.26	0
202.54	0
204.77	0
206.17	0
206.39	0
207.72	0
25.34	1
114.47	0
123.00	0
153.08	0
162.50	0
166.60	0
167.09	0
168.61	0
23.77	1
111.18	0
121.52	0
139.30	0
139.66	0
144.40	0
145.60	0
146.25	0
46.00	0
125.84	0
132.01	0
138.47	0
143.35	0
144.04	1
156.21	0
158.13	0
112.98	1
118.96	0
123.42	0
145.01	1
162.95	1
171.92	1
175.37	0
176.33	1
205.78	0
207.12	0
211.51	0
212.55	0
212.91	0
214.03	0
216.27	0
219.19	0
27.74	1
72.59	0
92.50	0
96.23	0
99.25	0
99.95	0
102.32	0
102.53	0
106.65	1
121.45	1
136.55	1
154.69	0
157.99	0
160.45	0
163.25	0
169.76	1
139.83	1
171.25	0
177.61	1
178.66	0
178.82	0
181.74	0
181.97	0
182.01	0
10.11	1
10.82	1
93.29	0
98.01	0
99.38	0
100.13	0
101.50	0
102.52	0
15.14	1
19.83	1
159.75	0
160.79	0
163.18	0
166.97	0
171.75	0
176.94	0
171.81	0
174.49	0
178.56	0
179.16	0
179.74	0
184.15	0
185.87	0
186.63	0
76.25	1
81.79	0
120.81	0
140.79	0
143.21	0
147.20	0
149.78	0
150.81	0
65.20	0
149.49	0
149.78	0
160.38	0
174.50	0
182.86	0
183.46	0
183.63	0
134.33	1
156.68	0
156.98	0
176.44	1
179.77	0
181.52	0
183.46	0
187.14	0
188.45	0
208.09	0
219.09	0
225.29	0
227.82	0
232.71	0
234.54	0
239.80	0
199.34	0
199.50	0
201.30	0
203.97	0
206.79	0
209.46	0
212.57	0
216.61	0
249.60	0
249.99	0
250.03	0
251.39	0
252.26	0
253.16	0
257.39	0
260.59	0
282.42	0
283.51	0
284.38	0
284.73	0
285.22	0
289.74	0
290.48	0
297.88	0
371.84	0
375.18	0
377.30	0
377.58	0
379.16	0
379.35	0
381.82	0
382.19	0
240.72	0
277.20	0
279.81	1
283.94	0
284.22	0
284.70	0
286.93	0
287.74	0
207.56	0
222.45	0
226.50	0
227.65	0
230.24	0
232.41	0
234.66	0
235.11	0
200.51	0
203.94	0
212.01	0
214.74	0
216.86	0
224.01	0
225.98	0
227.01	0
35.80	1
82.48	0
82.50	0
82.64	0
84.17	0
86.27	0
92.46	0
92.85	0
68.26	1
109.32	0
125.07	1
159.12	0
161.56	0
172.28	1
173.78	0
176.08	0
89.76	1
122.16	0
145.54	0
158.65	0
160.92	0
163.68	0
167.82	0
169.62	0
20.71	1
42.79	1
147.97	0
148.29	0
150.39	0
150.47	0
150.53	0
150.80	0
57.34	1
59.72	1
103.48	0
104.32	0
104.71	0
109.01	0
110.12	0
130.16	0
76.88	1
100.55	1
118.66	0
120.81	0
126.42	0
130.99	0
131.73	0
133.14	0
3.57	1
3.72	1
8.86	1
19.66	1
35.88	0
38.86	1
53.48	1
54.36	1
130.50	0
131.34	0
137.68	0
139.77	0
140.08	0
143.36	0
143.55	0
144.60	0
145.99	0
147.09	0
148.03	0
148.63	0
149.85	0
150.87	0
151.28	0
155.19	0
128.47	0
128.92	0
129.33	0
130.61	0
131.17	0
135.24	0
137.86	0
138.25	0
108.26	0
115.34	0
115.50	0
115.88	0
116.69	0
117.46	0
120.17	0
121.49	0
119.01	0
121.44	0
122.47	0
124.28	0
125.59	0
129.89	0
130.92	0
134.27	0
69.36	0
71.66	0
74.91	0
77.06	0
78.59	0
81.03	0
84.26	0
88.44	0
4.82	1
7.11	1
8.30	1
17.32	1
18.12	1
32.85	0
33.85	1
48.15	1
81.70	1
125.41	0
141.65	0
143.99	0
144.40	0
144.55	0
145.71	0
145.86	0
5.10	1
106.22	0
114.84	0
115.25	0
116.37	0
116.38	0
116.85	0
119.64	0
3.30	1
73.83	1
125.37	0
126.15	0
128.53	0
130.23	0
132.72	0
135.64	0
95.13	1
97.59	1
133.62	0
139.67	0
139.84	0
140.84	0
141.06	0
142.89	0
119.55	1
132.16	0
133.22	0
138.80	0
142.83	0
150.78	0
152.42	0
154.33	0
217.58	0
217.59	0
224.01	0
224.33	0
224.45	0
225.46	0
226.57	0
230.13	0
204.01	0
213.46	0
213.60	0
219.05	0
223.74	0
225.12	0
229.26	0
234.51	0
155.64	0
156.10	0
160.75	0
161.60	0
163.16	0
163.25	0
165.77	0
177.83	0
203.34	0
205.97	0
208.95	0
209.15	0
209.87	0
210.15	0
211.57	0
216.59	0
351.74	0
358.10	0
363.98	0
369.58	0
369.97	0
370.92	0
372.69	0
372.94	0
241.63	0
243.56	0
244.26	0
244.59	0
245.83	0
249.58	0
258.30	0
259.56	0
177.38	0
188.25	0
192.75	0
196.33	0
197.33	0
199.40	0
199.57	0
202.18	0
190.15	0
201.73	0
206.29	0
207.42	0
207.60	0
210.58	0
210.60	0
211.72	0
123.26	0
164.72	0
167.35	0
167.88	0
169.36	0
172.57	0
175.00	0
177.81	0
166.75	0
167.19	0
168.18	0
171.62	0
180.43	0
181.45	0
183.34	0
183.84	0
158.82	0
168.10	0
173.57	0
176.31	0
183.86	0
185.81	0
186.10	0
188.04	0
139.68	0
143.84	0
144.25	0
147.97	0
156.08	0
158.05	0
162.36	0
163.61	0
300.40	0
301.71	0
311.74	0
313.20	0
315.62	0
315.88	0
318.94	0
320.00	0
167.26	0
178.91	0
179.42	0
187.80	0
189.93	0
191.78	0
192.05	0
194.28	0
205.90	0
229.47	0
231.79	0
243.97	0
247.08	0
249.09	0
254.88	0
255.05	0
381.63	0
384.06	0
385.40	0
388.43	0
389.05	0
390.86	0
393.65	0
398.21	0
119.25	1
131.12	1
146.12	1
150.15	0
150.55	0
150.96	1
166.24	0
168.01	0
27.05	1
30.08	1
30.51	1
33.87	1
37.73	1
50.22	1
53.03	0
64.97	1
166.24	0
197.25	0
202.33	0
228.74	0
251.97	0
253.20	0
253.46	0
254.15	0
144.71	1
173.83	1
176.87	1
183.36	0
186.74	1
191.67	0
202.39	0
211.97	0
193.67	0
235.77	0
237.01	0
237.48	0
240.61	0
241.67	0
245.75	0
246.83	0
190.30	0
194.57	0
196.72	1
207.94	0
209.19	0
214.40	0
215.26	0
215.59	0
195.43	0
207.81	0
217.62	0
218.76	0
224.88	0
226.94	0
227.56	0
230.72	0
161.86	0
171.58	0
176.90	1
183.89	0
184.10	0
186.39	0
188.46	0
188.80	0
123.01	1
155.33	0
169.63	0
169.75	0
185.24	0
195.23	0
197.33	0
197.44	0
280.34	0
295.52	0
304.57	0
307.08	0
310.68	0
311.30	0
312.66	0
313.34	0
552.77	0
554.15	0
555.06	0
565.82	0
570.61	0
571.86	0
574.01	0
574.16	0
610.44	0
614.09	0
614.14	0
614.82	0
615.06	0
615.44	0
618.61	0
618.69	0
324.20	0
327.33	0
333.40	0
335.94	0
336.19	0
339.52	0
339.67	0
343.10	0
566.29	0
571.63	0
573.91	0
586.01	0
590.44	0
591.68	0
592.06	0
592.47	0
419.38	0
420.40	0
421.13	0
421.42	0
422.52	0
427.91	0
428.32	0
429.52	0
338.33	0
341.48	0
344.50	0
345.57	0
350.95	0
351.04	0
352.29	0
355.38	0
290.96	0
295.21	0
303.89	0
307.66	0
310.95	0
312.57	0
313.00	0
314.54	0
248.54	0
261.21	0
262.02	0
263.25	0
274.32	0
274.63	0
276.93	0
277.53	0
129.10	0
133.03	0
142.26	0
143.28	0
144.04	0
149.84	0
157.13	0
160.52	0
135.12	1
176.49	0
178.92	0
189.28	0
189.41	0
189.79	0
190.04	1
192.32	0
178.17	0
183.44	0
206.26	0
208.35	0
208.79	0
209.93	0
213.24	0
214.78	0
235.45	0
235.47	0
236.42	0
240.17	0
240.19	0
240.71	0
240.95	0
242.30	0
295.72	0
296.67	0
301.10	0
302.09	0
302.19	0
302.49	0
302.71	0
308.83	0
128.95	0
174.98	0
178.28	0
188.11	0
191.81	0
192.15	0
193.22	0
197.06	0
128.80	1
132.20	0
143.14	0
145.71	1
148.26	1
156.04	1
172.66	0
175.56	0
178.22	0
189.17	0
190.01	0
190.73	0
190.91	0
193.64	0
195.48	0
196.68	0
197.94	0
215.28	0
215.64	0
217.42	0
217.57	0
217.86	0
218.59	0
218.83	0
95.37	1
113.09	0
113.12	0
114.37	0
114.98	0
121.64	0
121.85	0
122.32	0
127.13	1
130.74	0
145.97	0
152.93	0
155.13	0
159.46	0
163.27	0
165.05	1
169.72	0
175.42	0
175.51	0
176.33	0
177.62	0
177.84	0
178.00	0
178.64	0
202.72	0
206.80	0
209.81	0
211.89	0
212.12	0
213.05	0
214.61	0
215.23	0
77.65	1
80.70	1
85.57	1
100.44	0
108.22	0
123.05	0
125.04	0
125.19	0
61.97	1
95.84	1
154.65	0
154.72	0
155.92	0
158.05	0
158.20	0
158.57	0
8.00	1
8.89	1
110.82	0
120.55	0
121.88	0
123.12	0
123.16	0
124.01	0
7.56	1
8.56	1
83.89	1
103.21	1
131.98	0
134.02	0
137.50	0
137.56	0
152.20	0
152.31	0
166.26	0
173.79	0
174.10	0
174.98	0
176.55	0
177.39	0
117.46	0
118.96	0
123.78	0
124.66	0
132.26	0
132.39	0
134.71	0
135.58	0
249.31	0
253.25	0
256.00	0
259.85	0
261.55	0
262.29	0
265.44	0
265.61	0
129.76	0
151.81	0
152.99	0
168.55	0
172.55	0
175.49	0
178.54	0
181.77	0
227.67	0
235.07	0
240.15	0
242.53	0
252.10	0
252.30	0
255.62	0
258.16	0
69.76	0
93.36	0
94.10	0
94.88	1
95.44	0
95.56	0
96.18	0
96.73	0
89.44	1
104.36	1
171.33	0
176.50	0
177.38	0
177.60	0
177.74	0
178.81	0
9.28	1
9.90	1
110.83	0
118.47	0
119.19	0
119.64	0
122.69	0
122.75	0
4.06	1
5.53	1
77.09	1
97.82	1
125.10	0
127.38	0
129.54	0
131.14	0
82.18	1
120.90	1
121.00	1
130.45	1
139.54	0
145.67	0
153.25	0
154.04	0
150.85	0
152.01	0
157.27	0
161.71	0
162.56	0
162.94	0
165.25	0
167.94	0
114.04	0
118.14	0
119.07	0
119.19	0
120.81	0
126.69	0
129.23	0
130.35	0
129.32	0
131.70	0
132.04	0
133.06	0
133.18	0
135.26	0
135.56	0
137.24	0
170.62	0
170.90	0
173.64	0
175.66	0
177.40	0
183.74	0
186.58	0
187.31	0
183.32	0
184.98	0
186.26	0
187.03	0
191.02	0
192.78	0
198.27	0
199.24	0
170.36	0
171.08	0
173.36	0
173.69	0
174.11	0
176.26	0
179.29	0
183.38	0
117.75	0
122.90	0
123.21	0
127.99	0
136.19	0
137.95	0
138.63	0
140.08	0
240.11	0
240.41	0
241.15	0
241.20	0
241.80	0
244.02	0
244.97	0
245.26	0
324.66	0
334.49	0
335.16	0
336.02	0
336.28	0
338.12	0
338.32	0
338.64	0
326.17	0
369.24	0
373.29	0
374.29	0
377.30	0
377.88	0
378.54	0
379.29	0
202.89	0
206.45	0
208.20	0
208.71	0
209.18	0
211.20	0
211.91	0
216.99	0
43.54	1
53.23	1
75.21	0
76.30	0
76.39	1
77.60	0
77.87	0
78.81	0
40.72	1
60.37	0
66.31	1
68.71	0
71.76	0
73.15	0
73.17	0
73.89	0
9.19	1
9.62	1
11.63	1
12.28	1
15.60	1
16.20	1
27.30	1
39.49	0
151.18	0
169.75	0
170.00	0
172.14	0
197.39	0
202.92	0
205.58	0
207.76	0
246.04	0
257.08	0
259.44	0
262.00	0
262.23	0
270.39	0
275.14	0
277.75	0
45.05	1
48.13	1
53.27	1
80.30	1
96.26	0
96.55	0
97.70	0
109.57	0
73.07	1
103.38	0
114.24	0
115.17	1
115.33	1
121.94	1
124.02	0
125.07	0
174.80	0
244.02	0
259.09	0
266.63	1
303.25	0
314.62	0
316.92	0
324.04	0
36.13	1
300.51	0
324.84	0
336.97	0
343.85	0
344.80	0
347.63	0
353.47	0
34.13	1
244.69	0
255.63	0
257.17	0
259.68	0
269.12	0
269.29	0
271.88	0
122.08	1
125.44	1
127.09	1
127.51	1
138.85	1
140.95	1
143.68	1
148.94	0
161.79	0
215.86	0
228.14	0
235.82	0
237.07	0
237.09	0
239.61	0
241.49	0
154.81	0
156.40	0
158.52	0
158.69	0
161.65	0
164.13	0
170.37	0
172.34	0
136.53	0
136.66	0
146.35	0
156.76	0
164.01	0
165.30	0
166.69	0
166.78	0
106.74	1
117.89	0
134.31	0
137.21	0
138.13	1
141.51	0
143.37	1
145.92	0
217.73	0
220.67	0
224.93	0
227.29	0
228.27	0
229.93	0
230.96	0
231.39	0
157.55	0
162.13	0
166.48	0
171.43	0
173.54	0
179.69	0
180.92	0
185.15	0
289.67	0
294.04	0
294.73	0
295.46	0
303.34	0
303.80	0
307.04	0
309.38	0
414.44	0
415.24	0
415.44	0
416.02	0
419.76	0
421.55	0
421.61	0
423.94	0
229.42	0
232.41	0
238.99	0
239.59	0
241.73	0
246.23	0
250.41	0
251.33	0
278.32	0
282.06	0
282.82	0
283.25	0
285.72	0
286.43	0
287.16	0
288.10	0
158.33	0
182.68	0
187.14	0
189.06	0
194.38	0
196.02	0
198.75	0
199.33	0
156.55	1
165.87	0
168.40	0
177.59	0
183.98	1
184.09	0
188.32	0
191.05	1
279.40	0
292.99	0
300.63	0
305.35	0
307.25	0
312.23	0
313.61	0
319.49	0
215.23	0
218.24	0
219.18	0
221.09	0
222.99	0
223.25	0
228.06	0
229.73	0
145.04	0
146.86	0
151.18	0
155.39	0
158.47	0
159.16	0
167.90	0
171.00	0
84.46	0
94.16	0
97.27	0
99.62	0
101.65	0
106.59	0
113.02	1
118.56	1
75.60	0
84.82	0
89.49	1
117.51	0
122.69	1
124.14	1
124.24	0
125.57	1
120.19	1
143.66	0
158.59	0
173.69	0
183.90	0
190.03	0
192.56	0
192.63	0
65.28	1
65.53	0
74.24	1
93.34	0
101.37	1
106.93	1
114.09	0
116.08	1
11.20	1
20.61	1
21.03	1
24.43	1
24.81	1
27.12	1
33.14	1
42.42	1
72.23	1
157.88	0
158.66	0
168.01	0
174.82	0
178.09	0
179.78	0
180.59	0
68.44	1
151.33	1
157.17	1
157.56	0
159.74	0
160.29	1
166.54	1
170.56	1
52.61	1
98.25	1
109.38	1
133.07	1
144.99	0
176.03	0
179.91	0
180.23	0
1.95	1
4.41	1
6.56	1
7.49	1
107.28	0
115.27	0
115.41	0
115.81	0
1.57	1
3.45	1
5.13	1
7.94	1
70.84	1
97.90	1
107.38	0
119.07	1
151.66	0
158.45	0
184.37	0
190.26	0
192.29	0
194.30	0
194.33	0
195.22	0
101.65	0
104.06	0
123.85	0
129.83	0
130.62	0
135.24	0
137.82	0
138.39	0
31.09	1
68.62	0
74.53	0
75.02	0
75.53	0
76.02	0
76.50	0
77.53	0
1.56	1
5.71	1
7.26	1
8.58	1
14.65	1
15.78	1
18.13	1
30.46	1
49.69	1
115.66	1
131.82	1
134.53	1
151.81	0
160.51	0
163.33	0
169.37	1
2.20	1
6.55	1
6.90	1
9.60	1
12.52	1
108.96	0
117.17	0
117.28	0
1.32	1
3.91	1
3.93	1
4.05	1
7.55	1
75.39	1
95.97	1
112.95	0
40.04	1
100.78	1
101.37	1
108.25	1
111.36	1
111.89	1
112.11	1
117.98	1
84.20	0
130.56	0
139.03	0
141.90	0
144.12	0
144.99	0
147.81	0
149.34	0
186.18	0
186.86	0
189.15	0
190.77	0
192.63	0
194.94	0
195.33	0
195.51	0
157.47	0
161.66	0
163.42	0
167.37	0
167.75	0
168.06	0
171.65	0
175.37	0
339.88	0
343.83	0
346.85	0
347.62	0
351.44	0
352.41	0
352.87	0
354.31	0
158.96	0
160.26	0
161.54	0
161.73	0
166.45	0
166.66	0
167.19	0
171.03	0
163.03	0
163.27	0
166.58	0
170.90	0
172.98	0
174.54	0
179.34	0
180.30	0
311.40	0
314.90	0
318.92	0
320.69	0
321.72	0
322.05	0
323.52	0
324.52	0
375.42	0
376.07	0
376.72	0
380.55	0
385.07	0
385.50	0
386.35	0
394.30	0
99.04	0
112.11	0
116.21	0
117.02	0
117.73	0
123.40	1
127.31	0
129.06	0
86.13	0
99.30	0
99.90	0
100.04	0
103.65	0
111.08	0
112.25	0
113.93	0
111.77	0
164.44	0
186.40	0
187.50	0
192.01	0
192.47	0
195.59	0
196.11	0
145.65	0
156.06	0
156.90	0
158.75	0
158.90	0
163.60	0
170.12	0
180.49	0
177.77	0
179.00	0
192.01	0
195.93	0
197.68	0
198.09	0
198.33	0
201.16	0
123.37	0
131.35	0
136.06	0
136.97	0
138.41	0
141.76	0
144.96	0
145.04	0
260.99	0
263.93	0
273.83	0
280.84	0
281.94	0
282.18	0
289.63	0
293.46	0
238.92	0
248.24	0
257.68	0
266.19	0
270.09	0
271.29	0
271.80	0
273.27	0
200.50	0
209.04	0
209.93	0
210.09	0
211.87	0
212.30	0
215.09	0
217.14	0
166.14	0
179.76	0
180.64	0
183.64	0
184.76	0
192.67	0
192.67	0
193.49	0
185.16	0
189.82	0
190.39	0
192.86	0
194.80	0
195.85	0
196.81	0
201.74	0
210.95	1
215.40	0
221.09	0
235.85	0
237.30	0
239.46	0
239.51	0
239.86	0
258.32	0
259.92	0
266.69	0
267.93	0
267.97	0
269.71	0
271.76	0
271.92	0
109.69	0
115.17	0
129.78	0
132.18	0
133.63	0
139.74	0
141.14	0
142.37	0
113.52	1
159.01	1
168.26	0
178.68	0
178.85	1
186.87	0
187.24	1
191.31	1
112.31	1
141.54	0
177.72	0
184.46	0
190.51	0
191.99	0
194.27	0
194.97	0
40.23	1
74.47	0
75.39	0
75.51	0
76.37	0
82.04	0
86.13	0
89.08	0
210.07	0
210.60	0
213.62	0
216.26	0
271.76	0
272.90	0
273.76	0
283.83	0
134.29	1
154.83	1
168.79	1
183.33	0
188.66	0
192.64	0
193.59	1
195.37	1
155.41	1
174.98	0
218.09	0
222.36	0
253.47	0
253.76	0
256.74	0
258.34	0
47.18	1
55.07	1
55.39	1
57.63	1
88.70	1
90.31	0
91.07	0
91.75	1
168.80	0
169.65	0
177.89	0
194.59	0
200.58	0
201.96	0
206.60	0
207.99	0
90.81	0
99.19	0
113.93	1
119.67	0
119.82	0
121.12	0
129.12	0
130.03	0
141.93	0
146.92	0
147.10	0
147.64	0
148.64	0
148.68	0
149.38	0
149.57	0
94.95	0
95.70	0
98.07	0
99.36	0
100.61	0
101.63	0
102.28	0
108.02	0
227.27	0
229.38	0
231.46	0
236.54	0
237.88	0
238.17	0
238.26	0
239.23	0
163.60	0
166.82	0
173.33	0
174.66	0
176.01	0
176.14	0
184.74	0
186.88	0
52.13	0
74.34	0
76.93	0
79.02	0
83.01	0
84.44	0
84.69	0
88.04	0
193.31	0
193.32	0
193.58	0
193.60	0
194.17	0
196.65	0
199.09	0
202.61	0
170.37	0
193.18	0
194.75	0
195.92	0
196.70	0
197.70	0
197.91	0
198.01	0
24.13	1
45.13	1
54.13	0
56.29	0
67.05	0
67.74	0
69.88	0
71.88	1
5.64	1
6.61	1
8.25	1
8.80	1
10.76	1
11.85	1
11.94	1
17.07	1
21.14	1
63.27	1
81.91	1
91.70	1
98.93	1
119.50	0
121.49	1
128.14	0
1.66	1
3.04	1
3.37	1
5.43	1
6.07	1
7.67	1
106.01	0
116.00	0
1.11	1
1.24	1
2.55	1
3.12	1
3.32	1
6.45	1
72.88	1
94.99	1
58.01	1
67.60	1
75.07	1
101.48	1
111.79	1
111.95	1
113.91	0
113.92	1
113.12	0
126.42	1
148.77	0
161.76	0
165.70	0
168.43	0
173.83	0
190.31	0
52.05	1
92.94	0
93.81	0
115.86	0
119.93	0
130.56	0
131.37	0
135.01	0
93.12	1
208.03	0
210.85	0
219.97	0
223.27	0
223.66	0
224.29	0
227.17	0
104.67	1
122.96	0
144.10	0
155.75	0
159.03	0
162.02	0
162.15	0
163.71	0
187.96	1
202.80	0
207.65	0
208.67	0
208.91	0
209.56	0
210.45	0
214.20	0
187.76	0
203.74	0
206.53	0
206.71	0
207.62	0
209.08	0
209.79	0
210.99	0
191.57	1
239.58	0
241.06	0
245.38	0
247.65	0
250.21	0
252.03	0
255.83	0
74.18	0
143.15	0
143.25	1
168.02	0
187.64	0
190.18	0
196.59	0
197.57	0
286.67	0
296.46	0
298.64	0
299.05	0
304.56	0
305.47	0
305.55	0
305.61	0
382.40	0
386.81	0
394.51	0
397.25	0
401.05	0
406.57	0
409.69	0
412.30	0
139.67	0
139.91	0
142.04	0
143.91	0
143.98	0
144.14	0
146.78	0
148.33	0
93.78	0
97.80	0
97.97	0
104.01	0
110.58	0
114.59	0
117.85	0
118.76	1
50.82	1
66.86	0
109.86	0
121.22	0
137.32	0
150.51	0
187.40	0
189.00	0
18.50	1
20.16	1
32.09	1
52.93	0
57.31	0
58.49	1
66.31	0
72.55	0
2.98	1
3.97	1
6.61	1
6.76	1
7.07	1
10.11	1
10.59	1
10.87	1
105.13	0
114.48	0
121.12	0
122.76	0
146.26	0
149.88	1
165.57	0
168.19	0
96.60	0
107.42	0
110.67	0
111.35	0
111.82	0
112.85	0
114.74	0
115.23	0
122.60	0
131.63	0
139.20	0
139.75	0
141.14	0
142.03	0
143.51	0
144.85	0
140.55	0
140.77	0
149.94	0
150.00	0
152.24	0
153.08	0
154.77	0
156.45	0
95.39	1
142.32	0
163.28	1
171.76	0
183.98	0
187.11	0
187.46	0
191.28	0
56.92	0
72.05	1
80.73	0
83.96	0
100.87	0
105.46	0
107.13	0
107.70	0
115.53	0
125.18	0
147.87	1
148.17	0
150.03	0
150.80	0
152.10	0
153.27	0
23.71	1
27.30	1
41.62	1
46.58	1
49.43	1
61.52	0
79.33	1
84.31	0
134.61	1
150.95	0
152.82	0
153.20	0
153.32	0
153.57	0
155.83	0
161.53	0
231.84	1
239.75	0
248.39	0
263.10	0
265.27	0
266.61	0
267.50	0
267.98	0
170.40	0
175.67	0
182.90	0
192.54	0
197.68	0
198.60	0
199.48	0
201.39	0
87.05	0
96.23	0
120.11	1
127.45	0
127.97	0
136.27	0
138.70	1
141.84	0
276.10	0
276.68	0
277.44	0
282.96	0
288.84	1
298.19	1
298.95	1
304.23	0
233.42	0
239.83	0
243.64	0
245.56	0
245.66	0
249.79	0
249.80	0
249.98	0
37.54	1
41.41	1
46.95	1
50.51	1
56.76	1
59.71	0
84.96	0
85.65	0
214.23	0
220.83	0
260.65	0
274.77	0
275.53	0
275.95	0
278.18	0
279.55	0
80.41	1
193.68	0
258.31	1
262.35	0
277.97	0
305.39	0
308.02	0
308.21	0
350.80	0
351.46	0
359.81	0
360.74	0
365.35	0
366.24	0
366.62	0
373.99	0
272.54	0
273.64	0
273.99	0
275.36	0
276.19	0
276.25	0
277.45	0
277.95	0
259.65	0
273.73	0
276.45	0
277.57	0
280.48	0
281.06	0
287.36	0
288.12	0
193.69	0
195.05	0
213.93	0
218.27	0
218.68	0
220.65	0
221.32	0
221.95	0
172.47	0
174.84	0
175.51	0
175.56	0
176.51	0
178.95	0
183.04	0
185.25	0
68.33	0
84.62	0
91.94	0
94.30	0
94.52	0
97.44	0
99.90	0
103.75	1
162.01	1
170.10	0
171.69	0
176.79	0
184.03	0
190.72	0
208.26	0
209.58	0
230.46	0
251.12	0
251.54	0
251.78	0
254.14	0
255.04	0
255.44	0
255.53	0
250.75	0
252.92	0
258.07	0
260.02	0
264.45	0
267.05	0
267.33	0
269.60	0
231.02	0
239.58	0
240.88	0
241.02	0
242.99	0
243.59	0
244.17	0
246.35	0
86.62	0
130.31	1
143.25	1
143.83	1
146.74	1
154.53	0
154.59	0
159.56	1
36.59	1
56.29	1
82.95	0
99.57	0
108.26	0
132.85	0
155.41	0
170.68	0
84.81	1
99.86	0
103.04	0
103.10	0
107.46	0
108.21	0
108.43	0
109.16	0
187.32	1
207.30	0
213.56	1
242.36	0
250.58	0
257.58	0
257.83	0
258.43	0
19.79	1
92.66	0
132.65	1
149.41	0
158.59	0
175.14	0
176.71	0
181.28	0
266.78	0
273.48	0
274.74	0
275.77	0
276.30	0
280.32	0
282.49	0
285.13	0
128.72	0
129.99	0
130.21	0
131.67	0
132.69	0
135.26	0
135.79	0
138.31	0
15.91	1
17.67	1
27.08	1
41.63	1
49.80	0
53.08	0
61.40	1
71.47	0
3.50	1
3.84	1
4.94	1
5.31	1
5.95	1
7.22	1
9.75	1
11.31	1
139.95	0
163.36	0
166.10	0
171.74	0
181.14	0
195.33	0
208.03	0
220.72	0
161.09	0
198.49	0
202.17	0
255.99	0
262.80	0
263.26	0
266.60	0
268.94	0
137.26	0
152.94	0
158.96	0
168.88	1
171.17	0
174.10	0
176.69	0
176.70	1
113.81	1
161.71	0
175.94	0
183.28	0
183.78	0
186.41	0
186.48	0
189.71	0
164.57	0
184.23	0
199.96	0
202.15	0
204.44	0
209.80	0
211.87	0
213.39	0
212.87	0
216.18	0
218.56	0
224.52	0
226.68	0
236.21	0
239.26	0
240.38	0
112.62	0
118.51	0
119.09	0
119.66	0
122.26	0
126.30	1
129.31	0
132.06	0
152.24	0
157.97	0
173.92	0
178.19	0
186.25	0
190.17	0
191.56	0
193.33	0
86.79	1
92.78	1
95.88	0
97.66	0
102.37	0
104.11	0
105.39	0
105.99	0
108.90	0
119.16	0
123.88	0
127.52	0
127.52	0
131.28	0
132.24	0
132.71	0
115.98	0
120.44	0
121.38	0
122.06	0
124.43	0
124.75	0
129.72	0
131.33	0
33.14	1
38.11	1
39.17	1
40.92	1
49.19	1
72.53	0
73.52	0
84.90	0
2.84	1
3.42	1
4.22	1
4.33	1
4.72	1
6.17	1
6.22	1
6.71	1
57.11	0
98.13	0
121.23	0
121.25	0
127.01	0
129.37	0
135.54	0
136.01	0
110.17	0
139.86	0
151.77	0
178.34	0
196.35	0
199.43	0
203.11	0
205.71	0
22.60	1
54.94	1
72.95	1
97.06	1
97.26	1
102.91	1
110.71	0
125.54	0
1.24	1
1.76	1
5.34	1
5.71	1
7.86	1
8.13	1
8.42	1
109.97	0
1.44	1
1.64	1
4.05	1
4.46	1
4.91	1
6.35	1
9.50	1
71.66	1
198.79	0
207.78	0
216.99	0
224.65	0
225.98	0
226.33	0
226.36	0
228.06	0
26.81	1
37.17	1
70.66	0
73.60	0
74.84	0
76.09	0
77.10	0
77.65	0
1.21	1
2.35	1
4.08	1
5.95	1
7.04	1
7.74	1
11.64	1
12.56	1
99.89	0
120.51	0
130.61	0
160.37	0
174.24	0
182.48	0
196.92	0
197.68	0
175.66	0
190.01	1
244.07	0
293.59	0
298.88	0
318.13	0
318.52	0
318.78	0
79.42	1
254.11	0
297.87	0
298.04	0
304.86	0
335.68	0
338.34	0
340.96	0
133.01	1
157.78	1
161.02	1
164.06	1
166.32	0
176.98	0
177.80	1
178.40	1
57.11	1
72.19	1
82.90	1
104.70	1
106.14	1
117.78	1
124.14	1
124.98	0
3.90	1
4.22	1
4.24	1
5.01	1
5.86	1
6.01	1
6.95	1
10.27	1
1.46	1
1.61	1
1.76	1
3.10	1
3.19	1
4.06	1
4.39	1
7.28	1
135.93	0
139.59	0
141.43	1
141.77	0
148.54	0
150.38	1
161.27	1
168.19	0
89.59	1
147.45	0
155.83	0
157.30	0
157.94	0
160.14	0
160.18	0
161.89	0
5.10	1
151.68	0
153.60	0
157.26	0
158.36	0
163.93	0
165.97	0
166.41	0
5.30	1
148.57	0
157.64	0
165.51	0
166.39	0
171.45	0
172.58	0
173.07	0
4.87	1
130.17	0
133.07	0
134.03	0
137.43	0
140.64	0
142.95	0
144.58	0
13.78	1
244.64	0
291.56	0
295.04	0
301.44	0
303.56	0
306.41	0
307.19	0
134.55	1
139.52	1
140.11	0
141.22	0
142.19	1
145.85	0
146.20	0
147.35	0
222.52	0
229.31	0
230.84	0
238.64	0
246.95	0
255.55	0
255.70	0
256.30	0
418.41	0
422.06	0
423.53	0
424.38	0
426.06	0
426.88	0
428.87	0
429.82	0
92.09	1
145.20	0
156.91	0
159.75	0
160.64	0
160.70	0
162.41	0
162.71	0
65.73	1
103.54	0
107.74	0
110.91	0
113.51	0
114.41	0
115.87	1
116.01	0
177.38	1
177.84	1
178.59	0
188.09	0
189.59	1
195.41	0
195.45	1
200.79	0
241.03	0
241.81	0
243.59	0
248.77	0
250.80	0
253.18	0
253.56	0
254.13	0
352.27	0
358.79	0
359.48	0
360.40	0
363.11	0
367.63	0
368.18	0
369.15	0
182.61	0
185.64	0
187.75	0
187.95	0
189.27	0
194.37	0
195.69	0
195.71	0
42.09	1
47.06	1
52.70	1
55.26	1
57.19	1
57.20	1
57.29	1
59.76	0
98.84	0
164.01	1
166.41	1
174.46	0
179.72	1
181.70	0
182.28	1
183.11	1
90.18	1
165.20	0
174.06	0
183.11	0
184.86	0
192.48	0
201.51	1
201.82	0
14.60	1
67.19	0
86.26	0
126.18	1
174.91	0
177.56	0
177.85	1
180.29	0
112.53	1
126.27	0
128.76	0
130.77	0
133.63	0
140.03	0
143.68	0
146.55	0
227.55	0
242.99	0
246.46	0
247.49	0
252.02	0
252.21	0
259.92	0
261.87	0
153.31	0
159.75	0
160.83	0
161.20	0
163.51	0
164.05	0
165.72	0
172.20	0
210.07	0
234.81	0
244.22	0
265.59	0
268.71	0
270.45	0
270.68	0
271.78	0
56.94	1
68.62	1
96.69	1
97.36	1
107.70	0
109.75	0
111.66	0
111.90	1
164.33	1
170.24	1
181.97	1
184.96	0
188.34	0
188.76	0
189.13	1
196.06	0
240.16	0
241.20	0
244.93	0
244.98	0
249.06	0
249.34	0
250.05	0
251.83	0
34.68	1
39.72	1
43.01	1
44.91	1
46.09	1
55.78	1
62.93	1
65.79	0
95.62	0
109.87	0
125.37	0
127.08	0
128.72	0
141.84	0
141.87	0
141.91	0
125.33	1
151.72	0
157.79	0
160.60	0
160.98	0
162.55	0
162.93	0
163.08	0
8.59	1
56.35	1
165.23	0
169.94	0
176.81	0
177.57	0
180.24	0
182.95	0
8.73	1
174.45	0
175.59	0
176.74	0
177.26	0
178.72	0
179.05	0
181.58	0
12.18	1
14.06	1
15.30	1
24.53	1
33.25	1
37.02	1
53.05	0
53.40	0
2.44	0
2.58	0
3.08	0
4.63	0
4.81	0
4.90	0
5.80	0
6.79	0
209.48	0
227.00	0
256.81	0
261.55	0
266.52	0
267.73	0
276.48	0
280.47	0
184.50	1
187.50	1
196.35	1
207.04	1
225.16	0
225.25	0
239.17	0
245.43	1
14.41	1
14.75	1
15.03	1
15.70	1
15.87	1
15.98	1
18.75	1
18.79	1
7.15	1
7.27	1
7.52	1
7.73	1
7.92	1
7.94	1
9.37	1
12.40	1
263.69	0
297.14	0
305.34	0
317.37	0
319.16	0
327.64	0
329.72	0
336.41	0
274.20	0
279.40	0
289.99	0
319.72	0
329.34	0
330.29	0
333.43	0
336.38	0
118.13	1
124.74	1
142.73	1
161.25	0
163.22	0
167.99	0
168.15	0
169.57	0
16.52	0
18.64	0
19.58	0
19.59	0
19.67	0
20.00	0
20.11	0
20.31	0
470.37	0
481.39	0
482.56	0
484.39	0
485.03	0
485.93	0
488.09	0
489.40	0
397.58	0
398.23	0
399.93	0
401.54	0
401.80	0
402.48	0
404.35	0
404.40	0
205.98	0
207.30	0
207.88	0
209.09	0
209.93	0
212.54	0
216.13	0
226.25	0
274.33	0
274.74	0
289.66	0
291.90	0
293.61	0
298.29	0
301.53	0
302.28	0
336.09	0
339.18	0
340.14	0
341.74	0
341.90	0
343.00	0
343.22	0
343.57	0
259.17	0
261.28	0
261.35	0
262.63	0
264.11	0
266.93	0
267.71	0
267.80	0
171.44	0
171.53	0
172.84	0
174.13	0
175.91	0
179.85	0
181.80	0
190.92	0
369.86	0
380.42	0
385.71	0
389.51	0
390.19	0
390.55	0
391.73	0
392.71	0
128.70	0
134.70	0
137.51	0
145.73	0
147.06	0
147.63	0
148.57	0
151.51	0
318.41	0
319.31	0
320.72	0
321.61	0
322.16	0
323.08	0
324.43	0
325.81	0
300.54	0
300.72	0
300.97	0
302.66	0
307.50	0
308.71	0
309.52	0
310.06	0
274.41	0
279.14	0
281.57	0
283.28	0
285.57	1
289.65	0
291.47	0
292.17	0
269.84	0
280.64	0
284.23	0
284.29	0
290.67	0
291.32	0
299.72	0
305.25	0
271.75	0
305.28	0
308.54	0
308.66	0
311.46	0
311.72	0
312.05	0
312.60	0
194.12	0
200.65	0
209.74	0
212.79	0
213.07	0
215.51	0
222.09	0
224.33	0
455.57	0
469.54	1
472.35	0
476.75	0
478.01	0
478.34	0
478.56	0
483.72	0
116.42	0
139.25	0
146.37	0
147.79	0
151.69	0
158.34	0
162.33	0
164.30	0
389.54	0
406.47	0
424.51	0
424.63	0
425.11	0
430.69	0
435.64	0
442.55	0
350.21	0
354.63	0
355.47	0
357.45	0
358.20	0
359.35	0
360.58	0
362.33	0
229.52	0
230.48	0
239.01	0
240.17	0
244.97	0
245.31	0
246.37	0
246.94	0
290.73	0
322.36	0
328.27	0
345.76	0
351.33	0
361.76	0
362.95	0
372.09	0
79.59	0
96.27	0
97.59	0
98.20	0
100.45	0
105.46	0
117.06	0
117.84	0
405.38	0
418.07	0
419.49	0
422.98	0
428.74	0
431.55	0
431.93	0
432.98	0
211.94	0
243.98	0
246.23	0
249.58	0
255.99	0
259.87	0
260.81	0
268.51	0
548.28	0
551.70	0
570.75	0
571.89	0
575.44	0
576.39	0
577.34	0
577.63	0
149.03	0
161.09	0
170.56	0
171.60	0
171.66	0
172.27	0
172.33	1
180.94	0
340.63	0
342.62	0
349.73	0
350.21	0
352.96	0
362.12	0
364.33	0
365.32	0
367.31	0
376.93	0
378.78	0
380.78	0
384.17	0
386.89	0
387.36	0
389.19	0
234.24	1
247.61	1
263.11	0
264.31	1
265.87	0
267.72	1
271.17	0
273.50	0
43.73	0
53.39	0
66.06	0
67.05	0
67.05	0
69.44	0
69.84	0
69.87	0
312.18	0
312.41	0
320.11	0
321.49	0
322.93	0
325.56	0
332.48	0
333.34	0
317.04	0
319.43	0
320.74	0
322.23	0
322.25	0
324.73	0
325.15	0
325.76	0
93.64	1
94.88	1
101.42	1
104.83	1
107.02	1
110.10	0
112.10	1
117.38	0
5.42	0
6.99	0
7.35	0
7.46	0
8.04	0
9.70	0
10.68	0
11.68	0
198.38	0
202.51	0
202.92	0
203.82	0
204.03	0
204.71	0
206.26	0
207.07	0
255.16	0
266.91	0
267.48	0
268.06	0
268.90	0
270.36	0
270.94	0
271.68	0
144.20	0
145.73	0
146.09	0
146.44	0
146.76	0
147.03	0
147.55	0
148.28	0
168.48	0
183.22	0
191.99	0
212.79	0
223.58	0
224.70	0
227.30	0
233.84	0
55.24	1
193.55	0
197.30	0
203.17	0
203.65	0
204.83	0
214.61	0
217.60	0
44.24	1
186.46	0
186.50	0
193.43	0
195.25	0
196.05	0
198.63	0
201.27	0
20.61	1
130.00	0
130.46	0
133.10	0
134.82	0
140.30	0
141.62	0
146.23	0
44.31	1
266.41	0
288.95	0
293.58	0
299.94	0
302.87	0
303.47	0
306.28	0
151.54	0
153.20	0
153.25	0
154.36	0
154.73	0
156.37	0
159.55	0
159.62	0
282.44	1
309.37	1
331.29	0
333.41	0
339.34	0
343.95	0
345.21	0
350.42	0
126.73	0
142.11	1
174.38	1
219.69	1
248.62	0
295.81	1
298.87	0
302.58	0
372.93	1
538.59	0
544.82	0
552.98	0
554.74	0
560.81	0
565.02	0
565.88	0
311.98	1
574.58	0
581.37	0
586.54	0
589.20	0
590.60	0
594.60	0
594.63	0
30.65	1
156.71	0
166.52	0
170.47	0
170.53	0
170.87	0
170.87	0
172.39	0
96.16	0
100.66	0
103.70	0
108.88	0
111.04	0
113.45	0
113.47	0
114.80	0
337.00	1
372.81	0
373.00	1
374.54	0
376.88	0
376.88	0
377.14	0
377.57	0
99.45	0
116.08	0
116.74	0
125.17	0
127.47	0
134.63	0
138.60	0
141.78	0
365.28	0
368.87	0
374.92	0
376.35	0
376.40	0
376.52	0
377.44	0
377.62	0
129.12	0
137.83	0
138.74	0
142.05	0
147.05	0
148.46	0
154.20	0
154.68	0
391.37	0
403.92	0
407.33	0
407.57	0
407.58	0
408.30	0
408.40	0
409.00	0
490.28	0
495.09	0
495.13	0
496.19	0
502.24	0
503.31	0
504.18	0
504.21	0
482.16	0
484.15	0
502.00	0
510.65	0
513.20	0
518.43	0
520.78	0
524.04	0
118.77	0
121.82	0
133.96	0
134.72	0
137.31	0
139.56	0
144.45	0
149.03	0
428.61	0
431.30	0
433.36	0
440.00	0
442.07	0
445.11	1
448.62	0
448.71	0
399.42	0
418.39	0
433.45	0
435.75	0
436.44	0
436.54	0
441.88	0
442.63	0
431.78	0
433.39	0
434.78	0
435.56	0
435.71	0
436.55	0
437.14	0
437.63	0
310.81	0
316.38	0
318.94	0
329.30	0
332.88	0
335.55	0
339.31	0
341.00	0
270.35	1
273.46	1
277.64	1
285.85	0
286.20	1
288.51	1
289.61	0
289.88	1
10.02	1
11.31	1
11.41	1
12.10	1
13.47	1
15.48	1
16.01	1
16.08	1
71.46	1
112.68	0
113.47	0
113.78	0
116.56	0
118.27	0
122.37	0
122.67	0
148.11	0
148.94	0
149.66	0
156.57	0
156.73	0
157.56	0
162.05	0
163.63	0
150.93	0
151.38	0
153.65	0
158.07	0
160.48	0
160.55	0
161.46	0
161.58	0
143.83	0
144.41	0
145.93	0
146.57	0
150.83	0
152.02	0
157.08	0
157.43	0
141.26	0
142.95	0
146.05	0
153.60	0
155.47	0
158.66	0
161.37	0
162.61	0
185.91	0
194.17	0
197.04	0
199.80	0
203.01	0
203.38	0
205.68	0
206.42	0
73.13	0
79.14	0
82.37	1
84.65	0
87.32	0
87.50	0
88.59	1
88.60	1
123.00	0
124.16	0
127.16	0
127.68	0
132.50	0
134.20	0
136.01	0
138.40	0
131.35	0
132.80	0
133.13	0
134.70	0
136.19	0
136.22	0
136.40	0
139.35	0
95.96	0
99.61	0
109.35	0
110.71	0
111.38	0
112.72	0
114.35	0
114.79	0
134.46	0
139.01	0
145.44	0
147.03	0
148.95	0
152.40	0
153.13	0
153.20	0
113.93	0
114.15	0
115.15	0
115.37	0
118.32	0
125.76	0
131.61	0
133.54	0
72.16	0
78.17	0
78.90	0
84.96	0
85.77	0
85.87	0
87.97	1
89.43	0
128.37	0
128.86	0
130.04	0
133.32	0
133.70	0
134.96	0
136.94	0
142.25	0
96.18	0
98.79	0
98.90	0
99.38	0
106.49	1
109.00	0
117.52	0
118.03	0
97.31	0
105.42	0
107.10	0
107.53	0
107.96	0
108.81	0
115.68	0
116.06	0
89.23	0
90.14	0
91.65	0
94.69	0
95.38	0
97.74	0
103.73	0
111.02	0
84.95	0
95.81	0
96.98	0
98.48	0
100.42	0
101.15	0
102.46	0
103.21	0
89.96	0
98.28	0
99.36	0
99.43	0
104.25	0
105.62	0
107.32	0
110.98	0
94.16	0
99.54	0
100.11	0
101.61	0
104.72	0
106.22	0
107.99	0
112.19	0
214.44	0
219.81	0
223.50	0
223.63	0
224.56	0
226.99	0
227.40	0
227.52	0
219.63	0
219.97	0
222.74	0
240.24	0
250.55	0
252.61	0
254.38	0
254.54	0
82.36	1
86.34	1
89.17	1
90.92	1
96.10	1
98.27	1
102.05	1
108.17	0
21.35	1
22.92	1
24.17	1
24.53	1
24.63	1
25.23	1
26.21	1
27.74	1
184.57	0
188.10	0
192.98	0
195.20	0
202.77	0
206.82	0
206.97	0
212.57	0
166.03	0
167.15	0
168.01	0
169.62	0
170.56	0
170.81	0
172.33	0
174.20	0
184.36	0
188.94	0
196.67	0
199.52	0
201.66	0
202.34	0
206.35	0
206.62	0
88.69	0
93.49	0
94.52	0
94.83	0
96.26	0
97.49	0
99.13	0
99.82	0
19.44	1
21.54	1
47.50	0
49.85	0
55.10	0
59.27	0
60.69	1
62.79	0
138.85	0
139.06	0
141.87	0
142.95	0
145.36	0
145.89	0
147.61	0
153.36	0
113.20	0
114.62	0
117.63	0
117.80	0
119.13	0
120.27	0
122.55	0
122.65	0
154.63	0
154.91	0
155.78	0
156.54	0
160.46	0
163.03	0
165.00	0
165.91	0
92.75	0
93.42	0
98.24	0
98.48	0
101.07	0
105.78	0
106.19	0
109.76	0
175.05	0
176.13	0
177.07	0
178.66	0
184.74	0
184.89	0
188.83	0
195.16	0
68.08	0
70.83	0
75.22	1
76.35	0
78.58	0
78.78	0
81.06	0
82.92	0
153.24	0
159.79	0
161.25	0
161.60	0
161.66	0
162.00	0
162.09	0
166.79	0
124.39	0
124.42	0
124.62	0
126.05	0
128.45	0
128.52	0
131.79	0
137.54	0
92.27	0
94.50	0
95.28	0
97.59	0
97.72	0
99.21	0
102.37	0
108.92	0
15.80	1
16.99	1
48.78	0
49.51	0
54.61	0
58.49	0
60.06	1
67.32	0
154.96	0
157.27	0
157.47	0
158.53	0
161.93	0
163.74	0
166.80	0
168.08	0
117.64	0
119.46	0
122.61	0
123.26	0
123.57	0
126.12	0
130.52	0
132.21	0
157.75	0
158.57	0
159.54	0
160.50	0
162.45	0
163.66	0
167.59	0
168.04	0
121.37	0
132.42	0
134.35	0
137.10	0
138.03	0
141.16	0
142.01	0
143.18	0
97.32	1
99.68	1
109.65	0
113.01	0
114.51	0
114.54	0
123.98	0
125.92	0
172.91	0
173.06	0
173.45	0
173.68	0
174.44	0
175.24	0
178.00	0
186.33	0
146.65	0
147.23	0
153.58	0
153.82	0
158.59	0
160.85	0
164.32	0
165.10	0
79.55	0
83.71	0
84.42	0
85.35	0
86.12	0
91.03	0
92.38	0
103.43	0
147.35	0
148.77	0
150.28	0
151.21	0
151.28	0
155.70	0
158.22	0
174.00	0
98.87	0
99.37	0
106.86	0
109.15	0
115.57	0
116.60	0
121.09	0
125.52	0
225.80	0
227.55	0
229.76	0
232.23	0
234.66	0
235.17	0
235.33	0
240.63	0
147.16	0
150.66	0
151.08	0
152.49	0
171.88	0
181.46	0
183.21	0
183.28	0
426.51	0
431.80	0
432.65	0
436.23	0
436.65	0
438.14	0
438.73	0
439.47	0
219.62	0
220.83	0
222.01	0
222.36	0
222.75	0
223.71	0
226.60	0
226.61	0
369.25	0
372.14	0
373.75	0
375.36	0
377.07	0
377.64	0
378.64	0
379.18	0
679.48	0
684.33	0
687.81	0
691.32	0
693.63	0
693.86	0
694.19	0
696.05	0
162.34	0
163.18	0
167.06	0
168.10	0
168.40	0
168.79	0
171.79	0
173.69	0
53.21	0
57.12	0
60.69	0
60.90	0
62.78	0
64.45	0
68.74	0
82.17	0
20.48	1
20.51	1
23.18	1
24.17	1
37.69	1
49.32	0
51.42	0
61.35	1
22.00	1
22.03	1
24.70	1
26.54	1
39.82	1
49.61	0
50.81	0
63.80	1
135.96	0
140.28	0
140.35	0
142.55	0
147.14	0
147.18	0
149.54	0
161.33	0
341.05	0
345.19	0
349.75	0
351.85	0
354.77	0
355.98	0
356.43	0
357.73	0
493.82	1
510.54	0
510.91	1
513.13	0
514.17	1
514.32	1
514.33	0
514.73	0
287.36	0
291.32	0
291.98	0
293.37	0
294.80	0
295.14	0
296.19	0
296.25	0
140.04	0
143.80	0
148.01	0
149.26	0
168.35	0
171.56	0
177.46	0
179.04	0
434.51	0
438.43	0
438.96	0
441.26	0
441.39	0
443.25	0
445.06	0
445.30	0
213.62	0
214.75	0
217.51	0
218.92	0
220.98	0
222.04	0
222.88	0
223.11	0
441.20	0
451.75	0
453.73	0
454.19	0
454.30	0
457.67	0
458.11	0
461.73	0
642.39	0
654.46	0
715.27	0
715.41	0
715.63	0
716.88	0
722.44	0
723.62	0
166.55	0
173.24	0
174.88	0
177.48	0
179.45	0
179.81	0
187.75	0
188.59	0
92.34	1
97.18	0
98.55	1
101.85	0
102.55	0
102.58	0
110.21	0
112.86	0
19.54	1
24.06	1
130.50	0
139.29	0
140.39	0
141.35	0
143.54	0
143.64	0
32.11	1
35.17	1
135.88	0
137.16	0
138.65	0
144.63	0
147.97	0
149.20	0
100.34	0
102.45	0
103.78	0
106.82	0
107.95	0
108.83	0
108.97	1
109.78	0
144.60	0
145.31	0
145.54	0
147.65	0
149.24	0
152.99	0
153.19	0
156.61	0
236.90	0
237.84	0
239.75	0
240.27	0
244.20	0
246.48	0
246.77	0
248.76	0
37.95	1
61.99	0
77.92	0
78.52	0
78.60	0
79.68	0
82.50	0
85.57	0
23.90	1
26.97	1
28.22	1
33.42	1
44.67	1
57.57	0
58.25	0
68.52	1
51.12	1
62.94	1
67.95	0
67.97	0
68.91	0
72.13	0
74.98	0
80.90	0
201.83	0
202.68	0
206.41	0
208.20	0
208.37	0
208.42	0
208.54	0
212.71	0
32.69	1
34.34	1
37.54	1
39.80	1
42.24	1
48.94	1
52.01	1
53.86	1
97.22	0
97.41	0
113.29	0
113.61	0
119.68	0
121.63	0
121.99	0
122.00	0
103.71	1
118.58	1
169.62	0
172.41	0
172.70	0
173.80	0
179.85	0
183.76	0
35.49	1
35.75	1
36.10	1
36.53	1
36.71	1
36.96	1
37.74	1
38.20	1
195.00	0
199.91	0
200.78	0
200.90	0
204.04	0
211.39	0
212.95	0
213.54	0
158.26	0
160.55	0
164.85	0
165.24	0
169.13	0
169.54	0
171.59	0
176.02	0
78.95	1
84.27	1
89.27	0
91.99	0
95.19	0
95.26	0
96.50	0
97.01	0
132.22	0
135.87	0
137.45	0
138.30	0
138.51	0
141.56	0
143.14	0
144.58	0
114.35	0
114.80	0
115.37	0
116.37	0
118.12	0
119.05	0
134.13	0
137.06	0
188.14	0
191.16	0
192.48	0
196.92	0
197.19	0
203.45	0
203.78	0
203.99	0
134.51	0
140.25	0
140.26	0
142.78	0
143.22	0
145.52	0
147.01	0
148.14	0
234.19	0
234.23	0
236.70	0
237.15	0
237.28	0
243.03	0
243.28	0
243.97	0
87.17	1
92.27	1
98.68	1
111.42	1
114.84	0
117.64	0
117.78	0
121.63	1
88.95	1
89.90	0
93.02	0
93.61	1
97.75	0
98.54	0
99.46	0
100.78	0
18.95	1
21.22	1
128.28	0
137.83	0
140.64	0
141.13	0
141.55	0
141.84	0
29.25	1
29.40	1
127.36	0
128.32	0
130.79	0
139.93	0
141.94	0
142.91	0
43.96	1
44.79	1
44.94	1
45.55	1
45.63	1
45.66	1
46.01	1
47.44	1
261.50	0
262.21	0
264.91	0
265.66	0
269.07	0
270.90	0
271.59	0
272.32	0
136.97	0
160.28	0
162.70	0
164.99	0
168.15	0
170.02	0
170.04	0
171.37	0
285.49	0
290.98	0
297.44	0
301.75	0
312.83	0
317.04	0
318.63	0
322.25	0
267.44	0
282.14	0
283.53	0
298.12	0
298.41	0
298.45	0
302.83	0
306.55	0
230.68	0
248.70	0
266.73	0
267.43	0
269.46	0
269.51	0
271.62	0
274.35	0
282.95	0
328.77	0
331.31	0
331.96	0
332.31	0
335.27	0
337.39	0
339.85	0
193.03	0
195.01	0
195.73	0
197.87	1
198.32	0
201.37	0
201.94	0
202.00	0
302.72	0
343.65	0
370.27	0
372.64	0
373.93	0
377.88	0
380.66	0
381.94	0
199.89	0
213.79	0
214.45	0
215.70	0
217.76	0
217.84	0
220.83	0
222.62	0
263.11	0
266.06	0
275.72	0
276.48	0
280.85	0
282.57	0
284.36	0
285.02	0
381.19	0
387.06	0
390.33	0
391.53	0
391.60	0
396.94	0
398.01	0
398.11	0
156.40	0
157.38	0
181.11	1
201.78	1
297.57	0
303.39	0
304.90	0
308.34	0
462.96	0
466.24	0
479.46	0
480.21	0
480.88	0
482.17	0
483.07	0
484.86	0
204.54	1
210.52	0
213.65	0
214.99	0
218.01	0
218.09	0
220.14	0
225.08	0
252.61	0
259.73	0
281.11	0
282.43	0
284.33	0
292.55	0
293.10	0
293.20	0
343.09	0
349.00	0
350.81	0
361.39	0
370.31	0
370.61	0
372.54	0
380.36	0
449.54	0
453.59	0
458.92	0
461.60	0
462.91	0
463.64	0
464.91	0
465.52	0
407.55	0
409.28	0
414.65	0
418.71	0
424.37	0
426.27	0
426.44	0
427.80	0
165.30	0
168.16	0
168.25	0
176.24	0
180.11	0
182.17	0
182.63	0
187.30	0
292.55	0
302.11	0
312.70	0
320.87	0
324.19	0
330.90	0
333.06	0
335.26	0
142.49	0
147.49	0
157.78	0
159.53	0
163.78	0
165.11	0
165.83	0
166.56	0
309.82	0
311.77	0
316.81	0
318.17	0
319.01	0
319.64	0
322.50	0
322.87	0
161.04	1
162.87	0
170.98	1
173.95	1
174.78	1
175.92	0
180.34	1
181.34	0
187.14	1
208.82	1
213.51	1
216.82	0
219.65	1
220.08	1
223.12	0
226.07	1
110.56	0
159.87	0
169.94	0
189.15	0
195.18	0
198.28	0
205.34	0
208.08	0
290.96	0
291.92	0
295.11	0
299.84	0
300.05	0
301.29	0
301.45	0
303.84	0
249.50	0
251.79	0
257.82	0
265.01	0
272.72	0
274.27	0
275.96	0
281.46	0
173.53	0
197.00	0
199.34	0
205.07	0
206.51	0
208.00	1
216.45	0
221.02	0
201.34	0
220.84	0
225.43	0
245.97	0
251.88	0
254.13	0
256.39	0
258.03	0
214.13	0
216.05	0
221.12	0
222.62	0
222.82	0
223.25	0
223.80	0
224.74	0
92.96	0
93.98	0
94.99	0
95.85	1
100.28	0
103.75	0
106.32	0
107.90	0
197.40	0
200.35	0
200.97	0
204.05	0
205.08	0
205.63	0
205.65	0
205.99	0
189.93	0
193.53	0
199.99	0
202.22	0
204.47	0
210.52	0
211.92	0
213.71	0
186.35	0
191.96	0
197.76	0
198.63	0
199.15	0
201.19	0
201.38	0
205.52	0
457.02	0
459.44	0
462.72	0
464.32	0
464.72	0
465.39	0
465.47	0
465.69	0
470.73	0
486.03	0
487.33	0
490.82	0
492.33	0
493.26	0
493.40	0
495.60	0
90.73	1
99.75	1
104.60	1
105.54	1
106.78	1
118.18	1
137.98	0
139.24	0
107.61	1
107.82	1
109.02	0
109.44	0
110.25	0
122.38	1
123.30	0
123.36	0
202.21	0
210.33	0
213.14	0
217.76	0
220.08	0
222.46	0
224.60	0
225.86	0
231.60	0
232.42	0
233.77	0
239.32	0
245.09	0
246.53	0
250.36	0
250.97	0
39.63	1
53.26	0
65.87	1
67.04	0
91.14	0
94.47	0
97.13	0
97.48	0
228.59	0
240.14	0
240.34	0
245.75	0
249.94	0
250.42	0
251.55	0
252.16	0
397.55	0
403.73	0
405.42	0
410.72	0
412.40	0
415.67	0
419.03	0
420.47	0
210.92	0
216.77	0
217.93	0
218.06	0
221.67	0
222.36	0
223.07	0
225.35	0
251.49	0
274.20	0
276.98	0
277.09	0
278.42	0
278.72	0
285.41	0
289.94	0
206.66	1
398.20	0
398.76	0
401.51	0
401.64	0
401.91	0
406.11	0
408.72	0
66.18	0
82.72	0
117.38	0
127.71	0
128.16	0
128.22	0
128.81	0
129.25	0
50.03	1
67.11	1
97.56	0
98.22	0
98.49	1
100.85	0
101.07	0
105.18	0
64.43	0
77.52	1
94.33	1
156.64	0
165.37	1
166.51	0
168.60	0
177.15	0
14.41	1
16.99	1
57.42	0
74.88	0
106.73	1
116.28	0
157.77	1
158.31	0
172.02	0
183.99	0
185.02	0
190.15	0
190.30	0
190.34	0
190.52	0
192.61	0
208.60	0
212.44	0
222.87	0
233.97	0
236.19	0
237.07	0
241.01	0
245.98	0
216.68	0
222.03	0
234.27	0
238.34	0
238.53	0
241.17	0
243.31	0
248.27	0
61.16	1
85.03	1
98.34	0
108.74	0
109.01	1
112.87	0
113.65	0
114.96	0
42.95	1
47.18	1
63.46	1
73.42	1
91.89	1
96.17	1
98.48	1
99.44	1
6.69	1
7.98	1
8.74	1
8.77	1
9.93	1
10.12	1
10.36	1
10.50	1
4.76	1
5.10	1
5.20	1
5.60	1
5.60	1
6.01	1
6.02	1
6.64	1
80.99	1
84.64	1
93.36	0
93.44	0
98.66	1
104.09	0
116.41	0
117.07	0
157.13	1
161.10	1
170.20	0
174.10	0
176.34	0
177.35	0
177.58	0
178.61	0
171.48	0
179.09	0
179.78	0
180.17	0
186.36	0
198.84	0
201.35	0
204.95	0
295.95	0
301.60	0
308.99	0
309.62	0
319.19	0
324.40	0
327.47	0
331.02	0
198.40	0
198.67	1
204.95	0
214.66	0
219.47	0
221.52	0
226.45	0
226.59	0
15.86	1
149.33	0
149.45	0
151.37	0
152.57	0
155.52	0
157.50	0
157.90	0
106.07	0
107.05	1
112.45	0
112.98	0
112.98	0
125.25	0
136.63	0
140.96	0
118.42	1
125.20	1
125.88	1
136.22	1
138.37	0
150.42	0
151.56	1
151.67	1
113.94	0
139.94	0
142.43	0
150.22	0
150.71	0
151.28	0
151.78	0
152.44	0
98.29	1
112.04	0
119.81	0
119.94	0
120.93	1
125.84	0
126.42	0
127.91	1
95.28	0
121.56	1
129.29	0
135.38	0
153.62	0
158.11	0
161.28	0
161.98	0
234.81	0
258.04	0
261.79	0
264.51	0
265.33	0
266.39	0
266.83	0
268.38	0
201.39	0
204.44	0
205.39	1
208.67	0
211.69	0
218.91	1
219.76	1
221.52	0
278.47	1
287.27	0
301.42	0
306.93	0
318.55	0
322.98	0
350.21	0
353.02	0
102.08	0
149.60	0
167.19	1
169.58	0
186.47	0
189.94	0
202.94	0
208.54	1
216.09	0
218.31	0
222.85	0
223.97	0
227.94	0
229.77	0
229.90	0
231.26	0
138.60	1
173.60	0
175.23	0
176.91	0
177.24	0
180.32	0
180.92	0
181.73	0
100.06	0
132.38	0
134.90	0
140.33	0
141.79	0
142.45	0
147.06	0
150.52	0
182.94	0
199.99	0
200.89	0
201.75	0
202.09	0
202.46	0
202.56	0
204.40	0
97.13	0
111.35	0
112.52	0
112.53	0
114.79	0
116.69	0
117.86	0
127.32	0
126.03	0
126.38	0
130.99	0
132.19	0
132.21	0
132.67	0
133.24	0
135.67	0
126.16	1
142.12	1
144.85	0
146.21	1
150.21	1
156.44	1
156.88	1
160.49	0
185.61	0
198.18	0
198.47	0
201.73	0
206.95	0
210.39	0
210.89	0
211.10	0
26.97	1
30.87	1
31.27	1
37.60	1
37.75	1
40.28	1
43.22	1
44.31	1
68.64	1
105.34	1
113.55	0
129.23	1
155.40	1
179.03	0
186.18	0
186.95	0
11.74	1
11.78	1
15.63	1
68.69	0
91.41	0
101.27	1
115.80	0
153.39	1
161.46	0
180.36	0
181.08	1
208.86	0
222.96	0
225.94	0
226.78	0
227.66	0
76.82	1
96.64	0
105.86	0
120.07	0
124.17	0
124.22	1
134.51	1
149.38	0
48.20	1
128.28	0
130.73	1
141.13	0
143.07	0
145.92	0
148.30	0
158.51	0
115.55	0
124.19	0
126.82	0
131.03	0
132.96	0
133.84	0
134.00	0
140.06	0
123.90	0
156.28	0
165.25	0
171.20	0
176.11	0
176.12	1
177.30	0
178.81	0
192.29	0
194.25	0
194.58	0
199.04	0
199.91	0
200.18	0
200.50	0
201.55	0
114.04	0
123.42	0
130.05	0
131.01	0
135.03	0
138.99	0
143.70	0
145.22	0
21.17	1
59.52	1
101.73	1
103.36	1
108.45	1
113.44	0
114.19	0
116.66	0
84.06	1
89.88	0
130.57	0
139.29	0
140.09	0
141.98	0
142.11	0
142.69	0
85.94	0
102.76	0
105.21	0
109.47	0
109.61	0
109.80	0
110.17	0
110.82	0
96.37	0
108.99	0
117.42	0
119.43	0
119.61	0
121.39	0
121.47	0
122.84	0
195.97	0
236.95	0
237.49	0
246.83	0
247.21	0
255.23	0
261.76	0
267.24	0
39.90	1
42.81	1
44.75	1
48.31	1
50.27	1
53.49	1
64.52	1
71.21	0
2.61	1
2.88	0
3.61	1
3.80	1
4.34	1
5.31	1
5.32	1
5.35	1
60.16	1
74.01	0
74.15	1
146.94	0
148.47	0
149.33	0
155.62	0
157.32	0
204.94	0
229.29	0
242.47	0
242.52	0
252.40	0
253.77	0
257.17	0
257.49	0
157.70	0
176.46	0
178.14	0
178.29	0
179.98	0
184.58	0
185.48	0
185.58	0
46.69	1
56.40	1
67.15	1
87.43	1
92.77	1
97.84	1
107.85	1
123.37	1
2.12	1
2.43	1
3.35	1
4.33	1
4.52	1
4.58	1
6.59	1
7.31	1
2.02	1
2.54	1
3.27	1
3.52	1
3.97	1
4.53	1
4.61	1
5.76	1
210.74	0
210.84	0
212.88	0
215.54	0
217.17	0
218.46	0
219.37	0
220.96	0
95.24	0
114.17	0
115.03	0
115.20	0
118.49	0
118.78	0
120.58	0
120.63	0
101.83	0
125.99	0
131.83	1
132.97	1
133.81	0
140.73	1
141.41	1
145.27	1
259.77	0
271.55	0
281.20	0
282.32	0
283.77	0
284.71	0
285.48	0
285.61	0
69.73	1
76.03	1
81.71	1
92.61	0
98.50	0
99.67	0
104.47	0
104.76	0
1.70	1
1.78	1
1.89	1
4.09	1
5.69	1
5.70	1
6.30	1
8.02	0
140.44	0
147.69	0
148.85	1
150.55	0
150.83	0
173.17	1
182.12	1
182.53	0
181.10	0
181.39	0
182.32	0
183.37	0
183.66	0
184.05	0
185.27	0
186.08	0
71.44	1
79.90	1
82.96	1
85.71	1
85.87	1
87.71	1
88.30	1
90.44	1
86.73	1
100.09	1
101.40	1
103.22	1
107.72	0
112.52	0
117.61	0
127.34	1
197.21	0
199.32	0
199.74	0
200.89	0
203.54	0
206.13	0
207.01	0
208.01	0
177.98	0
180.84	0
181.45	0
182.00	0
182.19	0
184.72	0
186.84	0
186.95	0
171.31	0
176.77	0
178.12	0
179.35	0
180.90	0
183.52	0
185.66	0
187.08	0
124.72	0
126.20	0
131.86	0
134.50	0
135.21	0
138.11	0
139.51	0
141.22	0
34.75	1
36.10	1
46.66	1
53.37	1
54.37	1
65.41	1
66.10	1
66.34	1
2.27	1
2.75	1
2.83	1
3.49	1
3.87	1
4.04	1
4.58	1
5.34	1
1.28	1
2.02	1
2.27	1
2.47	1
2.52	1
2.68	1
3.58	1
3.60	1
64.70	1
115.52	1
121.53	1
133.03	1
142.11	1
142.90	0
147.02	0
148.16	1
117.17	0
126.65	0
152.97	0
158.06	0
164.68	0
165.87	0
167.15	0
178.18	0
43.18	0
73.34	0
83.90	1
84.71	0
94.92	0
99.16	0
111.05	1
112.82	0
171.70	0
177.74	0
190.10	1
200.37	1
203.84	1
204.04	0
206.97	0
211.21	1
137.41	0
151.11	0
174.71	1
177.83	0
178.06	0
183.84	0
184.22	0
188.80	0
26.93	1
30.82	1
37.30	0
43.57	1
45.67	0
53.41	0
57.92	0
63.42	0
117.89	0
131.88	0
179.96	0
193.14	0
194.52	0
195.50	0
200.31	0
200.53	0
248.88	0
249.52	0
249.90	0
250.24	0
250.26	0
250.79	0
251.78	0
252.06	0
14.49	1
21.47	1
22.34	1
22.35	1
22.97	1
26.57	1
33.71	1
37.54	1
29.25	1
128.61	0
129.48	1
130.79	1
153.20	0
158.26	0
163.51	1
165.38	1
2.12	1
19.15	1
56.64	0
65.13	0
69.76	0
74.54	0
82.66	1
139.78	1
12.23	1
263.19	0
279.11	0
279.28	0
285.43	0
287.84	0
289.94	0
292.77	0
4.40	1
207.07	1
303.51	1
382.02	0
385.51	0
385.65	0
385.88	0
387.77	0
1.22	1
30.32	1
68.18	0
128.41	0
129.68	0
131.74	0
132.87	0
133.03	0
8.44	1
72.37	0
79.32	0
90.44	0
94.11	0
94.15	0
94.26	0
97.01	0
6.94	1
37.88	1
55.78	1
71.15	0
114.99	0
125.55	0
128.98	0
144.08	0
7.71	1
11.58	1
12.45	1
18.25	1
23.82	1
33.47	1
40.27	1
41.20	1
1.84	0
2.42	1
2.69	1
2.70	1
3.09	1
3.11	1
3.32	1
3.63	1
118.38	0
123.96	0
130.83	1
139.00	0
141.99	0
143.37	0
143.63	1
150.09	1
199.20	0
203.32	0
210.56	0
210.97	0
211.26	0
211.55	0
214.48	0
215.05	0
180.90	0
200.54	0
251.03	0
254.53	0
260.12	0
268.54	0
273.40	0
275.23	0
85.72	0
89.20	1
108.52	1
112.02	1
112.34	1
156.43	0
157.88	0
169.47	0
9.63	1
10.86	1
12.47	1
13.09	1
66.69	0
67.17	0
90.13	0
108.03	0
119.61	0
122.91	0
129.64	0
130.44	0
131.31	0
134.24	0
134.88	0
135.56	0
112.69	0
119.26	0
122.80	0
130.05	0
133.20	0
134.53	0
136.31	0
138.77	0
97.81	0
101.06	0
114.53	0
115.08	0
116.02	0
116.11	0
116.30	0
118.83	0
61.40	0
61.78	0
64.85	0
66.00	0
66.94	0
71.83	0
72.98	1
73.24	0
136.82	0
196.05	0
197.36	1
201.72	0
208.46	1
214.90	0
222.72	0
225.38	0
94.19	1
104.40	1
105.00	1
109.43	0
114.18	0
114.64	1
120.93	0
122.13	0
204.91	0
236.83	0
243.89	0
252.96	0
256.87	0
264.73	0
267.20	0
268.05	0
111.95	1
206.41	0
216.12	0
221.36	0
241.91	0
241.93	0
243.52	0
243.77	0
9.11	1
139.17	1
174.25	0
177.16	0
177.39	0
177.72	0
183.05	0
183.06	0
216.23	0
243.50	0
248.74	0
257.17	0
260.04	0
264.73	0
264.93	0
266.56	0
93.77	1
98.00	0
108.95	0
131.97	0
154.86	0
166.48	0
167.05	0
168.45	0
10.79	1
88.90	0
116.36	0
118.23	0
118.67	0
119.23	0
119.38	0
122.69	0
18.33	1
20.45	1
20.58	1
21.62	1
25.57	1
26.40	1
29.23	1
44.63	1
2.63	1
2.73	1
3.17	0
3.30	1
3.32	1
4.50	1
4.60	1
5.37	1
23.02	1
51.22	1
73.15	0
77.32	1
148.68	0
152.42	0
152.47	0
152.53	0
136.20	1
146.50	1
165.90	0
187.08	1
187.78	1
188.01	1
189.46	1
191.10	1
105.16	0
110.51	0
121.55	0
126.49	1
126.59	1
127.57	0
131.64	0
132.66	1
195.06	0
197.54	0
198.67	0
199.98	0
204.61	0
205.37	0
206.06	0
206.09	0
161.72	0
168.50	0
169.24	0
173.98	0
175.28	0
177.54	0
178.86	0
183.00	0
52.18	1
53.03	1
57.87	1
69.22	1
74.45	0
78.29	0
79.52	0
80.52	1
32.93	1
35.47	1
41.32	1
49.14	1
58.96	1
61.55	1
64.58	1
66.54	1
1.78	1
2.08	1
2.08	1
2.14	1
2.52	1
4.26	1
4.28	1
4.77	1
1.22	1
1.46	1
1.96	1
2.05	1
2.63	1
2.96	1
3.00	1
3.40	1
32.07	1
43.25	1
50.51	1
71.77	1
73.55	0
75.90	0
77.57	0
77.74	0
1.04	1
1.26	1
1.76	1
2.53	1
5.29	1
6.19	1
6.27	1
6.87	1
177.19	0
181.75	0
204.02	0
212.53	0
212.96	0
212.96	0
214.97	0
228.57	0
59.99	0
109.69	0
114.17	0
114.51	0
115.14	0
116.41	0
117.25	0
117.67	0
123.04	1
123.32	0
187.35	0
188.37	0
191.85	0
193.96	0
195.58	0
196.41	0
151.65	1
165.79	0
171.43	0
177.50	0
181.56	1
193.23	0
197.30	0
198.68	0
232.23	0
235.01	0
235.33	0
235.44	0
238.00	0
239.74	0
240.38	0
240.52	0
65.77	0
82.57	0
82.76	0
82.99	1
83.86	0
85.13	0
85.66	1
88.16	0
154.08	0
163.02	0
174.16	0
191.39	0
195.42	0
196.73	0
199.83	0
204.80	0
63.68	1
73.56	1
73.98	1
76.66	1
78.64	1
78.77	1
83.32	1
84.47	1
101.04	1
110.91	1
113.09	1
115.34	1
130.74	0
143.32	1
148.53	0
151.73	0
92.39	1
92.88	1
145.43	0
147.00	0
173.48	0
187.73	0
196.64	0
203.88	0
111.97	1
115.24	0
116.00	0
119.01	0
129.15	0
129.85	0
130.57	0
134.36	0
200.71	0
203.65	0
204.31	0
210.04	0
212.09	0
212.61	0
215.18	0
215.74	0
340.49	0
343.84	0
344.96	0
347.42	0
349.32	0
352.61	0
353.60	0
354.10	0
223.21	0
234.18	0
234.73	0
241.44	0
246.85	0
247.15	0
250.46	0
250.58	0
48.02	1
59.06	0
60.33	1
64.11	1
75.28	0
87.16	0
88.54	1
94.37	0
315.38	0
321.75	0
324.27	0
327.20	0
328.03	0
328.30	0
329.12	0
329.57	0
514.58	0
518.61	0
519.02	0
519.23	0
519.57	0
522.69	0
523.01	0
523.70	0
55.03	1
77.49	1
79.27	0
83.85	0
87.32	0
91.09	0
91.46	0
92.32	0
275.16	0
276.85	0
279.08	0
280.20	0
285.39	0
286.39	0
286.96	0
289.23	0
503.04	0
506.92	0
510.25	0
510.31	0
511.53	0
512.86	0
512.97	0
513.21	0
104.28	1
108.23	1
115.49	1
116.32	1
117.17	1
118.44	1
118.64	1
121.53	1
117.67	0
121.46	0
123.35	0
146.42	0
154.52	0
157.98	0
158.51	0
167.38	0
73.39	1
81.69	1
84.83	1
98.85	1
99.04	1
108.64	0
108.84	1
110.15	0
75.84	0
91.57	0
93.76	0
100.96	0
104.24	0
104.93	0
105.03	0
108.49	0
120.42	1
128.89	1
133.75	1
147.72	0
148.81	1
150.06	1
153.17	1
155.42	0
254.47	0
256.64	0
265.16	0
267.80	0
269.12	0
270.51	0
270.62	0
271.04	0
178.69	0
194.36	0
194.96	0
196.62	0
200.54	0
200.88	0
200.88	0
203.02	0
25.54	1
25.63	1
26.23	1
26.61	1
29.82	1
30.10	1
33.51	1
35.85	1
3.83	1
4.27	1
4.84	1
5.78	0
6.31	1
6.87	1
7.01	1
7.39	1
93.13	1
126.70	1
145.26	0
150.11	0
160.05	0
162.23	0
176.41	0
178.89	0
79.36	0
85.66	0
114.70	0
119.02	0
123.91	0
124.55	0
129.96	0
132.64	1
48.81	1
77.98	1
109.39	1
139.16	0
150.12	0
154.00	0
158.98	0
160.11	0
235.26	0
253.16	0
255.16	0
260.76	0
264.66	0
265.64	0
268.73	0
272.65	0
176.22	1
225.05	0
231.16	0
232.77	0
233.30	0
235.23	0
236.57	0
236.85	0
139.97	0
140.46	0
143.81	0
144.54	1
148.58	0
149.75	0
152.14	0
154.89	0
173.58	1
223.32	0
233.77	0
237.27	0
250.08	0
251.02	0
260.80	0
260.85	0
143.30	0
220.19	0
233.46	0
238.50	0
240.88	0
242.24	0
243.08	0
246.84	0
166.84	1
171.14	0
176.92	1
178.24	1
181.82	1
182.00	1
184.28	0
188.18	1
273.28	0
275.68	0
290.42	0
292.99	0
293.02	0
294.74	0
295.71	1
297.08	0
223.71	0
264.24	0
280.42	0
283.51	1
284.56	1
288.63	0
289.21	0
293.32	0
174.11	0
199.26	0
206.31	0
212.98	0
214.52	0
217.91	0
221.75	0
223.74	0
307.65	0
344.91	0
347.35	0
353.74	0
362.75	0
364.82	0
365.15	0
365.60	0
345.91	0
347.63	0
348.69	0
354.72	0
357.46	0
358.28	0
358.59	0
358.82	0
399.09	0
401.73	0
401.83	0
409.05	0
409.38	0
412.63	0
413.29	0
415.02	0
138.61	0
161.87	0
163.69	0
165.80	0
165.93	0
166.15	0
167.48	0
168.86	0
217.72	0
230.28	0
237.68	0
238.12	0
242.03	0
242.76	0
242.88	0
243.42	0
127.61	0
128.43	0
130.59	0
130.68	0
130.80	0
132.36	0
133.74	0
136.52	0
164.76	1
169.95	0
177.99	1
182.02	0
185.69	0
186.10	0
186.54	0
188.29	0
137.27	1
150.67	0
152.06	0
152.13	0
153.67	0
161.74	0
161.76	0
162.66	0
173.36	0
173.96	0
174.29	0
175.15	0
178.85	0
183.00	0
184.21	0
185.49	0
169.57	0
171.70	0
172.60	0
172.73	0
173.02	0
175.73	0
176.36	0
176.62	0
60.28	1
61.32	1
62.75	1
63.54	1
67.59	1
68.59	0
68.76	1
71.12	0
2.48	1
3.25	1
3.25	1
3.54	1
4.07	1
4.20	0
4.23	1
4.84	1
38.24	1
54.82	1
87.28	1
108.89	1
118.06	1
118.87	0
122.18	1
123.71	1
1.07	1
2.67	1
3.27	1
3.84	1
4.26	1
4.39	1
4.76	1
4.89	1
1.13	1
1.81	1
2.10	1
2.30	1
2.35	1
3.21	1
3.63	1
3.68	1
66.59	0
92.15	0
106.63	0
112.48	0
117.69	0
118.78	0
126.12	0
128.37	0
92.64	0
104.17	0
107.27	0
112.91	0
113.42	0
117.50	0
119.26	0
120.37	0
48.22	1
81.83	0
110.45	1
131.72	0
132.24	0
134.66	0
134.99	0
135.02	0
79.36	1
113.25	1
148.21	0
183.87	1
189.37	0
191.47	0
197.33	0
200.49	0
81.10	0
85.47	0
86.90	1
87.68	1
87.99	0
88.48	1
91.28	1
93.62	0
49.49	1
49.78	1
64.27	1
73.38	1
75.04	0
132.51	0
153.58	0
156.88	0
186.74	0
187.16	0
201.34	0
203.72	0
210.98	0
214.07	0
217.02	0
218.23	0
76.75	0
87.37	0
88.18	0
90.49	0
91.95	0
92.25	0
92.40	0
92.52	0
80.49	0
84.42	0
116.09	0
118.28	0
119.50	0
122.59	0
123.91	0
124.76	0
28.92	1
34.71	1
84.11	0
106.86	0
118.85	0
120.98	0
121.15	0
121.71	0
146.68	0
159.45	0
166.65	0
171.07	0
171.24	0
173.99	0
177.21	0
180.89	0
96.74	0
105.82	0
107.80	0
109.91	0
111.34	0
112.36	0
114.00	0
114.13	0
130.30	0
138.45	0
150.28	0
150.34	1
156.70	1
157.73	0
163.35	0
163.45	0
128.86	0
133.31	0
136.05	0
138.06	0
139.05	0
143.85	0
146.47	0
148.93	0
147.43	0
147.87	0
153.31	0
154.27	0
156.46	0
157.05	0
158.13	0
158.63	0
166.81	0
171.49	0
172.90	0
176.59	0
178.19	0
178.49	0
178.93	0
179.99	0
191.05	0
204.11	0
230.95	0
232.96	0
235.08	0
235.89	0
251.31	0
255.39	0
207.91	0
221.75	0
224.49	0
229.07	0
229.81	0
231.85	0
234.27	0
234.91	0
56.98	1
111.47	0
120.75	0
123.64	0
123.71	0
129.13	0
130.41	0
130.55	0
176.52	0
184.04	0
187.62	0
207.34	0
236.95	0
248.23	0
251.27	1
252.77	0
70.21	1
75.64	1
96.09	0
100.39	0
101.79	0
102.89	0
105.39	0
105.46	0
102.85	0
105.22	0
124.85	0
126.70	0
132.27	0
135.20	1
139.70	0
142.39	0
121.27	0
124.20	0
142.78	0
147.81	0
158.92	0
185.76	1
185.90	0
186.59	0
24.39	1
25.90	1
29.63	1
32.78	1
36.59	1
37.00	1
38.42	1
42.85	1
6.61	1
6.81	1
7.80	0
8.11	1
8.43	1
8.60	1
9.24	1
9.64	1
99.35	0
101.93	0
111.71	0
139.23	0
146.34	0
154.83	0
165.95	0
170.35	0
152.63	0
180.40	0
181.64	1
183.12	0
185.62	0
186.08	0
189.34	0
191.37	0
101.94	1
147.10	0
220.47	0
225.12	0
225.12	0
231.21	0
232.45	0
236.36	0
122.31	1
128.36	1
131.50	1
134.91	1
136.29	1
140.24	1
142.20	1
142.60	0
62.37	1
79.60	1
80.11	0
85.25	0
86.07	0
93.31	0
107.49	0
108.56	0
173.35	0
185.40	0
187.97	0
188.04	0
188.16	0
189.80	0
192.05	0
192.20	0
84.72	0
111.44	0
114.36	0
118.63	0
122.45	0
122.54	1
125.14	0
126.38	0
37.19	1
58.78	1
60.02	1
60.27	1
61.42	1
65.35	1
74.18	1
77.78	1
1.51	1
2.21	1
2.43	1
2.79	1
2.86	1
2.87	1
3.57	1
3.70	1
1.83	1
2.19	1
2.67	1
3.56	1
3.65	1
3.69	1
4.02	1
4.34	1
28.94	1
89.62	0
99.32	0
103.85	0
119.14	0
123.23	0
126.31	0
128.22	0
7.62	1
81.65	0
91.37	0
103.80	1
104.77	0
113.35	0
118.73	0
119.11	0
7.48	1
45.11	1
73.74	0
74.91	0
107.70	1
127.08	0
127.38	0
130.46	0
19.25	1
64.64	1
90.44	1
123.28	0
128.35	0
160.88	1
165.79	0
172.46	0
17.22	1
75.62	1
75.74	0
85.96	1
88.40	0
89.85	0
94.47	1
95.37	1
155.34	0
164.25	0
164.74	0
174.34	0
182.82	0
185.62	0
193.64	0
195.83	0
79.46	1
101.84	0
109.95	0
110.88	0
112.92	1
125.97	0
127.60	0
128.86	0
34.91	1
41.60	0
44.80	1
58.82	0
63.21	0
66.83	1
68.33	0
75.34	0
63.62	1
65.63	1
78.06	1
80.20	1
90.69	1
98.02	0
146.11	0
154.41	0
161.54	0
170.38	0
179.35	0
180.37	0
180.56	0
184.77	0
185.72	0
187.07	0
154.41	0
166.67	0
172.03	0
173.64	0
176.37	0
176.75	0
178.18	0
179.05	0
158.54	0
181.11	0
202.70	0
205.90	0
206.66	0
207.75	0
207.99	0
208.21	0
216.69	0
227.68	0
241.06	0
241.95	0
241.96	0
243.93	0
247.12	0
247.45	0
76.66	0
77.99	0
81.74	0
84.32	0
89.75	0
91.26	0
91.42	0
91.78	0
166.07	0
179.69	0
190.22	0
192.80	0
195.21	0
195.24	0
197.37	0
197.39	0
16.78	1
20.02	1
21.17	1
23.00	1
23.73	1
28.47	1
28.91	1
30.58	1
2.25	1
8.33	1
8.45	1
8.48	1
9.17	0
10.31	1
10.94	1
11.46	1
97.27	0
98.16	1
101.45	0
101.61	1
111.64	0
113.56	0
116.24	0
129.32	0
100.28	0
193.84	0
196.63	0
202.22	0
210.32	0
217.95	0
219.60	0
224.38	0
78.91	0
92.70	1
109.71	1
109.99	1
110.25	0
112.85	1
114.88	0
115.63	0
117.59	0
173.80	0
177.56	0
186.01	0
187.63	0
188.16	0
190.83	0
192.85	0
125.85	0
171.12	0
176.19	0
182.13	0
182.58	0
182.88	0
186.84	0
187.99	0
49.85	1
63.37	0
67.92	0
78.82	0
80.21	1
81.56	0
82.34	0
83.16	0
44.91	1
47.84	1
60.34	1
62.20	1
69.65	1
76.07	0
86.29	1
112.29	0
71.53	1
72.19	0
84.03	1
86.15	0
86.45	1
87.86	1
91.06	0
91.90	0
66.70	1
91.09	1
116.62	0
141.22	0
149.18	0
152.44	0
153.26	0
154.05	0
9.81	1
14.19	1
79.42	0
86.42	0
95.47	0
104.65	1
107.62	0
116.87	0
10.77	1
18.45	1
55.31	1
82.01	0
86.97	0
87.12	0
114.48	1
135.91	0
22.15	1
37.26	1
76.34	1
116.64	1
128.03	0
128.77	0
146.24	0
171.03	1
20.02	1
33.09	1
65.64	1
89.49	0
93.32	1
95.03	0
96.21	1
99.34	1
111.69	0
127.80	0
134.33	0
140.32	0
141.12	0
142.58	0
147.49	0
150.77	0
166.54	0
167.11	0
168.51	0
172.52	0
175.93	0
176.73	0
177.63	0
177.80	0
165.96	0
169.20	0
197.17	0
202.11	1
208.80	0
213.07	0
225.42	0
226.30	0
190.44	0
195.68	0
195.89	0
198.61	0
198.63	0
200.18	0
201.44	0
202.55	0
27.46	1
32.08	1
32.85	1
34.58	1
34.62	1
35.22	1
35.50	1
35.75	1
1.95	1
1.98	1
2.25	1
2.56	1
3.06	1
3.29	1
3.41	1
3.69	1
39.39	1
41.73	1
73.28	1
85.61	1
104.85	0
142.40	0
145.21	0
153.46	0
183.04	0
226.37	0
235.93	0
240.23	0
241.59	0
243.01	0
248.78	0
249.46	0
153.37	1
176.06	0
182.88	1
187.84	1
190.29	1
192.77	1
198.29	0
200.31	0
237.61	0
243.35	0
254.69	0
254.82	0
255.47	0
255.59	0
256.23	0
257.10	0
247.21	0
249.82	0
250.23	0
250.85	0
252.15	0
252.78	0
253.76	0
254.50	0
164.26	0
166.57	0
167.33	0
167.86	0
170.67	0
171.89	0
172.45	0
174.63	0
206.10	0
210.58	1
221.64	0
223.80	0
226.20	0
226.55	0
227.56	0
231.02	0
228.10	0
232.09	1
233.59	0
240.36	0
245.07	0
245.35	1
247.61	0
249.00	0
272.44	0
309.87	0
315.06	0
316.66	0
326.32	0
326.93	0
329.29	0
330.71	0
212.38	0
245.20	0
248.62	0
250.93	0
251.28	0
251.32	0
251.38	0
256.79	0
182.84	0
256.99	0
265.24	0
267.67	0
281.88	0
285.43	0
290.24	0
292.23	0
195.38	0
198.83	1
202.30	1
202.42	0
202.56	1
203.07	0
207.18	1
209.79	1
171.26	1
178.09	0
184.55	0
192.32	0
194.79	0
205.68	0
210.94	0
222.28	0
108.18	1
113.16	1
117.12	1
117.56	1
123.90	1
131.56	0
131.67	0
136.53	0
257.98	0
270.22	0
275.43	0
275.91	0
276.02	0
277.16	0
277.32	0
277.81	0
128.62	0
143.34	0
144.70	0
152.68	0
152.81	0
157.38	0
158.82	0
159.98	0
173.33	0
174.44	0
176.03	0
176.25	0
179.35	0
180.85	0
184.54	0
185.17	0
22.56	1
50.42	1
58.44	1
62.89	1
64.77	1
72.63	1
84.16	0
85.02	0
82.65	1
98.03	0
100.40	1
124.43	1
125.93	1
130.48	0
130.75	0
131.85	0
124.28	1
140.16	0
146.57	0
156.36	0
158.27	0
162.12	1
169.57	0
183.38	0
52.35	1
53.78	1
54.78	1
56.90	0
57.21	1
60.12	0
60.63	0
62.35	0
2.93	1
3.32	1
3.49	1
3.87	1
3.98	1
5.20	1
5.81	1
6.53	1
138.17	1
140.85	0
150.89	0
152.65	0
156.29	0
159.34	0
162.25	0
167.05	0
100.81	0
125.00	1
143.73	0
151.58	0
152.24	1
168.93	1
173.54	1
175.38	1
189.81	1
195.87	0
225.62	0
230.90	0
232.87	0
233.31	0
233.76	0
235.10	0
61.64	1
260.82	0
263.64	0
265.40	0
265.66	0
268.01	0
270.27	0
270.29	0
77.06	0
178.60	0
179.97	0
183.59	0
186.85	0
187.85	0
188.10	0
188.54	0
230.69	0
232.88	0
235.85	0
237.68	0
238.38	0
240.55	0
240.70	0
240.90	0
157.56	1
184.27	1
186.97	0
188.30	1
191.99	1
192.47	1
196.35	1
197.22	0
212.79	0
217.46	0
227.57	0
232.59	0
233.50	0
235.56	0
237.41	0
238.78	0
95.29	1
171.64	0
171.78	0
172.60	0
172.94	0
173.85	0
174.96	0
175.17	0
58.29	1
62.36	1
86.08	1
86.17	1
94.08	1
97.70	0
98.81	1
109.99	1
72.98	1
90.54	1
95.85	1
109.60	0
111.45	0
113.76	1
115.94	1
115.98	0
163.64	0
172.89	0
178.89	0
193.17	0
199.07	0
232.05	1
233.43	0
234.94	0
64.85	1
65.24	1
78.51	1
110.06	1
123.61	0
151.70	0
156.75	0
160.24	0
92.81	1
93.79	0
101.88	0
102.39	1
103.72	0
111.26	0
117.04	0
118.55	0
64.20	0
65.88	0
67.68	1
70.21	1
73.16	0
84.56	1
91.76	1
95.76	0
195.07	0
197.06	0
202.55	0
208.96	0
216.56	0
218.34	0
219.47	0
219.55	0
60.61	1
76.39	0
83.52	0
84.91	0
86.60	0
86.68	1
86.68	0
90.37	0
160.83	0
174.43	0
184.91	0
185.04	0
190.09	0
190.18	0
190.59	0
191.93	0
104.16	1
119.50	1
148.13	1
154.72	0
156.53	0
158.13	0
159.66	0
165.64	0
24.63	1
26.65	1
30.90	1
101.64	0
110.32	0
111.67	0
117.89	0
121.72	1
67.71	1
70.83	1
79.93	1
103.72	1
119.62	0
120.07	0
123.70	0
128.05	0
163.06	0
168.88	0
169.78	0
172.06	0
173.47	0
173.56	0
174.40	0
175.00	0
62.17	1
71.26	1
73.72	1
84.82	1
92.88	0
93.64	1
106.56	0
110.85	1
159.17	0
159.25	0
171.57	0
181.67	0
183.77	0
184.92	0
185.63	0
185.77	0
88.62	1
96.53	1
101.53	1
101.73	1
101.85	1
103.90	1
125.64	0
128.59	1
61.93	0
88.16	0
89.88	0
112.55	0
118.97	0
120.47	0
121.99	0
123.12	0
199.29	0
205.94	0
220.40	0
230.30	0
237.66	1
247.24	0
247.42	0
250.47	0
97.67	1
101.95	0
101.96	0
118.43	0
132.72	1
140.57	0
167.39	0
177.05	0
90.82	0
90.87	0
98.23	0
102.11	0
102.50	0
103.58	0
105.07	0
105.79	0
133.11	1
159.45	1
163.31	1
166.21	1
167.82	1
175.21	0
177.46	1
181.11	1
169.12	1
191.34	1
253.67	0
295.27	0
320.08	0
326.24	0
328.18	0
330.58	0
151.15	1
194.03	0
263.26	0
264.85	0
282.53	0
285.59	0
289.56	0
293.58	0
173.16	1
177.06	1
182.47	1
190.69	1
194.33	0
204.48	1
209.01	1
209.90	1
202.56	0
213.83	0
215.54	0
216.19	0
217.11	0
217.78	0
218.14	0
219.35	0
48.79	1
48.97	1
49.24	1
49.86	1
50.99	1
51.47	1
51.48	1
55.79	1
4.26	1
5.06	1
5.21	1
5.96	1
6.03	0
6.43	1
6.75	1
6.80	1
197.21	0
203.86	0
204.46	0
205.25	0
205.28	0
205.38	0
206.82	0
225.93	0
273.42	1
274.01	1
326.00	0
326.75	0
333.40	0
335.31	0
335.76	0
335.96	0
172.66	1
194.78	1
214.17	1
223.24	0
229.97	0
247.69	0
264.80	0
267.20	0
62.25	1
117.25	1
124.89	1
143.20	0
148.01	0
148.78	0
150.17	0
151.07	0
80.10	1
93.57	1
96.67	1
100.36	0
106.05	0
106.86	0
109.23	1
116.55	1
41.40	1
42.20	1
44.99	1
49.91	1
94.42	0
117.97	0
128.46	0
129.15	0
130.08	1
133.11	1
133.43	1
146.16	0
147.33	1
171.45	1
171.64	0
172.19	0
216.31	1
262.04	0
268.00	0
277.87	0
279.26	0
279.92	0
283.47	0
283.91	0
55.97	1
102.68	1
104.78	1
107.33	1
117.74	1
119.34	1
124.56	0
128.89	0
122.90	0
167.01	0
183.80	0
184.00	0
185.29	0
196.14	0
200.86	0
201.11	0
91.25	0
96.84	1
102.28	1
102.42	0
108.01	0
110.05	1
113.24	1
115.63	1
148.87	0
150.44	1
160.17	1
161.88	0
163.47	1
165.50	1
166.76	0
170.95	1
210.45	0
212.21	0
213.48	0
215.59	0
218.48	0
220.53	0
222.61	0
225.56	0
223.28	0
230.60	0
232.07	0
233.04	0
233.11	0
234.37	0
234.98	0
235.03	0
120.95	0
125.08	0
126.23	0
127.91	0
130.44	0
134.76	0
134.84	0
136.08	0
124.85	0
129.84	0
134.31	0
135.08	0
138.99	0
152.80	0
158.59	0
158.81	0
178.86	0
184.53	0
189.33	0
191.37	0
194.40	0
198.79	0
199.29	0
200.53	0
86.87	0
91.06	0
91.41	0
93.70	0
96.13	0
96.45	0
101.29	0
105.94	0
128.89	0
131.03	0
132.59	0
138.56	0
141.30	0
144.17	0
147.90	0
148.65	0
147.57	1
157.71	0
170.53	0
176.38	0
189.31	0
191.58	0
191.71	0
192.77	0
53.09	1
58.23	1
61.77	1
61.78	1
61.91	1
62.62	1
64.42	1
65.20	1
2.18	1
2.88	1
3.30	1
3.32	1
3.56	1
4.06	1
4.18	1
4.61	1
204.23	0
226.43	0
236.33	0
236.35	0
237.59	0
243.85	0
255.29	0
258.92	0
154.90	1
164.90	1
179.51	1
181.06	0
181.70	0
182.02	0
182.19	1
190.57	0
105.03	1
156.95	1
181.50	0
184.79	0
184.98	0
185.09	0
185.69	0
187.00	0
15.30	1
48.74	1
49.97	1
67.77	1
75.83	1
80.05	1
80.53	1
83.55	0
88.57	1
134.06	0
146.91	1
164.67	1
165.41	1
166.12	0
173.16	1
174.72	1
60.08	0
137.26	1
203.96	0
204.52	0
247.46	0
254.96	0
256.68	0
257.08	1
20.57	1
32.64	1
272.78	0
279.36	0
296.58	0
306.92	0
307.74	0
309.32	0
13.04	1
36.99	1
255.01	0
259.37	0
262.74	0
262.82	0
262.90	0
264.15	0
177.29	0
181.26	0
199.99	0
201.13	0
205.87	0
212.09	0
214.38	0
217.95	0
32.10	1
101.18	0
110.34	0
110.38	0
112.66	1
113.19	0
116.30	0
116.58	1
10.01	1
64.70	1
66.74	0
67.90	1
69.60	0
72.11	0
74.39	0
78.13	1
17.59	1
146.53	0
188.79	0
192.69	0
193.19	0
194.60	0
195.78	0
200.94	0
25.25	1
26.56	1
27.56	1
28.45	1
29.44	1
31.13	1
33.86	1
34.18	1
2.01	1
2.20	1
2.66	1
2.85	1
3.52	1
3.95	1
3.96	1
4.55	1
153.52	0
186.51	0
186.79	0
193.27	1
208.91	0
210.26	0
212.97	0
216.26	0
23.24	1
130.96	1
147.68	1
157.94	0
158.65	1
161.99	0
162.42	0
165.36	0
161.18	0
200.14	1
202.71	0
212.50	0
214.58	0
218.32	1
219.16	0
219.27	1
81.54	1
84.49	1
88.27	1
90.11	1
97.09	0
99.55	0
103.90	1
106.76	0
261.15	0
278.62	0
279.36	0
279.59	0
283.30	0
283.33	0
284.83	0
290.90	0
284.77	0
284.84	0
286.42	0
286.59	0
287.12	0
288.95	0
289.39	0
289.51	0
105.41	0
106.06	0
128.52	0
136.60	0
138.08	0
141.19	0
143.77	0
146.42	0
204.80	0
208.39	0
212.24	0
214.19	0
214.95	0
216.16	0
217.34	0
219.41	0
289.00	0
290.11	1
294.97	1
295.57	1
306.53	0
308.58	0
310.76	0
311.15	0
98.47	1
105.38	1
106.74	1
108.39	1
115.50	0
116.56	1
119.00	0
119.31	0
276.26	0
276.31	0
281.25	0
284.54	0
285.95	0
286.36	0
286.45	0
288.06	0
115.56	0
132.70	0
137.79	0
143.77	0
144.32	0
144.81	0
145.67	0
145.77	0
106.03	1
106.66	1
121.63	1
134.97	1
139.94	1
141.33	1
141.76	0
146.18	0
174.42	0
176.02	0
180.09	0
180.44	0
180.49	0
180.61	0
180.71	0
181.39	0
115.89	0
122.18	0
122.54	0
124.64	0
125.44	0
128.16	0
128.72	0
130.12	0
168.20	0
176.25	0
176.40	0
179.48	0
187.06	0
189.23	0
190.00	0
190.27	0
240.50	0
244.21	0
244.46	0
256.60	0
256.75	0
257.26	0
259.25	0
259.36	0
265.28	0
266.08	0
266.29	0
266.93	0
269.48	0
270.65	0
272.25	0
272.77	0
102.74	0
116.19	0
157.75	0
215.69	0
218.97	0
220.28	0
225.21	0
225.57	0
90.36	0
98.09	0
122.44	0
125.99	0
128.11	0
136.70	0
141.80	0
145.35	0
89.70	1
94.09	1
94.50	0
95.63	1
96.82	0
97.44	1
98.25	0
100.13	1
24.67	1
30.57	1
30.67	1
31.14	1
33.57	1
36.70	1
38.32	1
39.23	1
147.52	0
153.44	0
166.39	0
173.54	0
183.06	0
189.02	0
192.57	0
193.05	0
190.74	0
192.01	0
203.15	0
206.65	0
207.44	0
209.23	0
209.85	0
210.79	0
207.69	0
208.52	0
208.77	0
208.89	0
209.99	0
210.02	0
210.60	0
211.65	0
36.74	1
41.14	1
45.86	1
47.52	1
51.04	1
52.57	1
53.76	1
64.43	1
2.63	1
2.86	1
3.04	1
3.17	1
3.19	1
3.27	1
3.44	1
3.61	1
2.08	1
2.12	1
2.27	1
2.33	1
2.54	1
2.70	1
2.81	1
2.87	1
111.17	1
119.88	1
139.43	1
141.94	1
145.05	1
151.74	0
160.51	0
162.56	0
159.89	0
160.19	1
165.77	0
166.13	1
166.42	0
167.09	1
167.29	1
173.99	0
199.56	0
200.39	0
200.42	0
200.84	0
202.67	0
205.46	0
207.58	0
208.11	0
75.78	1
91.63	1
103.32	1
103.81	1
109.67	1
113.30	1
114.94	1
126.23	0
93.84	1
96.85	1
108.69	1
117.38	1
125.44	1
155.11	0
165.09	0
179.05	0
157.51	0
162.85	0
171.70	0
174.33	0
178.64	0
186.25	0
197.72	0
198.92	0
79.73	1
80.30	1
85.01	0
88.68	0
92.51	0
93.80	0
96.25	0
96.67	0
196.21	0
210.09	0
210.83	0
211.78	0
218.18	0
220.15	0
221.10	0
222.18	0
56.33	0
58.68	1
60.22	1
62.09	0
63.08	1
79.98	1
84.14	0
84.26	1
189.54	0
196.38	0
200.73	0
200.94	0
201.43	0
206.22	0
206.54	0
207.46	0
124.01	1
124.16	1
126.41	1
126.49	1
128.06	1
128.24	1
129.00	1
131.53	1
5.80	1
6.10	1
6.19	1
6.34	1
6.46	1
6.58	0
6.65	1
6.69	1
161.58	0
183.35	0
187.07	0
188.87	0
190.60	0
191.04	0
192.87	0
193.13	0
139.64	1
150.12	0
162.24	0
162.98	0
164.01	0
164.56	0
165.94	0
166.77	0
50.87	1
53.89	1
64.87	1
66.69	1
74.08	1
76.64	1
80.32	1
89.66	1
3.16	1
3.49	1
3.57	1
4.02	1
4.04	1
4.06	1
4.28	1
5.23	1
2.72	1
2.79	1
2.88	1
3.60	1
3.65	1
4.01	1
4.24	1
4.29	1
118.29	1
128.40	0
161.22	0
162.54	0
162.79	0
169.16	0
176.95	0
180.53	0
129.46	0
157.50	0
193.43	0
194.06	0
194.53	0
206.42	0
214.51	0
217.25	0
77.60	1
81.05	1
86.60	1
86.94	1
92.48	1
96.19	1
101.72	0
110.51	0
142.37	0
153.78	1
154.04	1
156.57	1
158.83	1
160.01	1
161.34	1
164.52	1
142.60	0
145.58	0
151.54	1
153.68	1
165.35	0
169.33	0
169.67	1
181.43	0
53.19	1
96.58	0
204.48	0
210.69	0
216.02	0
243.35	0
279.49	0
280.66	0
25.15	1
110.16	0
111.78	1
117.48	0
124.11	0
126.45	0
126.64	1
128.30	0
30.09	1
270.60	0
275.06	1
321.67	0
330.29	1
335.80	0
344.81	0
348.08	0
12.63	1
175.08	0
177.48	0
194.74	0
199.08	0
261.37	0
264.05	0
265.82	0
52.13	1
442.98	0
443.31	0
466.47	0
490.13	0
504.44	0
512.16	0
530.25	0
4.30	1
135.50	0
140.56	0
140.64	0
140.85	0
143.68	0
145.20	0
148.17	0
52.07	1
170.57	1
205.97	1
216.19	1
223.69	0
230.78	0
233.33	0
233.45	0
43.40	1
371.99	0
428.01	0
445.63	1
468.76	0
469.30	0
472.65	0
480.06	0
13.72	1
119.29	1
205.19	1
210.78	0
216.49	0
243.09	0
244.54	0
255.13	0
60.92	1
549.07	0
553.81	0
573.20	0
633.22	0
660.14	0
678.11	0
679.70	0
137.54	0
139.45	1
144.06	1
145.43	1
152.03	0
157.06	1
164.96	1
167.87	0
17.04	1
102.02	1
119.82	0
133.57	0
135.00	0
136.67	0
152.61	0
152.97	0
5.03	1
10.68	1
15.43	1
102.51	0
103.00	0
103.84	0
104.27	0
104.64	0
6.66	1
13.10	1
21.43	1
155.27	0
159.54	0
159.54	0
161.84	0
166.25	0
3.00	1
13.38	1
15.04	1
19.39	1
49.81	0
50.78	0
51.09	0
51.43	0
206.62	0
213.09	0
213.17	0
226.36	0
228.51	0
228.99	0
233.82	0
234.85	0
52.66	1
91.46	0
97.04	0
98.33	0
101.50	0
102.20	0
103.64	0
108.14	0
94.35	0
128.38	1
129.94	0
133.82	0
136.89	0
137.52	0
137.71	1
141.27	0
167.92	0
203.54	0
209.39	0
210.34	0
211.59	0
212.11	0
213.28	0
215.05	0
113.89	1
114.54	1
122.27	1
132.80	1
136.92	1
142.83	1
146.36	1
147.17	1
29.83	1
37.58	1
47.86	1
52.14	1
53.68	1
54.77	1
55.51	1
56.80	1
2.76	1
3.54	1
3.82	1
4.19	1
4.46	1
4.47	1
4.71	1
4.97	1
2.37	1
2.62	1
2.72	1
2.88	1
2.91	1
2.98	1
3.08	1
3.08	1
131.29	0
150.94	0
157.77	0
163.94	0
171.37	0
175.76	0
185.68	0
188.93	0
176.07	1
196.43	0
216.96	0
221.96	0
223.37	0
224.58	0
226.47	0
227.80	0
167.17	1
168.44	1
168.57	1
169.38	1
172.50	0
176.79	0
177.66	1
182.62	0
131.48	0
199.23	0
205.48	0
216.73	0
217.31	0
218.10	0
225.07	0
225.39	0
163.45	0
192.49	0
202.45	0
202.52	0
203.79	0
204.38	0
208.40	0
209.16	0
87.72	1
189.75	1
195.96	0
206.34	0
206.76	1
207.07	0
207.78	1
208.40	0
44.31	1
143.93	0
158.22	0
191.30	0
191.58	1
193.73	0
202.51	0
208.24	1
4.12	1
29.82	1
30.15	1
31.57	0
43.34	1
46.03	0
48.18	0
51.72	0
17.46	1
128.75	0
131.88	0
147.47	0
182.42	0
194.80	0
195.82	0
196.49	0
8.52	1
232.64	0
238.82	0
243.87	0
243.90	0
243.98	0
244.31	0
244.61	0
2.97	1
15.39	1
19.76	1
21.13	1
23.96	1
24.76	1
25.76	1
33.13	1
42.00	1
63.89	1
166.74	1
179.14	0
194.79	1
207.23	0
220.13	0
228.65	0
6.28	1
7.28	1
28.52	1
62.74	0
71.90	0
73.00	0
76.57	0
83.81	0
40.50	1
48.84	1
345.33	0
349.38	0
350.23	0
358.45	0
360.59	0
366.82	0
16.43	1
20.35	1
219.34	1
310.25	1
423.17	0
426.25	0
427.52	0
428.63	0
1.74	1
2.94	1
31.39	1
65.82	0
130.01	0
131.12	0
134.08	0
134.76	0
28.40	1
29.24	1
77.23	0
86.45	0
96.19	1
109.34	0
110.45	1
111.07	0
16.95	1
19.06	1
40.18	1
45.34	1
57.22	1
60.51	1
73.31	1
79.20	0
66.74	0
71.30	0
75.99	0
83.29	0
90.21	0
96.41	0
97.92	1
98.66	0
170.74	0
179.13	0
180.03	0
182.37	0
189.77	0
192.83	0
194.81	0
197.47	0
183.18	0
202.32	1
230.66	0
237.71	0
252.43	0
270.57	0
277.92	0
278.98	0
206.18	0
208.06	0
210.56	0
213.86	0
215.08	0
215.35	0
215.69	0
218.82	0
228.70	0
231.84	1
247.07	0
247.38	0
264.07	0
265.63	0
267.63	0
268.70	0
222.24	1
232.59	1
235.10	1
243.71	1
245.94	1
248.40	0
256.62	1
258.14	1
6.44	1
9.06	1
9.36	1
9.80	1
9.82	1
10.17	1
10.42	1
10.59	1
3.65	1
3.78	1
3.83	1
3.93	1
3.97	1
4.04	1
4.13	1
4.43	1
210.97	0
211.26	0
215.95	0
217.04	1
222.04	1
223.12	1
227.50	0
231.31	0
105.92	0
175.29	0
193.35	0
211.91	0
233.92	0
251.96	0
253.12	0
256.59	0
314.28	0
324.93	0
326.37	0
327.26	0
330.03	0
332.58	0
332.88	0
335.03	0
323.69	0
367.53	0
375.81	0
404.49	0
404.68	0
406.08	0
406.95	0
407.68	0
243.04	0
263.73	1
265.99	1
293.80	0
298.17	0
300.81	0
301.06	0
301.41	0
147.84	0
150.95	0
209.31	0
209.95	0
214.70	0
215.26	0
215.82	0
216.18	0
126.88	1
127.35	1
127.59	1
128.49	1
128.60	1
129.04	1
129.29	1
130.79	1
2.08	1
2.57	1
3.52	1
3.56	1
4.11	0
4.24	1
4.53	1
4.58	1
163.06	0
164.07	0
172.69	0
177.52	1
186.94	0
190.54	0
192.01	0
195.93	1
226.40	0
230.11	0
254.44	0
274.51	0
274.64	0
274.67	0
275.93	0
277.27	0
292.93	0
298.95	0
300.37	0
302.91	0
305.02	0
305.58	0
308.56	0
308.57	0
394.94	0
396.42	0
402.50	0
404.44	0
404.78	0
405.64	0
405.74	0
406.69	0
205.15	0
206.07	1
210.48	0
217.16	0
217.92	0
220.23	0
221.77	0
221.89	0
158.70	0
162.01	0
163.95	0
170.16	0
170.58	0
170.62	0
170.83	0
172.10	0
87.89	0
104.48	0
106.10	1
108.59	0
109.46	0
110.42	0
113.66	0
115.05	0
64.94	1
65.67	1
68.25	1
73.50	1
73.75	1
74.52	1
76.65	0
89.32	1
178.86	0
187.15	0
217.43	0
221.14	0
221.69	0
222.04	0
224.75	0
224.76	0
61.22	1
72.88	1
73.71	1
85.58	0
85.62	0
87.21	1
88.89	0
88.98	0
157.87	0
173.95	0
174.79	0
178.15	0
181.95	0
182.11	0
187.04	0
191.88	0
235.79	0
236.40	0
236.47	0
237.02	0
237.97	0
239.15	0
239.74	0
242.98	0
73.65	1
107.91	0
108.22	0
109.18	0
110.21	0
111.35	0
112.40	0
113.51	0
73.05	1
75.02	1
76.00	1
78.01	0
78.09	1
80.11	1
83.18	1
84.21	1
67.82	1
76.45	0
92.69	1
100.21	0
100.54	0
104.34	0
110.95	0
114.92	0
78.64	1
138.60	0
140.71	1
182.82	0
186.73	0
188.93	0
190.32	0
199.21	0
12.53	1
26.17	1
41.20	1
151.65	0
152.12	0
152.73	0
153.52	0
153.64	0
39.63	1
40.02	1
41.71	1
45.54	1
45.88	1
46.20	1
46.66	1
48.45	1
1.78	1
1.91	1
1.94	1
2.00	1
2.11	1
2.61	1
2.89	1
3.11	1
103.56	0
130.81	0
160.49	0
166.29	0
168.77	0
169.86	0
170.92	0
170.95	0
86.53	1
92.81	1
133.54	0
149.04	0
151.45	0
152.27	0
153.15	0
153.19	0
42.97	1
77.36	0
99.32	0
106.99	0
109.04	0
109.84	0
110.03	0
110.27	0
26.75	1
27.42	1
34.34	1
35.48	1
45.72	1
47.84	1
59.39	1
62.04	1
2.07	1
2.25	1
2.35	1
2.73	1
3.11	1
4.07	1
4.10	1
4.89	1
2.55	1
2.74	1
2.79	1
2.86	1
3.04	1
3.15	1
3.32	1
3.36	1
106.74	0
115.57	0
116.53	0
119.11	0
119.17	0
119.51	0
119.64	0
122.84	0
7.85	1
8.64	1
9.32	1
9.43	1
9.60	1
9.72	1
9.92	1
10.90	1
139.51	0
144.76	0
144.79	0
160.23	1
166.86	0
167.77	1
167.84	1
170.84	0
149.16	1
152.41	0
182.36	0
192.38	0
195.71	0
197.38	0
199.20	0
199.24	0
115.10	0
117.99	0
118.50	0
119.93	0
121.05	0
121.77	0
122.28	0
122.65	0
173.26	0
203.03	0
219.81	0
224.27	0
238.47	0
243.39	0
244.69	0
247.36	0
260.41	1
265.12	0
333.94	0
350.22	0
359.41	0
363.07	0
363.32	0
365.45	0
113.58	1
288.55	0
301.37	0
374.66	0
391.48	0
399.66	0
414.93	0
415.72	0
34.87	1
241.50	0
258.10	0
262.24	0
263.56	0
272.35	1
278.16	1
285.57	0
16.28	1
155.17	0
159.27	0
213.46	0
215.32	0
217.65	0
218.10	0
219.36	0
163.49	0
169.79	0
170.99	0
172.47	0
174.72	0
175.49	0
178.50	0
178.54	0
237.66	0
252.23	0
254.40	0
254.64	0
256.85	0
258.11	0
258.82	0
259.26	0
112.83	0
123.45	0
126.10	0
130.41	0
136.70	0
140.10	0
141.19	0
146.80	0
81.79	1
82.14	1
88.10	1
90.75	1
96.32	1
105.48	0
113.46	1
115.14	1
70.87	0
130.38	0
152.48	0
154.78	1
164.99	0
166.71	0
168.86	0
168.90	0
106.43	0
144.96	0
146.17	0
146.65	0
146.79	0
147.01	0
147.12	0
147.47	0
123.53	0
129.28	0
137.69	0
142.97	0
144.24	0
148.50	0
155.11	0
155.17	0
216.03	0
228.49	1
230.92	0
232.32	1
233.40	0
236.67	0
237.73	0
238.76	0
137.56	1
160.06	1
162.05	1
163.79	1
170.88	1
172.41	1
172.52	1
176.37	1
6.44	1
6.54	1
6.74	1
6.88	1
7.03	1
7.07	1
7.09	1
7.33	1
3.06	1
4.09	1
4.14	1
4.31	1
4.34	1
4.40	1
4.44	1
4.45	1
199.03	0
201.86	0
218.20	0
218.35	0
220.23	0
221.35	0
223.30	0
223.72	0
273.53	0
283.09	0
288.53	0
296.45	0
304.79	0
305.68	0
307.40	0
310.31	0
285.12	0
289.95	0
295.17	0
297.14	0
314.02	0
320.63	0
321.51	0
323.33	0
106.86	0
108.28	0
108.87	0
109.69	0
110.92	0
112.60	0
112.61	0
113.28	0
156.94	0
157.77	0
160.12	0
160.16	0
160.42	0
161.00	0
162.08	0
163.49	0
174.80	0
175.03	0
175.82	0
175.86	0
176.48	0
177.42	0
178.93	0
180.96	0
179.99	0
188.95	0
190.35	0
190.58	0
191.60	0
191.79	0
192.26	0
193.36	0
146.42	0
149.65	0
152.63	0
153.63	0
155.21	0
157.96	0
157.96	0
158.44	0
151.62	0
161.72	0
163.83	0
163.93	0
166.38	0
167.79	0
170.62	0
173.01	0
200.11	0
203.34	0
204.24	0
206.24	0
207.49	0
208.18	0
208.19	0
208.77	0
147.13	0
148.34	0
148.36	0
149.75	0
151.72	0
153.07	0
154.51	0
157.30	0
58.27	1
103.63	0
104.66	1
107.98	0
109.21	0
110.50	0
110.66	0
112.87	0
31.85	0
32.53	0
32.89	0
33.35	0
34.38	0
37.91	0
38.55	0
38.56	0
14.34	1
14.46	1
14.47	1
14.50	0
15.19	1
15.50	1
15.67	1
15.71	1
148.02	0
166.94	0
167.51	0
188.32	0
188.48	0
197.53	0
200.79	0
203.74	0
45.75	0
48.02	0
65.61	1
101.65	0
116.87	0
121.56	0
125.91	0
126.06	0
125.14	0
147.21	1
148.44	1
148.75	1
157.61	0
159.95	1
162.51	1
164.47	1
225.42	0
230.35	0
241.48	0
252.17	0
254.47	0
258.04	0
258.23	0
261.35	0
155.48	0
164.37	0
164.63	0
166.66	0
172.28	0
172.83	0
174.82	0
175.01	0
42.64	1
49.82	1
64.73	1
65.80	1
66.53	1
68.43	1
72.22	1
72.53	1
50.98	1
70.07	1
75.39	0
76.37	0
77.97	1
80.28	1
87.54	0
96.85	0
56.23	1
101.21	0
152.35	0
179.28	0
185.58	0
202.26	0
204.59	0
204.75	0
64.26	1
126.42	0
130.39	0
130.42	1
135.62	0
135.64	0
138.78	0
145.68	0
21.68	1
76.50	1
80.18	1
80.88	1
86.42	1
87.90	1
90.88	1
95.43	0
68.76	1
183.74	0
235.67	0
242.76	0
243.07	0
243.19	0
247.12	0
247.24	0
53.61	0
79.86	1
104.81	0
108.06	0
111.13	0
111.85	0
114.71	0
114.77	0
91.81	1
97.38	1
97.64	1
101.22	1
101.70	1
105.45	1
113.15	0
118.31	0
202.49	0
202.63	0
204.02	0
204.27	0
204.30	0
205.13	0
206.42	0
211.73	0
46.44	0
54.35	0
55.76	1
56.77	1
57.88	1
59.01	0
59.90	0
60.34	1
238.12	0
241.05	0
241.45	0
242.60	0
246.34	0
246.79	0
246.91	0
248.01	0
157.84	0
177.42	0
178.22	0
179.89	0
179.96	0
180.20	0
181.43	0
181.84	0
195.42	0
199.77	0
202.07	0
205.70	0
206.85	0
207.06	0
207.31	0
207.65	0
48.48	1
58.91	1
60.61	1
64.69	1
65.10	1
65.33	1
66.65	1
66.93	1
2.47	1
2.72	1
2.75	1
2.78	1
3.20	1
3.21	1
3.48	1
3.72	1
77.98	1
93.64	1
115.99	1
135.70	0
135.76	0
135.89	0
137.66	0
137.99	0
119.57	1
158.23	0
170.57	0
193.75	0
202.85	1
212.34	0
212.59	0
213.68	0
23.59	1
31.67	1
241.74	0
246.78	0
248.98	0
249.77	0
252.15	0
253.48	0
78.05	0
93.01	1
106.69	0
115.55	0
135.72	0
136.63	0
138.20	0
143.72	0
167.05	0
167.93	0
169.25	0
170.03	0
171.28	0
172.19	0
172.59	0
173.52	0
183.00	0
184.31	0
185.10	0
187.60	0
188.69	0
188.79	0
189.13	0
189.60	0
128.75	0
143.25	0
160.32	0
164.90	0
171.40	0
172.98	0
176.39	0
176.87	1
41.31	1
190.85	0
206.66	0
211.54	0
219.34	0
220.52	0
220.54	0
222.12	0
13.49	1
151.84	0
156.32	0
156.89	0
156.99	0
158.51	0
158.72	0
160.66	0
8.97	1
56.57	1
96.05	1
96.10	0
98.51	0
98.78	0
100.61	0
101.53	0
23.34	1
23.76	1
26.52	0
30.73	1
31.04	1
31.71	1
32.05	1
34.63	1
2.02	1
2.63	1
2.69	1
2.73	1
2.99	1
3.26	1
3.50	1
3.71	1
51.81	0
139.50	0
160.89	0
164.23	0
165.14	0
165.18	0
165.29	0
166.44	0
80.70	0
84.05	0
84.66	0
85.76	0
86.61	0
90.31	0
90.87	0
90.89	0
45.73	1
47.46	1
49.59	1
54.16	1
54.24	1
57.56	1
57.79	1
57.99	1
69.25	0
84.75	0
84.93	0
84.96	0
85.68	0
86.65	0
87.97	0
89.06	0
91.60	1
138.29	0
149.75	0
149.95	0
150.23	0
152.15	0
154.07	0
154.88	0
32.78	1
47.55	1
86.55	1
93.15	0
96.49	0
98.60	1
99.15	0
101.95	0
11.25	1
12.85	1
13.61	1
13.62	1
114.22	0
121.55	0
127.18	0
129.80	0
7.03	1
7.83	1
26.67	1
27.61	1
101.48	0
110.36	0
113.71	0
113.93	0
42.99	1
44.44	1
56.17	1
82.15	0
83.28	0
90.06	0
91.98	0
92.60	0
17.67	1
18.66	1
19.38	1
20.06	1
20.56	1
20.63	1
21.36	1
21.56	1
