142.21	0
164.86	0
259.21	0
295.42	0
317.17	0
325.42	0
327.38	0
328.49	0
199.45	0
203.83	0
203.99	0
220.72	0
236.69	0
249.20	0
251.23	0
252.08	0
191.30	0
191.95	0
212.84	0
219.32	0
230.60	0
250.21	0
259.47	0
274.61	0
117.67	0
163.80	0
176.17	0
179.15	0
183.54	0
213.09	0
225.13	0
234.43	0
194.47	0
195.28	0
198.63	0
198.75	0
219.78	0
231.04	0
249.29	0
259.07	0
114.12	0
159.97	0
161.82	0
169.86	0
170.72	0
208.10	0
224.78	0
225.30	0
176.88	0
179.54	0
181.09	0
206.48	0
217.14	0
237.61	0
245.37	0
250.75	0
94.41	0
171.28	0
178.26	0
178.67	0
184.83	0
220.05	0
224.89	0
227.86	0
161.91	0
181.90	0
193.80	0
196.64	0
221.89	0
222.96	0
236.67	0
249.44	0
161.87	0
163.21	0
164.51	0
178.13	0
202.04	0
202.26	0
220.74	0
225.39	0
25.58	1
212.10	0
220.39	0
248.12	0
260.19	0
270.84	0
271.74	0
283.88	0
193.25	0
196.28	0
196.70	0
198.74	0
199.15	0
201.06	0
202.76	0
218.62	0
126.86	0
128.78	0
133.86	0
136.78	0
138.53	0
144.90	0
147.67	0
148.77	0
157.55	0
158.61	0
164.54	0
167.70	0
170.03	0
174.02	0
175.07	0
177.14	0
264.12	0
265.76	0
267.01	0
267.74	0
274.78	0
275.59	0
276.80	0
279.57	0
266.39	0
286.31	0
288.05	0
289.02	0
299.48	0
300.91	0
302.14	0
311.59	0
288.23	0
296.37	0
303.89	0
307.55	0
320.96	0
323.10	0
323.26	0
323.32	0
531.00	0
531.10	0
532.75	0
536.59	0
545.34	0
547.78	0
554.49	0
564.79	0
734.98	0
741.93	0
753.00	0
763.23	0
763.84	0
764.48	0
769.89	0
779.13	0
350.67	0
353.26	0
361.14	0
365.95	0
367.09	0
372.80	0
383.81	0
416.42	0
535.48	0
543.80	0
544.52	0
545.26	0
551.57	0
557.98	0
571.45	0
579.73	0
809.94	0
816.65	0
818.51	0
831.33	0
832.03	0
833.11	0
833.71	0
835.05	0
747.46	0
750.17	0
754.99	0
756.25	0
763.35	0
764.15	0
765.01	0
769.34	0
830.57	0
842.40	0
842.86	0
852.14	0
856.54	0
858.58	0
858.87	0
859.14	0
453.65	0
459.64	0
469.94	0
470.78	0
471.74	0
478.84	0
482.00	0
482.35	0
331.96	0
355.59	0
363.98	0
374.26	0
375.89	0
376.14	0
384.27	0
385.26	0
243.76	0
247.44	0
250.53	0
280.03	0
282.95	0
285.16	0
285.47	0
289.47	0
453.98	0
456.06	0
459.81	0
459.84	0
462.53	0
463.41	0
464.47	0
474.61	0
440.04	0
441.72	0
455.72	0
457.77	0
463.34	0
463.50	0
466.38	0
467.65	0
246.12	0
252.35	0
256.64	0
262.29	0
264.12	0
264.25	0
274.23	0
280.21	0
77.16	0
83.58	0
86.71	0
91.64	0
91.66	0
119.20	0
124.49	0
139.84	0
147.90	0
152.37	0
153.03	0
155.64	0
158.34	0
161.47	0
171.14	0
177.91	0
190.38	0
191.43	0
199.61	0
200.58	0
207.79	0
209.18	0
212.22	0
222.35	0
45.97	0
55.67	0
60.89	0
76.45	0
98.50	0
101.56	0
107.00	0
114.57	0
26.39	1
27.38	1
86.89	0
105.20	0
110.67	0
125.66	0
144.02	0
144.69	0
50.09	0
61.85	0
67.48	0
94.79	0
116.15	0
118.85	0
137.05	0
142.49	0
374.37	0
374.41	0
375.47	0
378.06	0
384.45	0
394.65	0
396.93	0
398.81	0
329.12	0
339.13	0
339.68	0
340.11	0
342.93	0
344.76	0
346.46	0
348.39	0
169.58	0
177.40	0
178.74	0
183.17	0
186.31	0
190.82	0
192.31	0
194.67	0
141.40	0
165.02	0
165.33	0
168.01	0
168.82	0
172.83	0
176.08	0
176.92	0
183.62	0
187.80	0
191.44	0
193.63	0
194.92	0
200.31	0
200.91	0
201.13	0
48.03	1
51.02	1
62.41	1
113.08	0
118.98	0
129.36	0
137.78	0
149.01	0
288.94	1
308.64	0
316.79	0
327.33	0
330.33	0
331.52	0
333.85	0
345.26	0
34.14	1
168.36	0
169.97	0
174.59	0
175.59	0
185.02	0
186.55	0
189.27	0
254.55	0
265.57	0
270.51	0
274.40	0
291.13	0
304.00	0
306.34	0
315.19	0
259.63	0
260.76	0
270.88	0
275.90	0
278.11	0
278.39	0
280.15	0
286.19	0
266.95	0
271.50	0
272.17	0
272.49	0
273.79	0
309.00	0
310.80	0
315.62	0
201.17	0
204.30	0
207.44	0
217.69	0
218.38	0
223.94	0
228.84	0
230.54	0
172.71	0
179.44	0
188.48	0
190.77	0
191.82	0
196.85	0
206.12	0
206.96	0
80.32	1
81.50	1
84.76	1
109.50	1
129.56	0
132.07	0
145.02	0
169.33	0
154.18	0
164.73	0
166.72	0
174.02	0
174.67	0
175.30	0
193.19	0
195.70	0
231.23	0
246.57	0
251.70	0
255.13	0
260.82	0
271.81	0
273.12	0
273.77	0
265.10	0
266.09	0
270.72	0
282.39	0
282.61	0
286.61	0
290.67	0
305.55	0
225.15	0
228.03	0
238.10	0
247.23	0
255.46	0
256.60	0
257.59	0
260.60	0
210.42	1
228.35	0
233.01	0
237.30	0
241.79	0
245.01	0
245.07	0
246.34	0
27.91	1
282.38	0
284.59	0
290.82	0
293.23	0
296.16	0
298.74	0
306.49	0
204.85	0
209.57	0
220.82	0
224.14	0
244.96	0
255.09	0
260.13	0
261.71	0
137.24	1
161.17	0
172.06	0
172.45	0
182.17	0
186.35	0
186.80	0
190.47	0
162.82	0
163.80	1
176.52	0
186.92	0
193.70	0
196.62	0
198.17	0
198.37	0
205.56	0
215.86	0
224.42	0
226.65	0
228.34	0
231.87	0
232.14	0
234.47	0
273.00	0
275.34	0
280.41	0
282.32	0
298.13	0
307.90	0
309.66	0
312.65	0
286.70	0
288.15	0
295.56	0
297.43	0
301.73	0
309.35	0
313.76	0
314.44	0
265.00	0
267.73	0
272.01	0
280.17	0
284.00	0
286.90	0
288.57	0
295.02	0
212.92	0
214.81	0
221.19	0
224.26	0
225.97	0
226.85	0
227.54	0
248.92	0
144.81	0
147.73	0
150.31	0
151.11	0
164.97	0
193.20	0
196.91	0
212.12	0
227.24	0
227.87	0
258.78	0
261.84	0
268.25	0
269.64	0
288.29	0
289.53	0
404.61	0
411.00	0
434.04	0
435.72	0
438.15	0
439.05	0
441.22	0
444.27	0
254.84	0
257.44	0
259.12	0
271.11	0
286.37	0
292.53	0
321.09	0
323.62	0
171.25	0
187.46	0
191.25	0
194.64	0
207.38	0
225.88	0
227.81	0
230.37	0
291.57	0
303.82	0
309.58	0
314.33	0
323.44	0
324.71	0
330.92	0
331.97	0
163.51	0
163.62	0
171.36	0
181.44	0
186.09	0
186.29	0
207.49	0
215.85	0
304.41	1
321.79	0
326.24	0
328.57	0
344.82	0
356.71	0
356.72	0
359.10	0
383.58	0
394.11	0
397.27	0
397.88	0
398.42	0
403.79	0
407.57	0
408.95	0
260.39	0
262.18	0
264.80	0
275.66	0
292.09	0
296.07	0
312.21	0
315.79	0
279.45	0
282.75	0
292.09	0
300.27	0
308.39	0
316.26	0
332.40	0
336.16	0
170.33	1
214.21	0
215.05	0
222.54	0
225.33	0
227.78	0
229.58	0
233.93	0
326.79	0
328.41	0
338.49	0
344.33	0
350.59	0
354.49	0
358.98	0
361.09	0
175.61	0
177.02	0
186.73	0
188.46	0
201.51	0
202.86	0
227.14	0
228.00	0
283.84	1
351.27	0
352.47	1
377.16	0
401.31	0
406.73	0
409.97	0
410.76	0
197.29	0
201.03	0
223.11	0
295.28	0
304.20	0
305.76	0
309.24	0
309.66	0
518.30	0
564.51	0
588.03	0
597.96	0
632.37	0
635.89	0
640.46	0
641.45	0
161.05	0
165.28	0
167.37	0
170.34	0
175.16	0
191.82	0
194.64	0
195.54	0
332.85	0
333.80	0
341.38	0
345.71	0
348.23	0
382.73	0
387.42	0
392.92	0
437.44	1
458.22	0
496.56	0
499.45	0
507.13	0
531.27	0
535.12	0
540.59	0
103.79	1
232.22	0
243.61	0
288.51	0
291.89	0
304.52	0
310.97	0
322.03	0
592.07	0
676.01	0
735.15	0
737.34	0
749.92	0
750.01	0
752.62	0
753.27	0
242.84	1
250.17	0
250.54	0
265.74	0
266.52	0
293.96	0
313.71	0
314.06	0
168.34	0
176.71	0
177.65	0
178.58	0
193.85	0
193.94	0
198.07	0
198.22	0
108.51	0
116.99	0
119.58	0
126.50	0
128.14	0
131.82	0
135.02	0
136.06	0
184.38	0
184.71	0
193.92	0
195.45	0
196.00	0
196.83	0
209.24	0
211.38	0
12.57	1
55.12	0
70.86	0
73.05	0
90.54	0
109.57	0
114.09	0
116.41	0
322.57	0
325.21	0
333.14	0
337.77	0
337.95	0
366.01	0
376.42	0
378.69	0
253.10	1
292.58	0
294.59	0
296.76	0
306.41	0
317.25	0
321.49	0
328.37	0
328.53	0
349.24	0
352.05	0
360.88	0
362.11	0
366.46	0
368.66	0
373.35	0
101.53	0
104.46	0
116.13	0
119.83	0
128.55	0
151.14	0
151.96	0
156.06	0
257.58	1
303.59	0
309.75	0
313.96	0
315.40	0
323.06	0
324.04	0
324.17	0
336.83	0
350.08	0
355.91	0
355.96	0
360.44	0
362.41	0
366.83	0
368.77	0
200.51	0
206.73	0
207.34	0
222.31	0
223.21	0
225.51	0
232.06	0
233.88	0
282.62	0
286.48	0
288.08	0
288.11	0
295.81	0
315.29	0
320.29	0
324.45	0
328.12	0
333.68	0
336.97	0
340.04	0
344.96	0
365.38	0
369.61	0
377.32	0
307.29	0
315.95	0
317.11	0
317.51	0
318.84	0
322.40	0
323.53	0
333.02	0
177.05	0
184.20	0
197.76	0
200.58	0
202.39	0
202.44	0
215.80	0
216.93	0
252.47	1
286.53	0
287.42	0
289.01	0
297.03	0
298.68	0
304.71	0
307.49	0
334.30	0
350.11	0
355.84	0
356.52	0
359.20	0
359.41	0
359.84	0
359.95	0
203.40	0
209.03	0
209.47	0
214.70	0
228.95	0
230.06	0
248.30	0
266.94	0
218.74	1
269.22	0
270.10	0
273.93	0
289.84	0
290.91	0
291.45	0
295.40	0
275.52	0
284.53	0
292.36	0
307.26	0
308.36	0
309.79	0
314.98	0
315.45	0
243.19	0
244.34	0
249.66	0
252.56	0
286.03	0
288.01	0
307.43	0
310.40	0
269.24	0
310.54	0
313.28	0
317.51	0
332.81	0
333.70	0
333.71	0
340.57	0
130.05	0
133.13	0
134.94	0
139.10	0
162.05	0
168.72	0
183.48	0
184.88	0
22.41	1
41.35	1
42.33	1
48.63	0
92.05	1
94.67	0
103.08	1
103.76	0
77.16	1
161.92	0
164.01	0
164.30	0
168.57	0
176.59	0
177.80	0
190.58	0
84.78	1
196.59	0
202.54	0
204.95	0
210.97	0
212.72	0
214.38	0
215.57	0
152.40	0
161.12	0
163.90	0
170.79	0
173.88	0
176.78	0
185.02	0
186.87	0
246.93	0
247.69	0
252.36	0
265.71	0
266.12	0
268.02	0
268.42	0
273.62	0
171.75	0
194.44	0
216.83	0
227.79	0
236.04	0
237.78	1
244.12	0
245.93	0
251.37	0
251.51	0
258.09	0
259.38	0
265.48	0
267.61	0
276.07	0
278.25	0
526.69	0
527.76	0
530.53	0
534.61	0
536.16	0
541.19	0
543.60	0
551.84	0
481.48	0
486.60	0
489.96	0
491.10	0
501.48	0
502.88	0
506.15	0
507.89	0
435.11	0
456.37	0
460.35	0
463.96	0
465.92	0
472.92	0
473.84	0
477.55	0
415.52	0
427.80	0
431.25	0
438.12	0
442.28	0
447.13	0
448.96	0
450.70	0
417.87	0
433.05	0
437.32	0
453.68	0
453.75	0
458.26	0
459.80	0
462.95	0
243.06	0
245.68	0
250.36	0
250.40	0
251.86	0
268.34	0
270.56	0
276.55	0
115.35	0
118.03	0
118.32	0
124.03	0
132.14	0
134.54	0
141.79	0
146.86	0
115.75	0
136.57	0
171.52	0
174.60	0
175.86	0
180.50	0
180.87	0
183.46	0
203.33	0
216.32	0
217.17	0
218.35	0
220.45	0
224.92	0
227.43	0
241.30	0
170.23	0
207.19	0
245.49	0
245.85	0
248.17	0
249.66	0
249.72	0
256.57	0
249.14	0
252.58	0
253.32	0
263.82	0
271.79	0
278.20	0
283.50	0
287.59	0
78.10	0
81.27	0
84.29	0
89.09	0
91.77	0
99.29	0
102.37	0
102.98	0
3.74	1
21.07	1
37.61	1
39.21	1
48.29	0
86.38	1
94.72	0
99.07	0
142.38	0
165.51	0
165.86	0
169.04	0
172.90	0
181.76	0
186.16	0
188.08	0
121.71	0
124.41	0
125.94	0
130.00	0
138.18	0
141.58	0
144.61	0
147.53	0
174.26	0
179.37	0
180.13	0
195.14	0
195.85	0
198.68	0
201.74	0
201.75	0
170.75	0
170.79	0
175.75	0
179.50	0
180.08	0
182.77	0
185.52	0
188.26	0
136.55	0
144.41	0
146.26	0
147.84	0
158.32	0
161.73	0
162.11	0
166.34	0
96.41	0
123.61	0
125.49	0
129.23	0
132.06	0
134.77	0
140.92	0
143.03	0
123.59	0
124.12	1
143.38	0
162.78	0
169.39	0
171.13	0
171.98	0
178.84	0
132.59	0
182.63	0
203.46	0
214.19	0
217.22	0
221.49	0
222.45	0
227.28	0
117.12	0
129.98	0
133.24	0
134.10	0
138.81	0
148.41	0
154.73	0
158.47	0
148.43	0
151.14	0
155.05	0
163.90	0
166.78	0
168.66	0
170.16	0
180.38	0
204.12	0
212.22	0
213.70	0
222.72	0
222.96	0
223.66	0
226.00	0
231.03	0
236.04	0
243.83	0
249.55	0
249.86	0
258.91	0
267.39	0
267.65	0
281.57	0
81.04	0
90.57	0
97.64	0
100.52	0
103.27	0
103.50	0
121.61	0
124.82	0
234.68	0
234.72	0
237.64	0
256.88	0
257.70	0
261.92	0
262.90	0
266.69	0
162.84	0
163.59	0
168.87	0
170.96	0
171.80	0
172.80	0
176.47	0
178.47	0
182.36	0
184.34	0
189.09	0
191.86	0
194.82	0
198.72	0
206.49	0
210.70	0
90.78	1
142.65	0
143.40	0
143.48	0
145.16	0
147.65	0
147.94	0
151.70	0
34.83	1
143.46	0
208.19	0
214.98	0
222.83	0
223.78	0
228.86	0
230.45	0
13.40	1
165.32	0
203.87	0
225.89	0
231.08	0
231.77	0
234.60	0
239.46	0
28.68	1
211.25	0
226.62	0
231.24	0
231.39	0
239.88	0
248.07	0
257.15	0
54.73	1
125.37	0
135.69	0
138.77	0
149.03	1
149.26	0
151.50	0
151.90	0
11.09	1
11.25	1
32.45	1
48.61	1
49.33	1
57.14	0
96.47	1
105.28	0
36.56	1
170.30	0
170.47	0
171.55	0
174.11	0
178.64	0
180.07	0
189.39	0
12.51	1
126.74	0
127.98	0
132.48	0
135.05	0
136.70	0
136.76	0
139.42	0
44.69	0
159.61	0
200.26	0
204.77	0
207.72	0
208.76	0
216.37	0
217.63	0
25.34	1
114.47	0
123.00	0
153.08	0
162.50	0
166.60	0
167.09	0
168.61	0
23.77	1
111.18	0
121.52	0
139.30	0
139.66	0
146.25	0
146.45	0
151.99	0
46.00	0
125.84	0
132.01	0
138.47	0
143.35	0
144.04	1
156.21	0
158.13	0
112.98	1
118.96	0
123.42	0
145.01	1
162.95	1
171.92	1
175.37	0
176.33	1
211.51	0
216.27	0
219.19	0
219.98	0
221.75	1
224.53	0
232.71	0
234.96	0
27.74	1
72.59	0
92.50	0
96.23	0
102.32	0
102.60	0
105.93	0
113.98	0
106.65	1
121.45	1
136.55	1
154.69	0
157.99	0
163.25	0
169.76	1
176.29	0
177.61	1
178.66	0
181.97	0
185.16	0
188.44	0
190.47	0
190.65	0
192.65	0
10.82	1
99.38	0
103.02	0
109.09	0
109.74	0
119.39	0
119.85	0
127.04	0
15.14	1
163.18	0
171.75	0
178.66	0
182.01	0
184.68	0
188.14	0
191.36	0
171.81	0
174.49	0
179.58	0
181.74	0
184.15	0
185.87	0
195.45	0
212.90	0
76.25	1
81.79	0
120.81	0
140.79	0
143.47	0
147.20	0
149.78	0
151.78	0
65.20	0
149.49	0
149.78	0
160.38	0
174.50	0
183.63	0
185.78	0
190.00	0
134.33	1
156.68	0
156.98	0
176.44	1
179.77	0
181.52	0
183.46	0
187.14	0
188.45	0
208.09	0
219.09	0
225.29	0
227.82	0
232.71	0
245.00	0
247.05	0
185.94	0
199.34	0
199.50	0
209.12	0
220.49	0
225.80	0
227.80	0
231.19	0
249.99	0
250.03	0
253.16	0
253.43	0
264.85	0
268.56	0
271.98	0
276.73	0
282.42	0
284.38	0
287.52	0
289.96	0
291.51	0
302.53	0
304.74	0
309.10	0
373.91	0
375.18	0
379.16	0
382.53	0
384.35	0
392.54	0
393.39	0
400.29	0
240.72	0
277.20	0
279.81	1
283.94	0
284.22	0
284.70	0
286.93	0
287.74	0
207.56	0
222.45	0
226.50	0
227.65	0
230.24	0
236.90	0
238.68	0
240.61	0
200.51	0
203.94	0
212.01	0
214.74	0
216.86	0
224.01	0
225.98	0
227.01	0
35.80	1
82.50	0
82.64	0
89.27	0
92.85	0
100.29	0
100.65	0
101.38	0
68.26	1
109.32	0
125.07	1
159.12	0
161.56	0
172.28	1
177.12	0
178.26	0
89.76	1
122.16	0
145.54	0
158.65	0
163.68	0
178.34	0
179.25	0
180.98	0
20.71	1
42.79	1
150.39	0
151.60	0
152.02	0
154.18	0
156.86	0
167.43	0
57.34	1
59.72	1
105.58	0
114.86	0
115.05	0
130.16	0
132.64	0
141.18	0
76.88	1
100.55	1
111.33	0
118.66	0
120.81	0
129.25	0
131.73	0
133.62	0
3.57	1
3.72	1
8.86	1
19.66	1
37.95	1
38.86	1
47.53	0
84.77	1
133.13	0
134.75	0
136.30	0
140.52	0
141.55	0
142.97	0
148.22	0
153.46	0
153.50	0
157.14	0
160.15	0
160.25	0
160.90	0
162.41	0
163.45	0
164.28	0
169.33	0
178.37	0
178.87	0
182.62	0
183.94	0
188.07	0
188.33	0
191.57	0
171.41	0
176.82	0
180.95	0
181.73	0
188.65	0
194.35	0
194.92	0
196.68	0
139.52	0
142.73	0
142.83	0
154.68	0
161.93	0
167.02	0
168.72	0
169.21	0
184.50	0
186.73	0
188.62	0
189.26	0
191.09	0
191.46	0
202.25	0
207.57	0
155.16	0
163.50	0
165.51	0
166.80	0
172.18	0
176.69	0
180.77	0
181.06	0
75.91	0
78.71	0
83.45	0
85.16	0
90.23	0
92.43	0
95.63	0
99.66	0
6.18	1
8.59	1
9.95	1
18.02	1
18.28	1
33.60	1
33.71	1
44.78	0
114.82	1
155.42	0
160.00	0
160.16	0
161.29	0
162.06	0
163.11	0
164.04	0
14.46	1
160.96	0
161.18	0
164.63	0
167.06	0
169.79	0
172.03	0
177.38	0
3.37	1
136.57	0
141.27	0
143.51	0
154.96	0
157.43	0
164.08	0
164.11	0
19.36	1
150.61	0
157.47	0
159.49	0
160.19	0
160.86	0
162.64	0
164.36	0
7.11	1
151.14	0
154.67	0
154.89	0
160.61	0
162.07	0
169.32	0
171.85	0
94.10	1
125.42	0
132.47	0
134.69	0
138.63	0
141.79	0
142.97	0
144.55	0
127.28	1
147.43	0
155.59	0
162.81	0
165.53	0
170.77	0
175.28	0
177.31	0
222.29	0
222.52	0
223.17	0
235.05	0
237.61	0
238.02	0
240.94	0
247.18	0
288.39	0
301.65	0
306.78	0
325.22	0
328.04	0
330.27	0
331.78	0
334.49	0
333.33	0
337.85	0
349.39	0
350.05	0
358.10	0
368.88	0
370.57	0
370.99	0
430.33	0
444.78	0
459.95	0
461.11	0
463.18	0
465.71	0
472.21	0
476.53	0
175.46	0
195.10	0
199.75	0
204.19	0
206.14	0
213.23	0
218.56	0
218.63	0
339.13	0
347.53	0
350.42	0
351.19	0
351.94	0
352.00	0
356.71	0
362.03	0
220.72	0
224.82	0
231.10	0
232.30	0
236.86	0
240.68	0
251.44	0
253.05	0
352.65	0
361.62	0
366.88	0
367.15	0
368.84	0
375.19	0
380.31	0
380.70	0
339.66	0
347.42	0
349.72	0
351.29	0
359.35	0
360.53	0
361.17	0
364.18	0
262.81	0
267.95	0
270.31	0
275.48	0
275.89	0
276.96	0
280.90	0
282.61	0
185.13	0
191.65	1
201.73	0
207.53	0
214.16	0
217.85	0
220.23	0
220.53	0
266.47	0
267.45	0
269.70	0
272.54	0
273.83	0
279.87	0
281.18	0
283.11	0
170.66	0
173.41	0
176.56	0
180.35	0
184.12	0
186.24	0
186.42	0
189.32	0
259.96	0
263.15	0
270.03	0
270.90	0
270.91	0
276.46	0
276.69	0
278.43	0
238.41	0
246.07	0
247.04	0
247.29	0
247.94	0
248.13	0
250.52	0
255.49	0
94.77	1
118.17	0
121.63	0
121.77	0
124.16	0
127.35	0
128.19	0
130.13	0
181.83	0
196.30	0
214.47	0
218.71	0
223.72	0
226.86	0
231.84	0
235.95	0
89.01	1
118.74	1
119.35	1
127.78	0
133.22	0
135.68	0
135.73	0
145.81	0
22.12	1
23.09	1
23.83	1
25.28	1
29.95	1
42.19	1
53.82	0
58.80	1
42.58	1
126.13	1
160.19	0
175.96	0
176.55	0
176.78	0
178.01	0
180.04	0
3.06	1
15.01	1
158.02	0
159.79	0
161.20	0
163.37	0
164.91	0
166.43	0
1.14	1
4.19	1
134.55	0
139.03	0
142.29	0
147.79	0
148.62	0
153.01	0
4.65	1
23.74	1
147.84	0
148.07	0
154.67	0
156.73	0
157.10	0
157.81	0
3.23	1
10.28	1
149.93	0
153.04	0
155.65	0
158.14	0
160.16	0
162.04	0
118.07	0
184.67	0
187.12	0
189.23	0
199.20	0
201.23	0
203.95	0
204.01	0
170.02	1
206.82	0
213.48	0
213.82	1
214.63	1
217.62	0
219.16	0
220.42	0
260.23	0
266.93	0
270.61	0
273.99	0
277.10	0
284.01	0
284.22	0
286.56	0
254.22	0
259.57	0
265.09	0
266.15	0
266.70	0
268.74	0
270.91	0
273.16	0
182.13	0
190.40	0
195.71	0
197.55	0
197.55	0
197.88	0
198.18	0
203.14	0
165.71	0
189.56	0
189.92	0
190.12	0
196.58	0
197.29	0
197.74	0
198.97	0
123.57	0
131.35	0
133.85	0
136.47	0
138.65	0
143.67	0
150.54	0
151.00	0
22.13	1
27.34	1
159.62	0
161.62	0
166.73	0
167.30	0
168.34	0
172.94	0
186.01	0
188.67	0
196.95	0
203.05	0
208.08	0
211.15	0
211.47	0
212.10	0
196.98	1
206.75	0
225.49	0
232.94	0
234.95	0
237.70	0
239.91	0
242.47	0
290.20	0
290.32	0
293.61	0
299.92	0
300.39	0
302.20	0
303.84	0
304.35	0
90.58	1
97.74	1
101.28	1
127.08	0
147.15	0
149.99	0
151.33	0
153.13	0
158.94	0
170.58	0
175.08	0
177.45	0
180.51	0
181.55	0
183.48	0
185.32	0
171.81	0
177.17	0
177.38	0
178.67	0
184.33	0
187.04	0
193.63	0
198.79	0
29.39	1
38.83	1
45.54	1
59.17	0
64.35	0
83.87	0
84.77	0
91.62	0
162.01	0
163.72	0
170.99	0
173.46	0
175.82	0
176.22	0
177.11	0
177.42	0
38.99	1
63.49	0
65.37	0
67.16	0
69.31	0
71.78	1
74.03	0
74.64	0
8.37	1
9.01	1
9.15	1
9.63	1
12.15	1
13.41	1
23.32	1
39.48	1
22.56	1
42.56	1
119.22	1
144.84	0
154.07	0
158.33	0
159.56	0
162.05	0
2.15	1
3.13	1
14.45	1
158.56	0
159.35	0
161.96	0
162.03	0
163.58	0
1.03	1
1.49	1
4.83	1
133.45	0
138.10	0
140.54	0
143.02	0
146.98	0
4.46	1
5.35	1
31.42	1
115.69	0
148.47	0
148.95	0
151.08	0
151.09	0
2.14	1
2.97	1
12.38	1
18.96	1
148.27	0
148.93	0
150.19	0
152.21	0
21.06	1
88.15	1
123.31	0
124.52	0
125.80	0
126.14	0
130.31	0
135.45	0
122.65	1
155.38	1
184.87	0
190.36	0
193.14	0
193.97	0
194.37	0
196.95	0
192.68	0
194.41	0
198.06	0
198.57	0
212.30	0
215.83	0
216.71	0
216.71	0
211.41	0
213.93	0
215.52	0
217.65	0
221.94	0
224.68	0
230.06	0
231.98	0
231.60	0
232.92	0
239.52	0
246.03	0
252.23	0
255.76	0
256.08	0
256.46	0
232.26	0
242.34	0
246.93	1
248.23	0
253.41	0
255.44	0
256.35	0
256.69	0
291.67	0
292.21	0
301.14	0
316.85	0
322.31	0
323.20	1
325.96	0
328.12	0
159.07	0
173.67	0
183.34	0
184.06	0
203.04	0
214.11	0
214.26	0
220.22	0
162.40	0
171.54	0
173.49	0
178.30	0
178.66	0
179.31	0
181.14	0
182.41	0
131.17	0
143.30	0
145.47	0
147.16	0
151.42	0
154.27	0
155.81	1
156.05	0
40.45	1
51.36	1
57.70	1
199.98	0
203.40	0
208.08	0
210.16	0
211.81	0
6.84	1
6.88	1
7.61	1
137.62	0
140.68	0
141.62	0
141.81	0
144.95	0
19.86	1
22.19	1
24.75	1
141.68	0
176.30	0
177.05	0
177.69	0
177.89	0
5.82	1
6.14	1
11.25	1
21.30	1
148.97	0
149.33	0
151.88	0
153.26	0
129.88	1
174.15	0
187.87	0
207.09	1
209.82	1
217.57	0
221.38	0
222.89	0
182.55	0
189.28	0
206.97	0
210.00	0
214.17	0
214.90	0
216.24	0
216.91	0
86.60	0
97.78	0
99.72	0
103.43	0
103.62	0
107.98	0
108.99	0
110.19	0
156.16	0
177.50	1
184.33	0
198.73	0
200.02	0
201.77	0
203.30	0
205.59	0
288.31	0
318.90	0
323.44	0
325.54	0
326.94	0
328.00	0
331.52	0
332.79	0
293.24	0
301.28	0
306.39	0
307.06	0
311.05	0
311.16	0
313.11	0
314.26	0
206.03	1
211.79	1
253.13	0
254.70	0
255.86	0
257.25	0
261.01	0
261.97	0
79.44	1
99.15	1
114.74	0
118.61	0
174.21	0
212.16	0
216.72	0
237.89	0
271.08	0
291.11	0
312.27	0
316.23	0
316.97	0
319.59	0
322.31	0
323.30	0
127.09	0
139.33	0
141.63	0
146.60	0
148.19	0
151.81	1
156.32	0
156.71	0
218.09	0
226.55	0
228.56	0
230.16	0
233.76	0
234.11	0
235.44	0
235.45	0
223.51	0
230.42	0
230.47	0
236.99	0
238.13	0
239.73	0
240.29	0
243.21	0
150.98	0
153.02	0
164.36	0
164.97	0
168.30	0
168.60	0
170.15	0
174.42	0
120.80	0
131.47	0
131.85	0
133.07	0
134.78	0
139.33	0
140.37	0
140.82	0
73.55	1
103.18	1
104.01	1
106.74	1
118.96	0
126.83	0
126.89	0
131.47	1
123.61	0
126.50	0
131.04	0
131.10	0
132.99	0
133.23	0
136.28	0
137.01	0
96.23	0
98.29	0
102.97	0
103.01	0
104.62	0
105.01	0
105.77	1
106.82	0
219.55	0
246.08	0
246.13	0
246.84	0
251.48	0
252.41	0
254.10	0
254.61	0
105.70	0
109.17	0
109.82	0
111.60	0
112.62	0
115.36	0
118.88	0
119.60	0
15.49	1
19.20	1
24.81	1
29.70	1
151.49	0
154.04	0
154.70	0
155.45	0
154.19	1
173.01	0
216.94	0
221.05	0
228.22	0
245.30	0
249.93	0
253.95	0
20.32	1
148.14	0
148.86	0
164.70	0
168.80	0
170.03	0
171.35	0
182.70	0
17.24	1
45.46	1
56.43	1
57.81	1
66.46	0
67.58	0
91.35	0
91.72	0
15.57	1
140.86	0
147.03	0
168.90	0
169.61	0
179.97	0
181.26	0
181.41	0
191.52	1
292.63	0
331.23	0
341.35	0
344.27	0
347.69	0
349.09	0
352.95	0
101.34	1
214.73	0
306.95	0
312.65	0
315.96	0
318.36	0
319.65	0
327.53	0
89.21	1
91.81	1
94.88	1
121.79	0
123.39	0
127.45	0
131.79	0
137.31	0
23.14	1
44.06	1
62.50	0
67.22	0
68.34	1
71.07	0
77.35	0
78.42	0
2.77	1
3.27	1
3.96	1
8.27	1
8.67	1
12.32	1
21.17	1
21.65	1
217.50	0
233.39	0
241.46	0
258.49	0
259.58	0
287.60	0
287.74	0
294.07	0
184.12	0
192.25	0
193.41	0
197.60	0
203.60	0
204.32	0
205.22	0
205.47	0
186.76	0
188.82	0
191.66	0
195.72	0
197.15	0
198.64	0
199.22	0
199.42	0
195.97	0
202.61	0
203.28	0
204.98	0
207.61	0
212.87	0
212.90	0
213.23	0
104.66	0
105.52	0
107.00	0
111.06	0
111.87	0
115.26	0
117.24	0
118.32	0
182.23	0
186.52	0
190.98	0
207.00	1
209.26	0
210.39	1
214.05	0
216.77	0
217.30	0
259.72	0
260.50	0
261.71	0
262.27	0
268.41	0
276.21	0
277.08	0
127.49	0
131.40	1
136.35	0
152.21	0
156.08	0
157.76	0
158.33	0
159.30	0
81.70	1
91.19	1
134.56	1
134.69	1
147.26	1
156.52	0
159.17	0
164.70	0
8.66	1
10.33	1
10.50	1
13.24	1
44.36	1
142.43	0
156.18	0
163.14	0
1.82	1
2.96	1
2.98	1
6.06	1
7.76	1
115.22	0
133.75	0
138.88	0
7.47	1
12.56	1
12.82	1
31.17	1
39.26	1
117.57	0
123.29	0
148.60	0
3.08	1
4.55	1
4.89	1
6.74	1
13.44	1
13.58	1
20.21	1
132.10	0
129.67	1
130.52	1
150.54	1
169.01	0
204.43	0
210.58	0
211.36	1
213.53	0
207.58	0
245.24	0
255.40	0
265.88	0
266.16	0
271.50	0
275.03	0
275.21	0
248.74	0
275.06	0
279.23	0
287.31	0
288.85	0
289.72	0
293.79	0
294.55	0
215.16	0
216.98	0
217.38	0
220.98	0
225.38	0
226.39	0
226.60	0
228.26	0
104.56	1
108.96	0
133.39	0
137.86	0
139.29	0
142.63	0
142.67	0
142.94	0
128.39	1
181.24	0
181.58	0
183.45	0
185.30	0
192.27	0
196.70	0
197.15	0
148.35	0
194.78	0
197.12	1
207.06	1
211.61	1
219.01	1
220.76	1
225.81	0
175.13	1
192.80	0
260.64	0
261.32	0
268.62	0
269.14	0
277.72	0
279.42	0
42.39	1
180.24	1
182.24	1
188.81	0
199.30	0
221.63	0
223.69	0
224.31	0
9.33	1
84.13	1
110.98	1
118.28	0
121.33	0
184.84	0
217.76	0
221.40	0
68.39	1
162.60	0
173.67	0
230.12	0
231.91	0
256.66	0
258.26	0
260.19	0
119.13	0
164.03	0
164.56	0
170.93	0
174.56	0
174.78	0
175.54	0
180.35	0
136.40	1
216.80	0
217.43	0
222.49	0
224.82	0
239.78	0
240.18	0
242.92	0
102.09	1
126.64	0
196.08	0
204.27	0
204.27	0
213.23	0
216.75	0
217.98	0
99.20	1
167.77	0
190.77	0
203.97	0
216.13	0
219.67	1
223.29	0
226.93	0
16.93	1
18.94	1
22.94	1
24.37	1
26.84	1
166.72	0
174.61	0
179.86	0
3.16	1
4.29	1
4.59	1
4.78	1
5.39	1
118.42	0
135.12	0
139.37	0
14.47	1
15.47	1
15.54	1
17.13	1
29.64	1
128.61	0
135.30	0
157.75	0
4.19	1
6.12	1
6.43	1
6.64	1
12.38	1
13.98	1
21.90	1
131.10	0
182.61	1
182.71	0
208.66	0
220.11	1
223.39	1
243.04	0
246.47	0
256.40	0
228.43	0
299.30	0
306.22	0
309.63	0
317.35	0
323.57	0
324.20	0
328.74	0
33.81	1
94.10	0
114.03	0
114.91	0
116.30	0
117.27	0
118.96	0
121.33	0
179.82	1
201.65	0
209.85	0
218.89	0
230.74	0
237.06	0
270.49	0
276.09	0
4.77	1
113.07	0
114.72	0
114.81	0
115.23	0
116.10	0
118.32	0
119.48	0
4.45	1
16.26	1
16.51	1
16.92	1
19.51	1
26.75	1
28.58	1
131.77	0
109.68	1
210.19	0
237.27	1
264.03	0
265.95	0
272.25	0
272.92	0
276.07	0
9.67	1
21.26	1
142.32	0
145.09	0
152.23	0
153.92	0
172.18	0
174.84	0
11.82	1
12.01	1
41.57	1
52.90	1
54.03	1
68.14	0
69.88	0
84.98	0
10.66	1
10.83	1
136.55	0
138.71	0
148.96	0
149.27	0
169.56	0
170.72	0
213.10	0
220.82	0
223.82	0
237.99	0
240.13	0
243.75	0
248.45	0
248.99	0
153.05	0
163.17	0
165.92	1
171.30	0
177.38	0
183.53	0
183.61	0
183.95	0
159.37	1
165.19	0
176.84	1
179.97	0
194.92	0
200.90	0
201.81	1
214.19	1
209.27	0
212.71	0
214.82	0
215.30	0
215.85	0
218.66	0
220.34	0
220.52	0
176.06	0
191.48	0
202.73	0
209.18	0
218.80	0
227.58	0
232.72	0
235.69	0
114.85	1
137.32	1
144.99	1
170.40	1
172.58	0
172.76	0
176.93	0
179.57	0
187.88	0
194.88	0
262.60	0
264.87	0
269.66	0
272.07	0
274.89	0
276.99	0
189.28	0
189.95	0
199.59	0
200.04	0
204.14	0
205.20	0
213.82	0
216.93	0
85.94	0
90.86	0
93.38	0
97.95	0
98.22	0
105.29	0
110.31	0
111.03	0
210.08	0
223.10	0
243.14	0
246.09	0
252.09	0
255.49	0
256.64	0
257.60	0
91.70	0
95.12	0
103.64	0
104.35	0
113.42	0
116.10	0
120.10	0
122.02	0
81.21	1
102.76	0
114.76	1
115.11	0
124.43	1
133.53	1
136.26	0
143.52	1
161.79	0
165.82	0
166.06	0
166.85	0
173.80	0
173.99	0
175.29	0
177.02	0
32.36	1
32.86	1
46.38	1
77.55	1
86.10	0
87.88	0
88.73	0
90.00	0
9.90	1
12.06	1
13.06	1
13.44	1
14.80	1
15.21	1
16.63	1
22.55	1
60.59	1
154.85	0
161.31	0
169.00	0
170.01	0
170.26	0
173.30	0
173.88	0
61.73	1
149.09	1
155.51	1
190.73	0
190.95	0
194.37	0
194.99	0
199.49	0
45.33	1
88.53	1
149.42	1
151.77	1
153.27	1
159.22	1
174.85	0
197.73	0
3.75	1
6.56	1
9.39	1
9.48	1
9.82	1
18.02	1
43.39	1
152.72	0
2.03	1
3.33	1
3.62	1
4.49	1
4.52	1
5.85	1
8.92	1
124.60	0
9.64	1
9.65	1
10.13	1
10.88	1
12.24	1
19.45	1
21.36	1
124.11	0
5.10	1
8.01	1
8.85	1
10.04	1
10.07	1
10.18	1
10.41	1
22.14	1
159.12	0
201.51	0
203.75	0
207.09	0
211.32	0
211.96	0
214.28	0
220.01	0
110.48	0
123.17	0
128.25	0
131.56	0
132.37	0
132.66	0
133.20	0
134.17	0
37.95	1
68.52	0
69.12	0
73.73	0
78.10	0
80.15	0
80.39	0
81.66	0
1.90	1
6.89	1
8.42	1
9.15	1
9.77	1
11.73	1
15.60	1
18.94	1
32.85	1
40.63	1
60.40	1
136.37	1
159.11	1
160.95	0
163.18	1
166.03	0
3.37	1
3.58	1
5.69	1
10.75	1
11.65	1
15.87	1
27.41	1
58.13	1
1.71	1
2.61	1
2.82	1
3.62	1
3.85	1
5.33	1
7.22	1
9.69	1
10.03	1
13.24	1
15.91	1
20.84	1
22.57	1
23.24	1
28.63	1
33.77	1
4.80	1
5.56	1
6.19	1
8.19	1
9.06	1
10.08	1
10.35	1
10.69	1
55.21	1
56.78	1
101.30	1
125.40	1
128.18	1
144.09	0
149.09	0
150.20	0
98.92	0
127.19	0
191.48	0
193.90	0
202.23	0
206.70	1
211.73	0
234.89	0
107.67	0
115.21	0
118.24	0
118.32	1
127.81	0
130.62	0
141.28	0
149.00	0
266.45	0
274.56	0
275.63	0
278.52	0
285.16	0
285.52	0
286.12	0
286.15	0
80.85	1
97.83	1
106.74	0
118.44	0
118.82	0
120.12	0
120.54	0
120.97	0
257.07	0
279.17	0
282.58	0
284.24	0
286.41	0
286.83	0
287.10	0
287.10	0
147.73	0
148.19	0
148.53	0
158.50	0
158.61	0
164.37	0
166.06	0
167.34	0
300.43	0
301.88	0
307.24	0
313.81	0
315.14	0
316.27	0
321.10	0
322.07	0
231.54	0
234.84	0
234.93	0
235.86	0
236.41	0
237.65	0
237.91	0
238.54	0
125.19	0
125.72	0
128.09	0
128.33	0
128.66	0
128.98	0
130.67	0
130.80	0
50.94	1
59.84	0
76.34	0
81.07	0
82.88	0
85.99	0
91.15	0
91.86	0
346.59	0
347.66	0
349.59	0
351.65	0
356.00	0
359.20	0
359.52	0
359.70	0
135.60	0
143.12	0
146.00	0
148.01	0
150.56	0
151.46	1
152.13	0
152.16	0
138.41	0
161.60	0
183.91	0
189.62	0
195.44	0
208.79	0
210.32	0
213.06	0
265.44	0
270.99	0
276.38	0
276.92	0
278.68	0
279.95	0
280.88	0
281.99	0
489.35	0
490.55	0
493.41	0
494.16	0
494.73	0
494.81	0
495.45	0
495.84	0
510.29	0
514.83	0
523.35	0
527.93	0
541.62	0
543.12	0
544.17	0
544.56	0
777.14	0
778.96	0
789.80	0
791.90	0
796.80	0
797.35	0
802.64	0
802.98	0
521.63	0
521.84	0
522.87	0
523.06	0
523.76	0
524.52	0
524.52	0
526.12	0
344.20	0
348.94	0
357.22	0
357.73	0
359.95	0
361.15	0
363.77	0
365.50	0
168.96	0
169.33	0
170.42	0
171.86	0
171.97	0
172.60	0
172.90	0
173.12	0
489.21	0
504.94	0
516.18	0
518.21	0
518.57	0
520.12	0
521.53	0
522.44	0
172.85	0
174.90	0
181.27	0
183.40	0
184.02	0
188.06	0
189.98	0
191.69	0
20.43	1
30.88	1
31.89	1
46.97	1
74.51	1
75.72	0
77.19	0
77.44	0
3.19	1
4.01	1
4.65	1
5.07	1
5.92	1
8.06	1
8.83	1
12.62	1
140.34	0
146.72	0
150.11	0
150.69	0
163.13	0
163.94	0
211.83	0
212.04	0
102.64	0
103.32	0
105.07	0
122.08	0
136.94	0
141.34	0
142.49	0
143.60	0
169.83	1
235.16	0
245.15	0
245.31	0
247.17	0
247.50	0
248.63	0
248.69	0
251.66	1
278.29	0
283.52	0
286.04	0
287.42	0
288.31	0
289.16	0
290.38	0
87.20	0
92.14	0
130.91	1
140.45	0
145.30	0
151.08	0
159.27	0
163.66	0
180.80	0
181.93	0
202.79	0
210.82	0
213.65	0
216.31	0
217.33	0
220.59	0
166.18	1
166.42	1
195.68	0
202.19	0
206.05	0
210.25	0
212.08	0
212.70	0
271.99	0
272.79	0
273.73	0
285.52	0
285.86	0
287.04	0
287.14	0
288.13	0
184.94	0
189.91	0
198.43	0
199.70	0
204.41	0
205.59	0
207.81	0
212.69	0
14.51	1
170.99	0
171.69	0
175.73	0
177.85	0
181.49	0
189.44	0
191.67	0
69.83	0
84.46	0
90.25	0
92.99	0
103.91	0
109.85	0
111.52	0
112.53	0
190.61	0
190.87	0
194.00	0
196.15	0
196.52	0
199.97	0
200.70	0
201.38	0
87.50	0
89.03	0
90.83	0
92.55	0
93.34	0
93.92	0
96.87	0
100.07	0
316.17	0
316.39	0
316.42	0
319.35	0
320.80	0
321.41	0
327.73	0
328.62	0
231.41	0
235.23	0
242.34	0
243.87	0
244.97	0
252.35	0
252.98	0
259.75	0
177.74	0
180.23	0
189.77	0
191.00	0
198.89	0
199.79	0
202.79	0
202.97	0
243.39	0
245.42	0
245.57	0
246.39	0
246.58	0
248.48	0
249.57	0
250.69	0
297.34	0
301.36	0
312.31	0
313.57	0
315.86	0
316.40	0
316.47	0
317.65	0
99.15	0
115.14	0
126.21	0
126.34	0
129.15	0
133.07	0
134.52	0
139.23	0
55.13	1
86.08	0
91.93	1
109.70	0
113.59	0
116.65	0
116.78	0
117.29	0
211.41	0
218.82	0
220.34	0
221.61	0
222.24	0
222.88	0
228.39	0
229.41	0
212.88	0
215.03	0
218.59	0
219.93	1
221.63	0
223.45	0
226.86	0
227.01	0
198.46	0
200.58	0
202.57	0
205.96	0
206.17	0
206.48	0
210.88	0
211.45	0
142.80	0
149.14	0
169.05	0
170.06	0
172.77	0
176.28	0
177.28	0
180.27	0
123.35	1
127.82	1
164.99	1
172.51	0
174.51	0
175.62	0
176.42	0
176.88	0
217.70	0
234.89	0
235.33	0
241.11	0
241.17	0
242.17	0
243.03	0
245.23	0
13.84	1
177.17	0
177.19	0
178.46	0
180.41	0
190.95	0
195.72	0
197.29	0
21.04	1
38.14	1
39.24	1
46.97	1
58.45	1
85.52	0
87.64	1
89.44	0
1.85	1
2.01	1
3.20	1
3.28	1
3.42	1
7.20	1
8.83	1
9.04	1
68.89	1
69.80	1
85.75	1
91.98	1
194.37	1
199.66	1
200.24	0
204.18	0
2.77	1
2.88	1
3.06	1
3.08	1
8.42	1
8.80	1
13.44	1
21.59	1
1.08	1
1.32	1
1.62	1
1.84	1
3.07	1
3.55	1
4.05	1
4.74	1
4.76	1
5.28	1
5.55	1
8.87	1
10.15	1
15.23	1
16.92	1
25.22	1
2.29	1
3.61	1
3.63	1
4.05	1
4.90	1
6.28	1
6.29	1
6.95	1
54.86	1
99.43	1
103.49	1
109.62	1
141.42	1
164.01	0
166.50	0
174.50	0
74.68	0
99.52	1
141.22	0
173.34	0
189.36	0
215.35	0
221.37	0
232.13	0
146.80	0
154.74	0
168.98	0
176.17	1
178.05	1
196.04	1
198.80	0
201.90	0
125.12	1
129.41	0
145.95	0
149.83	1
154.92	1
161.29	0
164.41	0
178.51	0
138.44	0
144.21	0
175.34	0
182.68	0
184.71	0
184.79	0
184.89	0
188.50	0
161.33	0
163.47	0
165.57	0
174.11	0
174.84	0
175.73	0
177.49	0
178.05	0
108.97	0
121.98	0
125.43	0
155.48	1
156.66	0
160.40	0
163.33	0
165.75	0
121.86	0
121.98	0
123.86	0
129.13	0
130.25	0
130.78	0
138.09	0
144.85	0
131.97	0
134.17	0
138.35	0
139.88	0
145.23	0
146.54	0
148.13	0
151.20	0
167.03	0
192.24	1
200.09	0
202.32	0
205.37	0
205.93	0
205.95	0
207.83	0
166.55	0
174.46	0
182.66	0
210.23	0
213.51	0
215.63	0
217.81	0
219.52	1
220.00	0
248.27	0
273.57	0
275.77	0
277.22	0
280.96	0
300.18	0
302.68	0
202.44	0
206.77	0
217.74	0
218.78	0
219.25	0
222.00	0
222.27	0
225.66	0
150.84	0
181.25	0
189.26	1
203.81	1
208.99	0
211.26	0
213.48	0
214.59	0
272.04	0
310.75	0
319.86	0
327.27	0
327.77	0
329.98	0
333.33	0
337.76	0
70.27	1
96.96	1
105.29	1
111.78	1
127.51	0
140.80	0
147.84	0
148.53	0
118.21	0
142.25	0
148.26	0
153.86	0
155.39	0
157.17	0
157.20	0
158.91	0
98.71	0
113.61	0
115.12	0
117.17	0
117.69	0
120.36	0
122.04	0
122.83	0
41.12	1
48.41	1
49.32	1
133.66	0
134.65	0
139.74	0
147.31	0
153.00	0
88.21	1
138.39	0
145.85	0
147.43	0
157.00	0
163.01	0
163.24	0
172.66	0
8.63	1
154.62	0
160.48	0
160.51	0
162.10	0
170.09	0
172.37	0
175.79	0
5.66	1
111.04	0
113.78	0
116.83	0
117.36	0
121.24	0
122.87	0
122.89	0
6.46	1
20.88	1
23.11	1
24.61	1
24.82	1
24.84	1
26.08	1
27.23	1
38.70	1
47.30	1
47.51	1
86.13	1
90.72	1
96.00	1
103.82	0
104.53	0
156.47	0
156.73	0
157.34	0
157.55	0
160.61	0
161.76	0
163.21	0
177.20	0
191.10	0
201.06	0
201.90	0
202.64	0
203.31	0
204.89	0
215.42	1
222.93	0
158.81	0
162.03	0
164.25	0
167.67	0
168.39	0
170.08	0
173.60	0
176.05	0
132.91	0
139.27	0
140.25	0
143.00	0
148.26	0
150.92	0
152.03	0
153.72	0
108.35	1
120.25	1
129.36	1
139.55	0
146.41	0
156.24	0
159.27	0
159.91	0
124.06	0
138.35	0
139.71	0
141.04	0
143.85	0
145.90	0
146.74	0
152.57	0
106.71	0
110.25	0
112.30	0
113.77	0
114.13	0
115.56	0
116.40	0
127.22	0
48.95	0
70.22	0
73.39	0
82.34	0
99.31	0
99.92	0
102.48	0
103.37	0
96.31	0
97.24	0
108.61	0
131.27	0
132.50	0
137.70	0
139.28	0
142.99	0
166.54	0
166.59	0
168.03	0
176.75	0
179.71	0
182.82	0
185.09	0
186.82	0
192.16	0
192.58	0
196.09	0
201.30	0
204.30	0
206.06	0
206.61	0
207.89	0
36.90	1
92.16	0
95.53	0
95.98	0
99.30	0
99.70	0
100.11	0
107.51	0
36.05	1
38.13	1
42.91	1
131.92	0
133.66	0
138.57	0
143.25	0
145.11	0
25.82	1
26.79	1
31.92	1
55.26	1
66.58	1
73.85	1
82.21	0
82.64	0
146.34	0
149.85	0
150.25	0
152.70	0
153.95	0
157.34	0
158.29	0
160.45	0
189.59	0
193.76	0
196.58	0
196.98	0
200.72	0
203.32	0
203.93	0
204.73	0
29.41	1
34.51	1
35.56	1
38.24	1
44.81	1
48.03	1
78.30	0
81.00	0
4.48	1
8.00	1
8.56	1
9.33	1
9.63	1
11.16	1
12.44	1
12.44	1
174.27	0
175.49	0
178.63	0
190.07	0
191.71	0
191.75	0
197.95	0
200.16	0
254.36	0
256.45	0
257.87	0
260.26	0
265.50	0
266.63	0
267.08	0
267.29	0
164.00	1
165.35	1
176.02	1
180.50	0
188.40	1
195.67	1
201.04	0
202.08	0
192.43	0
204.31	0
214.98	1
218.07	0
218.72	0
225.62	0
228.45	0
231.99	0
221.02	0
223.00	0
223.75	0
226.69	0
226.76	0
229.90	0
230.84	0
230.88	0
122.74	1
229.09	0
232.93	0
235.89	0
236.12	0
239.92	0
242.28	0
243.07	0
136.15	0
181.15	0
195.83	0
269.92	0
272.65	0
282.13	1
288.39	1
296.52	0
169.21	0
171.04	1
172.63	1
172.92	0
174.71	1
175.20	0
175.70	0
176.80	0
199.26	0
224.08	0
241.62	0
259.29	0
266.01	0
268.13	0
277.99	0
278.70	0
120.63	0
123.27	0
133.90	0
137.67	0
142.74	0
157.03	0
161.54	0
161.61	0
114.95	0
127.41	0
142.92	0
147.35	0
153.89	1
156.43	0
157.65	0
161.85	0
328.27	0
333.86	0
361.24	0
366.73	0
366.91	0
367.37	0
368.07	0
371.20	0
294.22	0
295.79	0
299.71	0
301.28	0
304.82	0
305.63	0
306.41	0
307.71	0
247.88	0
257.54	0
259.98	0
260.41	0
260.90	0
262.27	0
262.97	0
263.21	0
258.43	0
269.73	0
280.31	0
283.03	0
286.10	0
288.95	0
292.39	0
293.79	0
356.94	0
378.73	0
378.94	0
380.03	0
391.54	0
392.70	0
393.27	0
393.89	0
444.66	0
445.95	0
446.54	0
451.56	0
452.82	0
453.63	0
453.93	0
456.50	0
174.08	1
177.23	0
183.75	0
195.34	0
196.99	0
202.67	0
203.92	0
204.16	0
233.25	0
234.39	0
237.29	0
242.20	0
244.09	0
247.24	0
247.40	0
249.35	0
122.93	1
126.80	0
147.81	0
148.65	0
149.61	0
150.52	0
156.59	0
158.23	0
175.98	1
184.03	1
190.99	1
199.01	1
199.17	1
203.76	0
205.67	0
213.68	1
235.22	0
252.45	0
252.49	0
258.30	0
258.54	0
259.43	0
259.49	0
262.51	0
236.59	0
254.87	0
255.58	0
256.43	0
265.03	0
265.80	0
269.60	0
270.73	0
40.89	1
43.44	1
56.32	1
65.87	1
79.56	0
80.27	0
82.77	0
83.03	0
133.59	0
140.77	0
149.03	0
153.88	0
155.98	0
159.59	0
160.45	0
161.76	0
166.43	0
192.39	0
192.91	0
194.03	0
213.92	0
218.02	0
220.26	0
223.19	0
372.18	0
374.41	0
377.60	0
378.32	0
379.92	0
382.31	0
387.30	0
388.60	0
103.73	0
120.41	0
122.26	0
138.13	0
140.18	0
142.29	0
149.80	0
150.44	0
158.09	0
203.72	0
210.39	0
213.76	1
223.04	0
223.75	0
227.17	0
228.12	0
179.52	1
195.00	0
227.24	0
259.37	0
260.97	0
261.89	0
266.00	0
266.54	0
112.54	1
201.11	1
212.62	1
212.69	1
213.91	1
218.17	1
218.96	1
227.81	0
5.62	1
5.89	1
6.22	1
6.83	1
8.19	1
8.41	1
8.55	1
9.27	1
51.02	0
79.73	0
141.41	0
145.65	0
147.67	0
148.53	0
149.44	0
152.25	0
120.50	0
149.40	0
169.25	0
187.99	0
191.89	0
207.15	0
209.75	0
209.88	0
25.67	1
45.91	1
67.47	1
125.99	1
126.70	1
129.92	1
138.33	1
144.33	1
2.25	1
2.41	1
10.18	1
11.34	1
12.60	1
12.74	1
13.10	1
13.51	1
0.63	1
1.64	1
3.49	1
3.51	1
3.77	1
4.26	1
4.60	1
5.39	1
3.64	1
10.81	1
15.39	1
18.16	1
18.75	1
23.18	1
23.28	1
23.69	1
2.02	1
4.25	1
5.47	1
7.42	1
8.62	1
10.61	1
11.50	1
12.43	1
220.73	0
244.10	0
246.93	0
249.06	0
250.35	0
256.13	0
256.50	0
256.68	0
30.41	1
45.99	1
70.06	0
74.48	0
75.28	0
75.81	0
77.06	0
77.31	0
1.26	1
2.58	1
4.54	1
6.56	1
7.08	1
7.10	1
7.19	1
8.33	1
17.95	1
36.68	1
41.61	1
47.90	1
98.38	1
125.46	1
128.09	1
138.94	1
2.45	1
3.37	1
3.68	1
4.31	1
4.58	1
11.86	1
13.23	1
14.43	1
0.82	1
1.36	1
1.45	1
1.56	1
2.38	1
3.43	1
4.60	1
4.71	1
2.31	1
6.24	1
6.68	1
7.08	1
13.99	1
16.30	1
17.52	1
22.00	1
1.92	1
3.66	1
3.74	1
4.05	1
5.88	1
6.47	1
6.92	1
7.51	1
32.56	1
112.55	0
116.53	0
134.31	0
151.35	0
156.13	0
168.61	0
173.21	0
87.61	1
87.91	0
112.85	1
152.07	0
178.59	0
183.72	0
184.28	0
190.39	0
6.07	1
11.92	1
156.82	0
159.49	0
166.00	0
166.55	0
166.96	0
173.56	0
8.24	1
9.48	1
125.55	0
126.77	0
128.64	0
131.06	0
131.09	0
132.11	0
5.66	1
9.45	1
27.04	1
29.56	1
30.17	1
30.21	1
30.43	1
30.89	1
132.12	1
136.16	0
137.83	0
143.74	0
144.16	1
146.72	0
147.47	0
147.67	0
168.34	0
185.03	0
185.60	0
186.24	0
187.03	0
187.06	0
190.90	0
192.55	0
142.28	0
156.44	0
157.40	0
158.79	0
166.03	0
171.22	0
185.92	0
192.40	0
178.90	0
180.55	0
186.23	0
186.61	0
189.91	0
190.44	0
192.08	0
194.74	0
33.44	1
63.71	1
88.13	0
88.42	1
99.18	0
100.39	0
102.57	0
105.01	0
96.72	0
109.93	0
121.52	1
128.57	0
137.33	0
137.81	1
142.11	0
142.98	0
234.68	0
236.81	0
240.05	0
241.70	0
243.07	0
246.76	0
249.62	0
251.23	0
62.42	1
68.21	1
76.67	1
106.48	1
108.71	0
111.57	0
112.40	0
115.27	1
221.22	0
227.10	0
229.11	0
229.31	0
230.28	0
231.05	0
232.18	0
232.78	0
137.62	1
143.52	1
156.64	0
214.65	0
222.43	0
224.56	0
224.80	0
224.81	0
212.30	0
229.80	0
241.66	0
245.58	0
246.87	0
257.58	0
259.58	0
260.78	0
215.71	0
224.25	0
227.69	0
230.40	0
234.57	0
236.89	0
237.93	0
239.93	0
160.64	0
161.63	0
162.66	0
164.20	0
165.18	0
165.27	0
167.46	0
168.64	0
181.55	0
182.95	0
185.58	0
186.69	0
187.01	0
187.88	0
188.12	0
188.42	0
162.24	0
162.38	0
162.43	0
166.42	0
168.81	0
171.67	0
171.73	0
173.54	0
152.92	0
154.73	0
171.46	0
174.18	0
182.18	0
183.07	0
183.30	0
184.79	0
302.62	0
308.16	0
318.00	0
327.30	0
327.64	0
332.77	0
334.36	0
334.51	0
240.21	0
241.92	0
242.26	0
253.17	0
253.19	0
254.49	0
255.28	0
256.22	0
388.13	0
390.68	0
391.43	0
393.65	0
395.02	0
395.29	0
396.73	0
398.35	0
619.95	0
632.09	0
632.29	0
633.44	0
633.83	0
639.08	0
639.58	0
641.39	0
155.39	0
254.50	0
256.63	0
256.64	0
257.07	0
257.13	0
257.68	0
258.41	0
218.22	0
263.44	0
269.42	0
270.21	0
270.40	0
270.87	0
271.41	0
271.59	0
159.49	0
169.17	0
176.60	0
176.96	0
179.43	0
182.27	0
182.67	0
184.17	0
451.72	0
472.55	0
474.48	0
478.14	0
479.69	0
482.92	0
487.56	0
487.85	0
60.67	0
61.82	1
75.86	0
77.15	0
80.86	0
87.63	1
88.63	0
89.16	0
209.73	0
213.06	0
215.24	0
215.94	0
216.10	0
218.63	0
219.76	0
220.10	0
179.42	0
179.82	0
179.92	0
179.95	0
182.53	0
188.07	0
189.72	0
189.97	0
171.36	0
172.91	0
174.20	0
174.55	0
176.20	0
176.63	0
186.36	0
187.80	0
8.36	1
11.07	1
41.42	1
52.33	0
61.58	0
64.01	1
64.77	0
67.02	0
17.76	1
21.66	1
22.89	1
30.77	1
38.08	1
41.79	1
51.79	1
75.81	0
2.08	1
2.62	1
3.00	1
3.93	1
4.51	1
5.46	1
5.71	1
7.27	1
115.47	0
129.22	0
151.34	0
156.37	0
157.20	0
164.20	0
167.62	0
176.92	0
11.20	1
12.19	1
14.90	1
150.84	0
151.72	0
152.94	0
159.38	0
160.45	0
4.92	1
8.11	1
12.71	1
107.81	0
110.71	0
111.86	0
114.50	0
115.10	0
6.55	1
10.02	1
10.81	1
18.49	1
20.16	1
21.01	1
23.44	1
23.69	1
176.67	0
186.13	0
186.90	0
193.08	0
196.73	0
197.55	0
198.56	0
226.40	0
95.32	0
106.84	0
106.92	0
107.80	0
108.96	0
111.99	0
112.20	0
117.58	0
221.39	0
222.03	0
222.48	0
227.53	0
228.87	0
229.78	0
231.55	0
231.80	0
310.65	0
313.53	0
316.52	0
320.65	0
322.76	0
323.86	0
324.50	0
324.79	0
47.40	1
48.04	1
49.52	1
76.59	1
80.35	0
83.52	0
84.34	0
85.27	0
140.27	0
149.02	0
155.81	0
156.30	0
156.42	0
158.67	0
160.03	0
161.77	0
191.77	0
193.33	0
195.18	0
199.22	0
203.22	0
205.79	0
205.96	0
209.57	0
263.64	0
264.58	0
268.61	0
268.72	0
268.98	0
269.52	0
270.08	0
270.16	0
779.77	0
788.62	0
790.83	0
795.35	0
799.80	0
810.57	0
813.99	0
822.47	0
146.28	0
147.59	0
149.86	0
151.02	0
152.46	0
152.61	0
158.68	0
159.66	0
206.60	0
207.97	0
208.32	0
208.69	0
209.84	0
211.31	0
212.03	0
214.20	0
176.10	0
183.04	0
183.49	0
185.22	0
186.05	0
187.10	0
188.18	0
188.24	0
12.93	1
17.48	1
22.74	1
23.58	1
30.62	1
30.80	1
35.38	1
35.64	1
1.77	1
1.77	1
1.98	1
2.42	1
2.52	1
3.64	1
3.71	1
4.87	1
94.01	0
146.32	0
147.43	0
170.91	0
176.76	0
178.15	0
179.14	0
186.34	0
83.23	0
149.01	0
156.17	1
161.08	0
162.85	0
165.85	0
166.15	1
173.87	0
79.98	1
136.29	0
141.44	0
143.14	0
143.29	0
143.42	0
146.22	0
148.57	0
18.46	1
181.97	0
184.61	0
185.69	0
191.67	0
191.71	0
192.87	0
197.01	0
51.53	0
193.74	0
194.21	0
197.42	0
198.54	0
199.87	0
200.47	0
200.80	0
240.57	0
246.91	0
262.32	0
263.86	0
265.59	0
267.34	0
275.84	0
279.58	0
124.64	0
126.28	0
161.39	0
166.62	0
170.76	0
179.46	0
181.61	0
181.91	0
238.07	0
249.80	0
249.92	0
254.89	0
255.11	0
265.23	0
266.72	0
268.70	0
276.96	0
280.50	0
281.29	0
281.95	0
289.28	0
289.73	0
290.47	0
290.53	0
176.35	0
184.19	0
184.75	0
199.22	0
201.36	0
205.84	0
208.17	0
208.78	0
229.38	0
240.26	0
241.07	0
242.63	0
245.16	0
245.41	0
248.23	0
248.71	0
108.01	1
182.90	0
185.01	0
189.54	0
190.92	0
196.27	0
197.08	0
201.08	0
12.01	1
147.33	0
219.37	0
235.72	0
235.79	0
236.78	0
237.21	0
237.62	0
5.37	1
123.08	0
127.06	0
129.96	0
130.49	0
131.35	0
131.45	0
134.62	0
51.05	0
55.85	0
58.71	1
73.36	0
74.11	1
77.38	0
79.24	0
79.32	1
148.07	1
193.66	0
196.34	0
197.50	0
199.51	0
200.84	0
201.63	0
202.22	0
49.55	0
57.14	0
59.32	1
79.97	1
80.06	0
81.28	0
81.44	1
83.82	0
153.35	0
155.99	0
156.85	0
161.57	0
162.46	0
167.38	0
167.45	0
167.70	0
211.23	0
219.06	0
219.82	0
219.91	0
220.04	0
220.11	0
220.89	0
221.16	0
251.68	0
253.52	0
256.38	0
264.49	0
266.94	0
268.57	0
270.58	0
274.00	0
46.29	0
48.30	1
63.37	0
66.91	0
67.52	0
72.47	1
75.94	0
79.44	1
207.81	0
209.74	0
217.91	0
218.05	0
218.11	0
218.18	0
219.59	0
219.95	0
235.99	0
239.40	0
239.79	0
242.28	0
243.18	0
244.25	0
244.32	0
244.38	0
137.54	1
140.02	0
146.44	1
148.24	0
148.64	1
153.97	0
157.97	0
158.61	1
84.42	1
108.92	1
126.58	1
137.33	0
146.21	0
155.35	0
156.48	0
166.12	0
9.03	1
10.14	1
10.43	1
11.92	1
159.94	0
161.83	0
163.14	0
168.88	0
7.45	1
7.83	1
8.13	1
9.64	1
124.03	0
124.44	0
126.70	0
129.45	0
8.54	1
8.61	1
8.68	1
9.98	1
24.73	1
24.91	1
26.32	1
26.78	1
190.50	0
215.43	0
218.90	0
222.88	0
226.92	0
232.08	0
232.42	0
239.88	0
121.73	0
132.94	0
134.98	0
135.21	0
136.07	0
140.60	0
149.80	0
150.85	0
132.96	0
148.13	0
149.20	0
149.86	0
154.63	0
157.24	0
158.06	0
159.70	0
211.35	0
211.42	0
215.79	0
217.41	0
220.70	0
221.19	0
221.20	0
221.85	0
32.58	1
36.67	1
41.33	1
43.78	1
44.70	1
50.45	1
51.24	1
52.10	1
34.83	0
39.13	0
39.58	0
40.60	0
44.04	0
48.85	0
52.38	0
53.97	0
195.96	0
217.68	0
258.44	0
280.19	0
281.44	0
290.14	0
302.78	0
303.10	0
199.51	0
207.13	0
208.22	0
217.72	0
225.24	0
241.40	0
246.08	1
255.49	0
232.50	0
234.43	0
251.48	0
261.30	0
265.42	0
269.04	0
284.01	0
287.95	0
220.10	0
223.33	0
223.57	0
223.80	0
227.26	0
227.35	0
228.36	0
229.20	0
214.62	1
217.49	1
219.42	1
220.93	0
226.11	1
237.61	0
242.60	1
244.41	0
149.77	0
170.19	0
200.72	0
208.85	0
221.69	1
221.98	1
222.53	0
227.70	1
276.89	1
337.73	1
353.37	0
366.37	1
374.75	1
386.42	1
396.98	1
409.32	1
364.19	1
379.85	1
384.44	1
389.95	1
394.35	1
397.80	1
398.49	1
399.87	1
183.11	1
187.49	1
189.72	1
213.59	1
241.06	1
246.03	1
247.69	1
255.89	1
674.58	1
674.62	1
693.84	1
699.81	1
712.31	1
713.56	1
723.45	1
725.78	1
260.60	0
270.95	0
298.17	0
299.00	0
311.34	0
320.09	0
324.39	0
326.10	0
348.52	0
350.59	0
353.08	0
358.09	0
359.71	0
361.23	0
364.06	0
366.76	0
132.12	1
143.02	1
157.47	1
165.33	0
170.53	0
172.48	0
172.52	0
172.60	0
32.98	0
33.03	0
33.23	0
36.44	0
37.31	0
37.56	0
39.51	0
40.12	0
300.37	0
301.87	0
303.45	0
303.63	0
305.41	0
305.53	0
306.13	0
307.86	0
286.18	0
286.97	0
289.85	0
290.40	0
292.67	0
293.28	0
293.66	0
296.71	0
176.82	0
200.80	0
200.89	0
205.02	0
205.71	0
206.42	0
206.57	0
207.45	0
267.25	0
273.26	0
274.17	0
276.32	0
278.78	0
279.00	0
280.48	0
280.94	0
226.25	0
231.48	0
257.23	1
258.63	0
265.67	0
267.84	0
271.01	1
272.18	1
294.03	1
326.73	1
358.76	1
363.67	1
370.48	1
379.75	1
379.87	1
382.02	1
254.06	1
270.43	1
275.00	1
275.46	1
282.63	1
286.42	1
287.26	1
288.21	1
169.40	1
170.98	1
175.48	1
190.21	1
219.90	1
225.03	1
225.43	1
231.16	1
663.03	1
664.42	1
682.00	1
690.75	1
702.27	1
706.08	1
716.47	1
717.00	1
213.20	0
251.24	0
269.18	0
275.94	0
285.50	0
292.56	0
297.61	0
298.75	0
266.84	0
273.56	0
281.32	1
289.04	0
290.12	0
301.07	0
308.80	0
309.42	0
24.43	1
190.87	0
191.36	0
193.37	0
198.39	0
201.44	0
202.96	0
206.93	0
124.00	0
143.38	0
144.94	1
146.56	0
149.92	0
156.25	0
160.72	0
164.31	0
215.44	0
276.44	0
276.99	0
277.85	0
294.52	0
319.11	0
321.30	0
322.52	0
307.63	0
314.93	0
333.42	0
335.72	0
337.49	0
340.34	0
342.67	0
342.92	0
291.29	0
292.04	0
297.23	0
299.12	0
300.11	0
304.27	0
309.47	0
311.10	0
292.01	0
292.81	0
299.43	1
302.92	1
336.43	0
337.51	1
338.85	0
343.41	0
304.66	1
328.17	0
351.19	0
363.60	0
376.70	0
381.36	0
382.11	0
382.95	0
258.93	0
293.37	0
304.26	0
308.17	0
312.00	0
317.23	0
320.41	0
320.96	0
303.12	0
304.13	0
307.20	0
307.96	0
313.00	0
317.32	0
318.20	0
319.90	0
295.53	0
317.61	0
332.42	0
336.30	0
346.65	0
357.56	0
361.29	0
362.50	0
80.93	0
91.37	1
95.96	0
97.41	0
104.54	1
114.56	0
124.18	0
124.85	0
283.45	0
294.56	0
305.35	0
314.68	0
315.94	0
324.80	0
325.84	0
333.58	0
436.15	1
460.92	1
469.54	0
472.46	0
476.07	0
478.72	0
478.89	0
480.57	0
680.69	1
691.22	1
694.59	1
696.84	1
703.37	1
704.96	1
705.69	1
709.34	1
188.91	0
196.54	0
206.12	0
211.10	0
212.64	0
215.22	0
215.55	0
219.21	0
202.10	0
202.64	0
202.78	0
203.40	0
208.90	0
213.67	0
214.04	0
218.44	0
183.66	0
199.75	0
205.12	0
208.99	0
209.18	0
209.21	0
210.06	0
210.50	0
366.42	0
370.49	1
372.66	1
387.99	1
414.91	0
440.83	0
443.47	0
443.61	0
188.49	0
205.47	0
208.80	0
213.27	0
214.51	0
214.51	0
215.20	0
217.75	0
376.04	1
392.09	1
395.39	0
398.17	0
400.84	0
401.54	0
404.41	0
406.22	0
215.79	0
224.30	1
245.49	1
246.25	1
252.02	1
253.17	1
258.15	1
259.87	1
5.42	1
5.97	1
6.45	1
6.59	1
6.80	1
6.90	1
7.02	1
7.29	1
113.47	0
115.00	0
116.56	0
118.69	0
119.03	0
120.32	0
125.29	0
127.21	0
148.11	0
148.94	0
149.81	0
155.26	0
155.61	0
156.44	0
158.15	0
159.83	0
137.64	0
144.77	0
150.93	0
153.65	0
155.69	0
157.82	0
159.68	0
161.25	0
132.43	0
143.83	0
145.63	0
145.93	0
148.37	0
149.28	0
150.34	0
153.03	0
141.26	0
142.95	0
146.77	0
147.24	0
153.05	0
154.92	0
164.25	0
164.41	0
185.91	0
193.05	0
194.17	0
198.08	0
200.15	0
201.78	0
203.33	0
207.06	0
42.06	1
50.02	1
79.12	0
79.14	0
83.16	0
84.65	0
87.50	0
93.31	0
127.16	0
129.88	0
131.20	0
132.33	0
132.50	0
133.96	0
136.01	0
137.81	0
131.37	0
133.13	0
136.19	0
137.34	0
138.23	0
138.64	0
139.19	0
139.30	0
99.61	0
109.35	0
112.72	0
114.79	0
114.99	0
118.14	0
118.24	0
118.49	0
123.07	0
133.44	0
134.46	0
139.01	0
139.19	0
147.95	0
147.96	0
149.10	0
105.74	0
114.15	0
115.37	0
116.57	0
116.85	0
117.01	0
120.05	0
125.26	0
43.21	1
49.05	1
74.69	0
78.17	0
78.90	0
81.37	0
85.77	0
87.07	0
133.32	0
133.70	0
134.45	0
135.23	0
139.35	0
139.89	0
139.94	0
143.33	0
107.87	0
114.60	0
118.03	0
118.84	0
123.82	0
125.20	0
127.68	0
133.56	0
97.20	0
107.53	0
107.71	0
107.91	0
107.96	0
108.75	0
113.60	0
114.28	0
89.23	0
92.87	0
97.33	0
97.74	0
97.99	0
103.73	0
104.82	0
104.82	0
95.81	0
98.90	0
101.15	0
103.19	0
103.21	0
104.97	0
106.79	0
107.27	0
89.00	0
101.50	0
103.31	0
103.79	0
104.25	0
105.49	0
107.32	0
115.34	0
92.25	0
95.04	0
99.46	0
99.54	0
101.10	0
101.61	0
101.85	0
102.40	0
219.90	0
221.42	0
223.23	0
223.54	0
223.63	0
226.49	0
228.99	0
230.40	0
219.63	0
222.74	0
227.64	0
246.57	0
248.37	0
250.98	0
252.24	0
252.35	0
80.38	1
83.48	1
86.69	1
87.94	1
96.10	1
97.40	1
98.00	1
103.47	1
21.35	1
23.12	1
23.33	1
24.63	1
24.93	1
25.09	1
25.23	1
25.41	1
193.33	0
217.92	0
221.04	0
225.22	0
225.71	0
225.87	0
225.95	1
227.97	0
169.40	0
173.98	0
175.41	0
176.00	0
181.72	0
183.20	0
183.86	0
184.37	0
192.44	0
196.33	0
199.87	0
200.58	0
202.99	0
203.58	0
205.36	0
205.77	0
87.22	0
89.31	0
93.37	0
93.92	0
97.84	0
99.67	0
100.16	0
100.22	0
20.46	1
21.62	1
22.74	1
53.03	1
56.06	0
67.28	0
71.91	0
72.02	0
149.08	0
152.31	0
154.54	0
156.63	0
156.76	0
158.11	0
158.34	0
160.22	0
119.49	0
119.91	0
120.55	0
120.60	0
120.63	0
121.13	0
122.89	0
124.02	0
153.87	0
154.21	0
155.04	0
157.47	0
158.87	0
158.97	0
159.80	0
161.61	0
91.17	0
91.27	0
95.35	0
101.17	0
101.89	0
109.29	0
110.25	0
114.87	0
171.73	0
172.20	0
173.27	0
176.79	0
177.79	0
178.84	0
179.24	0
179.91	0
95.62	0
98.54	1
99.12	0
100.72	0
100.79	0
101.59	0
103.01	0
103.18	1
152.27	0
162.45	0
163.50	0
163.71	0
172.51	0
174.48	0
178.01	0
178.31	0
124.72	0
126.23	0
128.67	0
129.51	0
131.87	0
135.57	0
137.34	0
138.08	0
89.57	0
91.79	0
93.76	0
95.57	0
95.99	0
97.67	0
98.46	0
104.40	0
15.01	1
15.50	1
15.98	1
51.47	1
53.64	0
63.12	0
66.90	0
68.39	0
160.80	0
162.70	0
162.81	0
167.33	0
167.68	0
168.79	0
172.70	0
172.76	0
118.15	0
123.02	0
124.32	0
125.07	0
125.83	0
126.30	0
127.90	0
130.68	0
157.87	0
159.61	0
159.81	0
160.56	0
162.35	0
164.71	0
165.10	0
167.62	0
130.42	0
136.14	0
137.18	0
140.58	0
140.78	0
143.74	0
144.26	0
144.93	0
129.83	1
149.78	0
151.12	0
153.27	0
154.20	0
158.07	0
159.51	0
161.06	0
170.58	0
171.40	0
171.54	0
175.18	0
176.93	0
182.26	0
182.60	0
184.08	0
138.81	0
139.70	0
144.63	0
147.46	0
151.92	0
155.19	0
155.62	0
156.77	0
107.80	0
113.16	0
113.37	0
113.83	0
115.69	0
116.00	0
119.72	0
120.65	0
144.90	0
145.05	0
147.90	0
151.02	0
151.52	0
157.13	0
160.93	0
162.27	0
97.76	0
103.64	0
105.23	0
109.59	0
111.42	0
111.42	0
112.77	0
114.94	0
226.96	0
228.44	0
231.01	0
232.51	0
232.98	0
235.00	0
235.49	0
237.44	0
149.34	0
151.23	0
156.91	0
166.98	0
173.36	0
175.15	0
175.33	0
177.03	0
400.82	0
407.77	0
410.24	0
410.43	0
412.44	0
412.63	0
412.97	0
415.62	0
210.37	0
213.69	0
213.93	0
215.86	0
218.04	0
218.52	0
219.19	0
220.99	0
358.60	0
364.46	0
367.88	0
368.15	0
369.53	0
370.24	0
372.93	0
373.31	0
711.92	0
712.22	0
716.28	0
719.24	0
719.48	0
721.57	0
721.77	0
723.04	0
160.94	0
161.36	0
162.64	0
163.47	0
164.64	0
169.40	0
172.17	0
172.24	0
59.55	0
62.73	0
64.74	0
65.06	0
65.79	0
72.31	0
73.04	0
78.44	0
24.40	1
29.29	1
37.64	1
42.68	1
44.55	1
45.74	1
47.43	0
49.09	1
27.02	1
32.32	1
41.40	1
46.01	1
48.03	1
49.32	0
49.34	1
51.11	0
142.35	0
149.69	0
154.20	0
154.72	0
154.99	0
156.61	0
157.40	0
163.31	0
346.07	0
346.62	0
350.63	0
354.33	0
355.80	0
355.84	0
356.16	0
356.53	0
527.23	1
527.41	1
528.85	1
532.55	1
533.85	0
534.08	0
535.29	0
537.44	0
276.44	0
283.00	0
283.22	0
285.21	0
286.16	0
286.19	0
286.57	0
287.95	0
140.90	0
143.20	0
151.30	0
161.20	0
165.54	0
169.73	0
171.02	0
172.26	0
420.82	0
427.11	0
429.97	0
431.02	0
432.15	0
433.95	0
434.95	0
435.52	0
203.19	0
207.63	0
209.38	0
210.21	0
211.92	0
212.15	0
212.27	0
215.39	0
367.56	0
368.06	0
371.15	0
380.13	0
380.78	0
381.21	0
381.37	0
381.45	0
521.45	0
584.45	0
586.03	0
586.22	0
586.89	0
587.12	0
587.67	0
590.88	0
157.73	0
159.49	0
160.02	0
161.00	0
166.85	0
167.06	0
170.01	0
175.29	0
91.36	1
103.52	0
106.58	0
111.35	0
111.94	0
112.97	0
113.24	0
113.42	0
17.90	1
134.74	0
136.91	0
144.84	0
145.55	0
145.82	0
149.17	0
150.56	0
14.22	1
113.42	0
122.31	0
122.79	0
125.27	0
126.64	0
131.29	0
134.67	0
113.93	1
115.49	0
117.79	0
118.20	0
119.11	0
120.83	0
122.45	0
123.82	0
39.35	1
78.30	1
211.79	0
212.35	0
215.58	0
218.21	0
218.29	0
219.07	0
6.47	1
10.19	1
134.61	1
148.03	0
148.13	0
151.51	0
153.16	0
159.42	0
29.28	1
160.88	0
162.17	0
162.60	0
163.46	0
166.29	0
170.75	0
171.29	0
54.45	1
55.23	1
65.44	1
72.25	1
94.90	0
98.01	0
98.07	0
98.55	1
113.19	0
113.75	0
116.31	0
119.36	0
119.70	0
120.27	0
122.69	0
123.53	0
30.02	1
30.84	1
35.63	1
38.92	1
43.13	0
45.36	0
46.80	1
49.14	1
6.97	1
7.22	1
7.54	1
7.97	1
8.04	1
8.30	1
8.56	1
8.92	1
105.53	0
136.57	0
141.17	0
148.67	0
154.38	0
165.34	0
167.32	0
177.82	0
221.63	0
225.51	0
226.26	0
233.36	0
234.95	0
235.02	0
235.06	0
237.66	0
98.24	1
105.62	1
106.03	1
113.87	1
133.41	0
136.59	0
139.31	0
139.74	0
187.42	1
194.23	0
203.28	0
204.46	0
204.51	0
206.54	0
209.77	0
210.80	0
24.38	1
155.15	0
157.78	0
159.33	0
161.00	0
163.68	0
165.67	0
167.32	0
269.21	0
270.99	0
271.16	0
271.33	0
271.64	0
272.42	0
275.05	0
276.57	0
85.43	1
95.87	1
112.74	1
115.22	1
124.37	0
129.07	0
129.11	0
129.36	0
152.28	0
154.94	0
160.34	0
161.05	0
164.47	0
169.09	0
170.61	0
172.70	0
93.48	1
102.01	1
104.72	1
105.60	1
120.50	0
125.82	1
127.45	0
127.45	0
249.65	0
255.05	0
260.49	0
262.55	0
265.34	0
266.61	0
269.28	0
269.38	0
78.77	0
118.69	1
129.26	0
131.32	0
134.25	0
134.68	0
135.89	0
136.56	0
237.88	0
247.38	0
275.54	0
283.65	0
299.45	0
301.37	0
306.36	0
307.72	0
217.21	1
223.33	1
226.96	0
230.82	0
234.35	1
236.67	0
237.28	1
238.72	1
280.18	0
298.96	0
315.45	0
316.74	0
319.76	0
322.34	0
322.40	0
326.79	0
491.21	0
493.54	0
495.15	0
495.20	0
496.22	0
496.80	0
499.39	0
501.22	0
409.46	0
409.68	0
409.93	0
410.62	0
412.49	0
412.55	0
412.71	0
414.14	0
128.31	1
135.95	1
137.47	1
143.53	0
152.19	1
169.83	1
170.65	0
172.46	0
45.79	1
47.86	1
72.09	1
72.59	1
136.17	1
139.02	1
139.20	1
140.33	1
4.41	1
5.17	1
6.96	1
7.97	1
9.99	1
12.08	1
12.10	1
12.24	1
2.24	1
2.42	1
2.87	1
4.17	1
4.24	1
4.28	1
4.36	1
4.84	1
5.41	1
9.26	1
10.32	1
11.51	1
11.56	1
11.69	1
12.68	1
14.43	1
5.91	1
6.11	1
6.16	1
7.17	1
8.48	1
8.97	1
9.71	1
11.02	1
160.76	1
180.14	1
202.73	1
205.71	1
215.11	0
216.49	0
231.47	0
231.69	0
18.19	1
23.07	1
24.47	0
24.68	1
27.37	1
27.78	1
28.22	1
29.15	1
141.54	0
153.27	0
154.70	0
165.24	0
168.48	0
170.06	0
171.27	0
177.05	0
499.56	0
506.10	0
506.64	0
508.55	0
509.93	0
521.14	0
522.74	0
522.87	0
414.49	0
415.91	0
416.45	0
418.29	0
419.84	0
422.03	0
422.75	0
423.31	0
277.76	0
278.89	0
279.21	0
284.96	0
296.08	0
296.25	0
299.73	0
305.13	0
211.30	0
239.57	0
240.11	0
252.14	0
252.54	0
254.41	0
257.55	0
258.09	0
333.90	0
343.58	0
346.05	0
348.11	0
349.73	0
350.05	0
351.04	0
351.65	0
188.43	1
210.96	0
213.45	0
214.23	0
220.04	0
224.64	0
227.09	0
227.63	1
82.54	1
115.56	1
122.60	1
129.28	1
134.23	1
149.29	1
173.17	1
177.48	0
12.33	1
14.71	1
14.71	1
14.85	1
14.86	1
16.47	1
22.59	1
23.68	1
2.35	1
2.53	1
2.88	1
3.12	1
3.19	1
3.31	1
3.43	1
3.68	1
6.36	1
6.57	1
6.96	1
8.57	1
9.10	1
9.24	1
10.57	1
10.76	1
6.04	1
7.39	1
7.46	1
8.16	1
8.26	1
9.25	1
9.55	1
9.68	1
210.66	0
229.51	0
250.74	1
256.32	0
263.30	0
264.65	0
266.29	0
268.82	0
210.81	0
217.73	0
231.99	0
244.75	0
249.04	0
259.69	0
263.54	0
264.06	0
223.84	1
225.26	0
256.71	0
258.37	0
259.49	0
261.49	0
261.77	0
264.19	0
135.74	0
147.17	0
149.36	0
152.62	0
152.91	0
155.92	0
157.92	0
160.34	0
166.14	0
171.72	0
188.93	0
195.93	0
203.94	0
204.54	0
207.85	0
209.67	0
371.12	1
560.42	0
566.74	0
569.12	0
572.57	0
574.53	0
578.36	0
578.41	0
274.52	1
390.08	0
405.59	0
415.19	0
416.12	0
417.61	0
421.07	0
422.11	0
139.43	0
140.83	0
146.91	0
147.58	0
151.81	1
152.18	0
152.38	0
154.35	0
219.20	0
221.05	0
237.85	0
238.82	0
243.81	0
244.06	0
246.01	0
250.73	0
20.01	1
96.41	0
96.66	0
97.03	0
98.92	0
100.87	0
101.26	0
101.77	0
254.99	0
255.48	0
255.87	0
260.85	0
263.30	0
264.16	0
267.79	0
270.05	0
126.81	1
138.62	0
141.54	0
141.66	0
143.79	0
150.02	1
150.22	1
151.92	0
341.04	0
367.36	0
368.36	0
369.77	0
371.76	0
384.79	0
386.89	0
391.21	0
195.52	0
204.60	0
205.70	0
206.26	0
206.55	0
208.10	0
209.45	0
209.70	0
108.87	0
114.61	1
117.68	1
120.90	0
122.75	0
127.64	1
128.50	0
132.93	0
256.69	0
274.92	0
277.13	0
295.40	0
298.11	0
335.54	0
337.77	0
344.44	0
502.25	0
540.71	0
544.81	0
553.68	0
555.14	0
557.78	0
560.04	0
561.09	0
252.66	0
254.80	0
263.77	0
264.34	0
264.62	0
264.66	0
265.70	0
266.36	0
243.45	0
247.62	1
251.34	1
256.63	0
267.91	1
275.24	1
281.59	1
290.62	0
257.69	0
267.44	0
272.55	0
290.39	0
307.11	0
331.60	0
331.88	0
337.67	0
685.24	0
686.84	0
694.01	0
696.32	0
700.52	0
701.88	0
702.11	0
702.43	0
206.77	0
208.27	0
209.07	0
209.10	0
209.32	0
210.45	0
216.92	0
220.39	0
417.74	0
444.72	0
448.49	0
451.31	0
451.89	0
455.01	0
456.87	0
457.22	0
73.31	1
74.91	1
76.29	0
82.53	0
94.13	1
102.57	0
110.99	1
113.34	1
263.50	0
270.59	0
275.61	0
286.20	0
313.17	0
325.79	0
331.63	0
332.87	0
515.19	0
539.52	0
541.05	0
545.76	0
545.79	0
547.15	0
553.85	0
554.50	0
340.78	1
356.00	0
363.72	0
365.79	0
372.49	0
372.94	0
373.82	0
373.85	0
219.35	1
247.24	1
266.02	0
279.96	0
284.43	0
290.91	0
293.69	0
294.66	1
222.41	0
286.59	0
353.83	0
356.89	0
364.47	0
366.25	0
372.77	0
374.58	0
625.36	0
628.25	0
628.47	0
628.71	0
631.40	0
632.07	0
633.64	0
634.89	0
123.36	0
126.67	0
128.61	0
129.63	0
130.30	1
140.16	0
141.26	0
141.36	1
251.51	0
282.40	0
285.10	0
297.65	0
302.53	0
305.41	0
305.83	0
308.92	0
646.50	0
646.76	0
649.83	0
649.91	0
652.44	0
652.73	0
655.41	0
656.70	0
421.15	0
428.18	0
428.81	0
429.43	0
430.78	0
442.37	0
453.95	0
456.82	0
139.02	0
139.08	0
144.00	0
157.06	0
158.79	0
162.35	0
166.65	0
170.31	0
260.87	0
273.46	0
273.68	0
273.87	0
274.29	0
275.16	0
275.80	0
277.26	0
71.38	1
74.31	1
81.31	1
84.92	1
99.68	1
115.72	0
116.43	0
117.37	0
279.93	0
310.85	0
330.97	0
331.48	0
332.01	0
346.52	0
346.57	0
348.54	0
427.34	0
430.53	0
431.23	0
432.36	0
432.93	0
433.19	0
433.72	0
434.24	0
115.36	1
121.84	1
125.05	1
129.46	0
130.31	1
132.85	1
133.88	0
133.94	0
71.09	1
77.16	1
82.72	1
85.87	1
86.85	1
86.98	1
87.03	1
90.89	1
7.10	1
8.31	1
8.45	1
8.62	1
8.66	1
8.91	1
8.92	1
9.21	1
136.58	0
137.46	0
142.99	0
150.44	0
152.15	0
152.98	0
155.23	0
155.66	0
240.22	1
261.82	0
262.03	0
272.24	0
278.16	0
280.88	0
281.95	0
281.97	0
131.02	1
219.86	0
221.41	0
222.07	0
224.24	0
224.94	0
226.30	0
228.97	0
119.82	0
141.43	0
179.35	0
182.65	0
187.66	0
189.57	0
191.41	0
195.68	0
146.66	0
189.89	0
200.37	0
215.43	0
216.86	0
220.66	0
224.42	0
224.95	0
126.39	0
144.46	0
154.31	0
169.19	0
169.93	0
170.39	0
175.08	0
177.68	0
251.99	0
258.94	0
263.15	0
266.30	0
270.21	0
276.61	0
278.09	0
304.19	0
304.49	0
346.60	0
352.43	0
355.84	0
365.72	0
366.46	0
369.32	0
377.25	0
244.03	0
303.78	0
307.15	0
308.38	0
309.59	0
312.17	0
313.68	0
314.22	0
130.12	0
143.36	0
147.71	1
149.07	0
149.17	0
151.28	1
151.96	1
152.25	1
339.83	0
365.98	0
383.72	0
386.52	0
397.59	0
397.93	0
410.00	0
415.22	0
156.23	0
163.73	0
174.34	1
174.85	0
178.80	0
179.35	0
181.63	0
186.72	0
201.54	1
205.54	0
217.85	0
221.03	0
226.93	0
230.15	0
232.68	0
236.02	0
153.82	0
186.14	0
213.43	0
236.53	0
237.26	0
243.38	0
245.35	0
246.54	0
189.45	0
209.43	0
266.61	0
304.47	0
329.39	0
335.69	0
336.80	0
338.52	0
171.11	0
201.09	0
204.69	0
208.09	0
213.22	0
213.79	0
219.49	0
220.78	0
268.99	0
272.49	0
276.58	0
294.59	0
296.78	0
309.71	0
310.27	0
312.29	0
594.73	0
598.29	0
598.43	0
599.03	0
599.23	0
599.91	0
601.13	0
601.79	0
181.37	0
184.44	0
198.29	0
206.28	0
207.69	0
208.44	0
210.18	0
211.79	0
239.41	0
302.61	0
303.50	0
306.05	0
315.46	0
316.67	0
316.74	0
319.69	0
339.22	0
353.16	0
361.22	0
367.40	0
367.73	0
370.51	0
372.68	0
376.32	0
318.52	0
349.81	0
368.17	0
382.12	0
382.72	0
385.19	0
385.30	0
385.60	0
142.50	1
150.09	1
151.59	1
157.87	1
161.11	1
166.06	1
166.32	1
167.53	1
5.78	1
5.89	1
6.16	1
6.49	1
6.61	1
8.27	1
8.60	1
9.82	1
295.47	0
308.25	0
316.75	0
319.30	0
321.26	0
321.75	0
323.16	0
335.43	0
222.04	0
222.21	0
234.03	0
273.64	0
277.93	0
277.97	0
279.27	0
282.70	0
361.92	0
374.34	0
374.77	0
377.67	0
377.98	0
378.86	0
378.96	0
379.17	0
257.44	0
279.21	0
294.60	0
298.29	0
298.32	0
300.24	0
300.82	0
303.66	0
210.55	0
214.63	0
214.67	0
222.89	0
226.30	0
226.69	0
227.78	0
228.47	0
190.75	0
197.20	0
207.61	0
208.82	0
210.85	0
226.86	0
252.88	0
254.33	0
214.76	1
279.15	0
281.82	0
282.12	1
299.11	0
307.53	0
310.40	0
312.28	0
279.06	0
302.61	0
303.78	0
308.81	0
321.42	0
326.16	0
328.40	0
329.19	0
281.52	0
293.39	0
307.87	0
310.39	0
313.28	0
319.61	0
322.32	0
324.18	0
232.19	0
309.43	0
322.38	0
328.03	0
328.06	0
328.48	0
331.48	0
333.65	0
178.79	0
193.72	1
199.50	1
202.75	0
204.74	1
205.03	0
208.57	0
211.03	0
272.63	0
295.20	0
318.20	0
324.53	1
328.25	0
336.74	1
338.44	1
340.02	1
69.26	1
82.17	0
85.20	1
120.68	0
126.25	1
130.98	0
140.93	0
142.75	0
235.87	0
244.59	0
246.47	1
247.99	0
249.07	0
254.93	0
254.98	0
255.85	0
138.50	1
176.81	0
179.98	1
182.66	1
188.82	1
199.21	0
201.84	1
202.64	1
243.94	0
251.95	0
255.59	0
255.82	0
255.97	0
256.49	0
258.49	0
259.99	0
246.07	0
249.51	0
249.56	0
250.40	0
252.55	0
254.17	0
254.31	0
254.70	0
161.05	0
164.73	0
164.82	0
166.91	0
170.21	0
170.82	0
171.83	0
172.02	0
201.56	0
223.07	0
224.05	0
226.61	0
228.98	0
229.58	0
232.69	0
233.72	0
228.48	0
231.73	1
238.87	1
240.44	0
242.72	1
243.08	0
246.21	1
253.71	0
282.32	0
298.48	0
312.87	0
323.60	0
323.75	0
325.95	0
330.44	0
331.10	0
223.59	0
234.94	0
241.27	0
241.30	0
245.62	0
246.05	0
248.84	0
251.19	0
206.36	0
240.06	0
253.19	0
256.94	0
260.57	0
263.86	0
265.96	0
279.77	0
204.66	1
206.01	1
206.23	1
209.53	1
210.05	0
210.58	0
211.85	0
216.63	0
177.33	1
178.42	1
212.63	0
215.92	0
219.33	0
227.12	0
234.98	0
235.11	0
73.03	1
88.96	0
90.30	0
92.33	0
93.18	0
93.80	0
99.05	0
100.45	0
260.91	0
262.84	0
272.75	0
274.23	0
275.03	0
275.86	0
276.60	0
277.38	0
128.06	0
136.79	0
144.08	0
148.53	0
148.67	0
154.80	0
163.57	0
163.66	0
176.27	0
176.42	0
177.99	0
178.77	0
183.07	0
183.07	0
185.48	0
185.58	0
52.35	1
59.49	1
64.88	1
72.61	0
84.55	0
85.89	0
89.63	0
90.25	0
100.20	1
103.40	0
106.78	1
121.97	1
130.67	0
131.20	1
137.90	0
141.78	1
122.80	1
139.53	0
148.32	0
170.27	0
177.84	0
184.81	0
197.14	0
198.07	0
56.46	1
58.05	1
59.11	1
68.34	0
71.92	0
73.59	0
75.68	0
76.72	0
3.46	1
3.75	1
4.21	1
5.00	1
5.44	1
5.45	1
5.57	1
5.74	1
173.02	0
174.63	0
175.39	0
177.10	0
187.65	0
191.28	0
193.00	0
197.67	0
204.20	0
209.29	0
210.71	0
211.00	0
213.76	0
220.58	0
222.42	0
224.59	0
147.41	0
165.19	1
166.09	0
172.77	0
174.11	0
175.59	0
177.69	0
178.80	0
225.11	0
233.43	0
238.71	0
247.54	0
248.41	0
249.14	0
249.93	0
251.22	0
252.73	0
256.82	0
257.49	0
257.81	0
258.78	0
258.90	0
260.20	0
262.77	0
71.20	0
75.82	0
83.59	0
84.21	0
86.09	0
95.67	0
98.14	0
99.27	1
206.84	0
207.93	0
208.15	0
217.19	0
217.48	0
217.60	0
217.82	0
218.21	0
244.10	0
249.77	0
250.89	0
251.26	0
252.32	0
254.26	0
256.55	0
256.73	0
39.30	1
40.50	1
41.73	1
43.15	1
45.12	1
62.80	1
78.84	0
79.05	0
56.73	1
70.97	1
78.08	1
86.32	0
91.13	1
100.40	0
102.68	0
102.83	0
98.58	1
147.15	0
174.10	0
176.20	0
185.58	0
188.99	0
192.39	0
199.28	0
18.08	1
156.19	0
158.00	0
158.17	0
158.47	0
158.89	0
158.95	0
159.26	0
14.60	1
169.54	0
172.16	0
174.20	0
174.35	0
174.59	0
176.56	0
179.43	0
99.62	0
114.97	0
116.19	0
120.76	0
123.25	0
124.29	0
124.63	0
125.51	0
207.92	0
213.83	0
214.49	0
215.09	0
215.25	0
215.36	0
215.94	0
216.33	0
172.05	0
174.21	1
198.69	0
199.75	0
209.29	0
224.78	0
231.15	0
232.51	0
20.67	1
52.80	1
65.78	1
70.24	0
74.78	1
77.17	0
86.19	0
88.87	0
44.43	1
55.46	1
57.06	1
76.06	1
93.60	1
122.86	1
134.28	1
134.66	1
4.18	1
4.59	1
5.59	1
7.23	1
9.24	1
11.05	1
12.46	1
12.71	1
1.86	1
2.61	1
2.62	1
2.87	1
2.95	1
3.10	1
3.11	1
3.40	1
4.66	1
6.98	1
7.12	1
7.20	1
8.62	1
9.36	1
9.50	1
12.06	1
6.58	1
8.29	1
8.32	1
8.78	1
9.01	1
9.34	1
10.07	1
10.58	1
50.41	1
51.79	1
54.04	1
54.41	1
54.83	1
56.42	1
56.52	1
59.58	1
9.66	1
9.66	1
10.04	1
11.08	1
11.30	1
11.98	1
12.17	1
13.97	1
72.46	1
119.36	1
161.90	0
186.78	0
190.91	0
192.25	0
193.57	0
193.78	0
165.94	0
169.35	1
176.26	1
176.88	0
179.35	0
183.95	1
187.56	1
188.50	1
54.59	0
182.53	0
182.83	0
185.67	0
202.93	0
206.53	0
209.10	0
209.25	0
119.74	1
143.38	1
143.56	1
151.66	1
152.22	1
157.39	1
159.25	1
163.56	1
199.27	0
209.39	0
232.28	0
245.16	0
256.55	0
256.69	0
259.00	0
260.14	0
249.66	0
259.33	0
266.41	1
274.65	0
277.73	0
278.12	0
278.73	0
279.27	0
191.46	0
194.64	0
198.05	0
198.09	0
200.02	0
200.71	0
201.11	0
205.74	0
171.13	1
196.80	0
198.33	0
199.34	1
201.67	0
206.25	0
206.78	0
211.25	0
290.94	0
295.26	0
297.16	0
299.23	0
302.18	0
302.24	0
305.35	0
307.05	0
432.54	0
446.23	0
452.25	0
456.58	0
459.64	0
460.33	0
461.17	0
461.23	0
276.48	0
282.63	0
283.49	1
283.60	0
285.15	1
285.39	0
285.82	1
288.06	0
153.55	0
195.80	0
246.58	0
268.37	0
269.37	0
270.74	0
278.91	0
280.46	0
269.13	0
271.85	0
273.02	0
278.55	0
288.05	0
298.54	0
298.56	0
298.60	0
160.95	1
173.93	1
191.86	1
199.16	0
202.67	1
205.40	0
208.52	1
208.80	0
100.66	0
114.48	0
145.14	1
148.70	0
157.66	0
159.92	0
163.68	0
164.29	1
167.87	0
170.46	0
227.96	0
242.84	0
244.88	0
245.61	0
246.72	0
250.08	0
115.89	1
130.98	0
136.53	0
143.58	0
145.77	0
146.85	0
150.18	0
150.48	0
175.14	1
180.26	1
206.65	0
211.34	0
215.24	0
215.49	0
216.19	0
216.39	0
280.75	0
296.84	0
308.25	0
310.04	0
310.77	0
310.79	0
310.92	0
313.76	0
161.16	0
169.51	0
175.53	0
180.37	0
180.37	0
183.19	0
184.28	0
185.58	0
31.48	1
35.50	1
37.47	1
38.64	1
39.13	1
40.24	1
44.10	1
44.50	1
1.78	1
2.12	1
2.37	1
2.67	1
2.73	1
3.04	1
3.61	1
3.69	1
64.41	0
67.19	0
82.70	0
93.73	0
122.15	0
126.20	0
143.95	0
145.15	0
149.59	0
158.51	0
160.50	0
166.97	0
174.41	0
181.52	0
185.84	0
190.61	0
42.31	1
60.96	1
64.48	1
76.53	1
88.45	1
94.82	1
149.17	1
151.55	1
2.28	1
2.53	1
4.61	1
5.29	1
5.31	1
7.24	1
9.19	1
10.47	1
0.75	1
1.32	1
1.92	1
2.02	1
2.50	1
3.34	1
3.47	1
3.50	1
3.47	1
4.89	1
5.76	1
6.36	1
9.33	1
9.65	1
10.97	1
11.23	1
2.57	1
3.41	1
4.81	1
5.12	1
6.07	1
6.32	1
7.13	1
8.41	1
140.39	1
182.72	0
185.27	0
187.72	0
190.50	0
190.65	0
191.14	0
191.55	0
98.33	0
167.82	0
197.61	0
214.56	0
224.48	0
226.54	0
226.83	0
227.56	0
33.64	1
42.29	1
50.46	1
57.38	1
77.41	0
81.09	0
81.73	0
84.76	0
1.18	1
1.76	1
2.29	1
3.50	1
4.73	1
5.28	1
5.51	1
6.54	1
125.37	0
130.90	0
148.85	0
154.00	0
154.92	0
155.77	0
157.52	0
157.58	0
63.49	1
108.69	0
182.80	0
192.24	0
210.72	0
240.17	0
252.62	0
252.82	0
18.54	1
94.86	0
102.63	0
113.97	0
114.57	0
118.38	0
130.61	1
132.61	0
30.50	1
245.78	1
245.81	0
263.33	1
293.22	0
301.89	1
303.89	0
305.35	0
13.27	1
136.34	0
167.26	0
173.48	0
174.36	0
184.65	0
185.38	0
210.93	0
58.43	1
428.51	0
443.73	0
466.64	0
475.63	0
492.74	0
509.66	0
511.01	0
4.72	1
108.12	0
140.24	0
141.84	0
142.29	0
145.16	0
147.84	0
149.02	0
52.90	1
169.01	1
216.29	0
225.33	0
225.65	0
228.08	0
229.86	0
230.93	0
42.92	1
304.74	0
369.93	1
381.97	0
383.13	0
399.52	0
400.62	0
403.80	0
16.94	1
126.10	1
130.55	1
133.32	1
214.09	0
218.75	0
251.17	0
251.83	0
63.99	1
536.45	0
540.40	0
559.01	0
613.08	0
625.93	0
650.79	0
654.02	0
127.59	0
133.27	1
134.37	1
144.98	0
146.04	1
153.36	0
159.42	1
159.98	1
16.14	1
113.60	0
124.51	0
129.91	0
142.49	0
148.75	0
151.51	0
152.29	0
4.72	1
8.54	1
98.96	0
99.31	0
99.69	0
99.80	0
104.03	0
104.21	0
7.56	1
12.47	1
151.31	0
156.54	0
161.23	0
164.92	0
165.43	0
167.17	0
3.12	1
9.96	1
12.97	1
14.34	1
19.21	1
40.39	1
40.51	1
50.61	0
192.21	0
200.76	0
208.94	0
209.40	0
216.53	0
223.67	0
230.73	0
231.13	0
60.91	1
115.44	0
141.01	1
151.66	0
152.63	0
154.79	1
161.92	0
162.77	0
156.09	0
192.85	0
219.49	0
220.79	0
222.89	0
246.77	0
272.86	0
274.15	0
160.12	1
182.72	0
182.92	0
185.60	0
185.77	0
187.89	0
187.90	0
188.19	0
196.37	0
200.75	0
211.80	0
217.31	0
218.65	0
220.46	0
220.70	0
220.83	0
107.37	0
113.32	0
115.97	0
121.04	0
122.01	0
122.10	0
125.57	0
126.86	0
26.72	1
28.21	1
56.40	0
59.25	1
64.25	1
65.25	0
73.81	0
78.34	0
113.57	0
127.87	0
143.27	0
150.23	0
153.94	0
164.45	0
170.19	0
170.39	0
142.65	0
175.21	0
175.92	0
177.38	0
178.96	0
179.61	0
180.32	0
180.91	0
226.26	0
242.61	0
245.61	0
253.51	0
254.43	0
257.78	0
258.72	0
259.68	0
81.05	1
83.61	1
99.96	1
106.09	1
109.46	1
111.82	0
112.71	0
113.23	0
155.73	1
209.20	1
219.07	1
226.09	1
234.47	0
235.03	1
236.07	1
237.76	0
4.92	1
7.36	1
7.49	1
8.02	1
8.44	1
8.45	1
8.46	1
9.32	1
2.06	1
2.13	1
3.01	1
3.19	1
3.49	1
3.63	1
3.70	1
3.73	1
6.22	1
7.04	1
9.24	1
9.41	1
9.48	1
10.16	1
10.44	1
10.48	1
4.35	1
5.38	1
5.53	1
5.71	1
5.71	1
5.94	1
6.27	1
7.56	1
202.24	0
211.84	0
238.91	0
240.48	0
247.06	0
247.65	0
250.24	0
252.83	0
191.56	1
219.24	1
251.12	0
252.87	0
263.83	0
271.56	0
280.30	0
284.09	0
250.28	0
261.27	0
279.43	0
279.85	0
282.84	0
290.36	0
291.18	0
292.69	0
137.86	1
156.43	1
172.10	1
176.44	1
180.74	1
183.64	0
183.65	1
196.56	0
242.28	1
267.65	0
271.94	0
275.50	0
275.76	0
293.16	0
293.46	0
294.70	1
169.58	0
182.59	0
182.91	1
217.00	0
220.68	0
224.91	0
232.84	0
237.07	0
47.54	1
208.46	0
211.16	0
212.12	0
215.68	0
216.08	0
216.28	0
218.95	0
39.32	1
55.09	1
67.53	0
78.63	1
78.71	0
80.96	0
83.28	1
91.74	0
79.90	1
103.55	1
128.39	0
156.39	0
170.91	0
176.56	0
179.86	0
183.70	0
2.57	1
3.41	1
105.06	0
106.18	0
106.39	0
108.98	0
109.34	0
110.12	0
4.42	1
5.09	1
16.70	1
17.00	1
19.09	1
19.83	1
20.08	1
20.63	1
59.16	1
81.86	1
128.32	0
158.31	1
190.57	0
201.58	0
203.88	0
211.10	0
7.41	1
9.10	1
17.49	1
40.13	1
49.29	1
136.62	0
136.98	0
142.93	0
4.60	1
8.49	1
13.50	1
27.48	1
41.33	1
45.64	1
46.51	1
49.23	1
4.85	1
8.53	1
12.16	1
130.75	0
131.73	0
135.21	0
135.33	0
140.30	0
117.09	1
122.18	0
167.24	0
181.46	0
202.24	0
206.26	0
217.22	1
223.09	0
52.09	1
102.27	1
178.84	1
189.77	0
195.51	0
198.90	1
205.17	0
214.21	0
68.84	1
71.13	1
71.16	1
71.43	1
71.74	1
72.65	1
73.24	1
74.32	1
5.15	1
5.58	1
6.28	1
6.38	1
6.39	1
6.81	1
6.85	1
7.17	1
104.21	0
138.48	0
149.08	0
154.66	0
155.90	0
157.33	0
162.08	0
164.22	0
182.51	0
183.78	0
184.53	0
187.01	0
188.06	0
189.79	0
190.86	0
191.01	0
117.06	0
121.10	0
123.48	0
127.14	0
136.53	0
137.37	1
143.68	0
146.12	0
93.39	1
104.75	1
118.02	1
137.92	0
140.86	0
141.12	0
141.71	0
145.31	0
7.71	1
7.76	1
12.57	1
92.82	0
96.34	0
96.97	0
100.67	0
100.97	0
8.61	1
12.61	1
14.87	1
156.43	0
158.90	0
160.49	0
163.48	0
169.66	0
113.87	0
150.02	0
223.81	0
235.75	0
235.88	0
235.92	0
236.70	0
238.35	0
232.07	0
248.00	0
277.80	1
301.26	0
313.39	0
313.71	0
314.80	0
316.05	0
281.01	0
281.81	0
285.99	0
290.33	0
292.28	0
293.19	0
293.47	0
293.58	0
155.82	0
180.01	0
181.62	0
181.80	0
182.93	0
184.00	0
184.92	0
186.86	0
118.97	1
135.04	0
135.58	1
135.73	0
136.84	1
139.71	0
139.97	0
146.88	0
166.83	1
170.76	0
175.06	0
175.46	0
176.68	1
190.58	0
192.12	0
195.19	0
116.83	0
146.03	1
155.13	1
164.79	0
165.58	0
166.73	0
167.16	0
168.47	0
246.35	0
246.82	0
260.59	0
266.19	0
266.38	1
266.41	0
267.04	0
268.44	0
75.44	1
107.64	1
134.98	0
137.87	0
159.56	0
171.39	0
176.06	1
181.73	0
2.50	1
3.31	1
6.09	1
102.27	0
104.33	0
105.84	0
106.86	0
107.71	0
4.36	1
5.32	1
6.40	1
13.31	1
14.47	1
14.47	1
16.99	1
17.72	1
78.98	1
106.20	1
165.09	1
188.47	0
190.58	1
191.14	0
208.45	0
212.41	0
8.83	1
12.01	1
14.63	1
24.96	1
45.90	1
48.32	1
135.25	0
137.59	0
8.88	1
11.53	1
17.26	1
26.64	1
36.29	1
47.08	1
64.27	1
64.35	1
7.62	1
9.56	1
9.84	1
17.84	1
132.51	0
137.58	0
138.89	0
139.72	0
105.41	1
133.26	1
201.71	1
207.82	0
246.23	0
249.11	0
279.25	0
285.23	0
76.42	1
91.09	1
123.18	1
159.39	0
184.06	0
195.63	0
224.40	1
229.56	1
147.13	1
150.97	0
164.34	0
170.58	0
181.81	0
184.41	0
185.77	0
188.81	1
179.81	1
203.97	1
212.43	0
218.86	1
219.16	0
221.24	0
223.25	0
228.21	1
8.87	1
10.57	1
11.74	1
12.48	1
13.00	1
13.14	1
15.04	1
15.49	1
2.27	1
2.62	1
2.62	1
2.73	1
2.83	1
2.91	1
3.05	1
3.05	1
7.88	1
8.01	1
9.05	1
9.12	1
9.36	1
9.48	1
10.04	1
10.44	1
4.52	1
6.97	1
7.38	1
8.05	1
8.11	1
8.67	1
9.84	1
9.94	1
219.83	0
259.49	0
272.78	0
286.14	0
288.32	0
289.27	1
293.03	0
295.39	0
180.73	1
236.43	0
240.42	0
242.84	0
244.76	0
245.51	0
247.19	0
247.45	0
231.68	0
239.55	0
251.94	0
263.28	0
263.46	0
266.21	0
267.68	0
268.61	0
211.45	0
220.68	0
221.55	0
224.13	0
227.71	0
228.13	0
230.09	0
230.24	0
242.86	0
250.94	0
258.96	0
269.74	0
271.18	0
274.76	0
277.59	0
277.76	0
107.92	0
115.53	0
119.05	0
125.36	0
131.08	0
133.10	0
133.46	0
133.98	0
202.89	0
228.19	0
231.58	0
234.48	0
240.59	0
243.03	0
244.44	0
244.67	0
237.88	0
238.71	0
241.32	0
242.11	0
243.14	0
244.05	0
245.00	0
246.50	0
145.42	0
156.08	0
156.34	0
156.44	0
158.39	0
161.44	0
163.40	0
163.78	0
241.01	0
254.92	0
263.38	0
264.22	0
273.80	0
279.03	0
279.91	0
280.72	0
101.00	1
106.15	1
215.50	0
216.96	0
230.36	0
235.75	0
239.45	0
241.18	0
16.06	1
17.02	1
137.72	0
204.19	0
209.36	0
226.65	0
227.04	0
227.07	0
3.81	1
4.79	1
117.58	0
118.82	0
119.78	0
121.45	0
122.72	0
123.24	0
37.85	0
49.79	1
52.60	0
53.31	0
59.17	0
60.08	0
74.17	0
75.03	0
181.96	1
197.65	1
209.37	0
251.13	0
275.32	0
279.33	0
283.19	0
283.42	0
103.05	1
173.02	0
180.14	0
188.51	0
193.56	0
197.10	0
197.26	0
205.01	0
162.69	0
184.89	0
206.86	0
210.69	0
239.50	0
243.52	0
252.60	0
254.04	0
26.68	0
50.37	1
52.99	0
53.76	0
57.95	0
58.77	0
59.71	0
66.53	0
231.84	0
242.17	0
243.45	0
244.85	0
245.39	0
247.71	0
248.10	0
253.62	0
256.36	0
257.25	0
257.48	0
288.08	0
291.01	0
291.18	0
293.37	0
293.38	0
114.31	0
116.56	0
120.61	1
128.26	0
134.48	0
135.94	0
136.36	0
137.58	0
93.62	0
123.57	1
136.54	0
163.03	0
166.77	0
171.21	0
175.16	0
184.19	0
87.72	0
99.51	1
100.06	0
103.30	0
103.83	0
105.49	1
105.67	0
107.53	0
204.77	0
205.98	0
213.47	0
215.75	0
216.72	0
218.12	0
218.13	0
219.11	0
211.10	0
215.33	0
216.03	0
216.92	0
218.46	0
218.52	0
219.64	0
220.61	0
255.05	1
268.94	0
271.65	1
279.82	0
280.24	0
286.24	0
286.93	1
287.09	0
237.21	1
237.88	1
249.18	1
250.48	1
263.98	1
265.50	0
276.18	0
277.21	1
19.21	1
20.00	1
21.88	1
22.13	1
22.84	1
24.70	1
24.80	1
25.44	1
4.86	1
5.25	1
5.49	1
5.62	1
5.63	1
5.85	1
6.03	1
6.11	1
12.57	1
13.75	1
15.55	1
15.58	1
15.72	1
15.99	1
16.90	1
17.14	1
8.31	1
9.10	1
9.40	1
9.84	1
10.03	1
10.83	1
10.86	1
11.08	1
223.26	0
235.93	0
237.94	0
240.66	0
244.90	0
248.62	0
254.32	1
255.18	0
141.67	1
151.54	0
170.38	1
181.66	0
182.70	0
182.98	0
184.18	0
184.43	0
99.97	0
131.37	0
225.01	0
231.91	0
241.09	0
246.78	0
263.08	0
264.00	0
293.24	0
305.68	0
330.49	0
332.77	1
337.33	0
337.37	0
339.14	0
339.39	0
336.35	0
354.77	0
371.97	0
378.44	0
394.71	0
402.83	0
403.04	0
422.21	0
261.18	0
271.50	1
289.35	0
300.69	0
304.11	0
304.21	0
305.66	0
309.10	0
153.14	0
154.09	0
211.45	0
211.92	0
213.30	0
215.29	0
216.65	0
217.26	0
107.74	1
112.99	1
119.48	1
121.00	1
122.05	1
123.68	1
124.33	1
124.46	1
8.96	1
10.37	1
11.31	1
12.77	1
12.84	1
13.37	1
14.08	1
14.15	1
164.07	0
187.93	1
194.33	0
196.16	0
196.95	0
202.00	0
205.07	0
207.77	0
272.44	0
273.63	0
273.86	0
273.87	0
274.72	0
275.28	0
275.93	0
277.00	0
267.33	0
275.83	0
281.05	0
285.81	0
288.55	0
301.68	0
302.06	0
303.88	0
394.43	0
397.35	0
401.50	0
403.06	0
403.87	0
406.69	0
406.92	0
408.09	0
199.43	0
209.52	0
210.46	0
211.44	0
212.39	0
215.45	0
215.59	0
215.72	0
163.69	0
165.34	0
169.70	0
170.40	0
170.75	0
171.65	0
173.48	0
173.53	0
103.20	0
111.01	0
114.17	0
119.98	0
120.33	0
125.53	0
127.25	0
127.48	0
99.91	1
128.57	1
132.12	1
144.34	0
146.33	0
147.81	0
148.65	0
149.14	1
215.23	0
217.64	0
217.68	0
219.21	0
219.88	0
220.58	0
221.18	0
224.23	0
77.64	1
94.13	0
99.58	0
102.27	0
104.91	0
105.28	0
105.34	0
106.59	0
157.87	0
173.95	0
178.15	0
182.11	0
184.05	0
188.12	0
193.13	0
194.31	0
234.26	0
234.94	0
236.13	0
236.47	0
237.97	0
238.27	0
239.70	0
240.72	0
105.61	0
109.72	0
109.91	0
110.44	0
112.82	0
112.93	0
115.78	0
117.15	0
73.05	1
77.46	1
78.01	0
86.82	1
87.46	1
102.69	0
104.19	0
104.29	0
76.45	0
100.21	0
114.58	0
119.01	0
138.50	0
139.73	0
139.77	0
141.23	0
78.64	1
138.60	0
140.71	1
182.82	0
186.73	0
190.32	0
192.94	0
201.39	0
12.53	1
26.17	1
41.20	1
151.65	0
152.57	0
153.52	0
154.01	0
155.79	0
38.54	1
39.94	1
46.53	1
47.76	1
48.10	1
48.45	1
55.65	1
56.57	1
1.50	1
1.78	1
1.83	1
2.11	1
2.15	1
2.54	1
2.73	1
2.75	1
96.47	0
121.56	0
151.68	0
163.86	0
165.85	0
166.45	0
166.52	0
166.85	0
93.56	1
98.34	1
156.73	0
162.72	0
164.61	0
172.45	0
175.01	0
175.04	0
42.05	1
70.54	0
115.89	0
116.33	0
117.30	0
118.59	0
118.97	0
119.67	0
33.38	1
36.29	1
36.32	1
38.56	1
65.55	1
74.95	1
79.03	1
109.25	1
3.52	1
4.35	1
4.60	1
4.61	1
5.53	1
6.28	1
9.12	1
9.20	1
2.15	1
2.48	1
2.50	1
2.59	1
2.59	1
2.63	1
2.75	1
2.78	1
6.86	1
7.37	1
7.49	1
7.62	1
7.99	1
8.74	1
8.95	1
9.21	1
3.62	1
4.44	1
4.50	1
4.59	1
4.85	1
5.30	1
5.38	1
5.62	1
124.37	0
133.52	0
137.01	0
138.66	0
139.38	0
139.39	0
139.55	0
139.82	0
9.64	1
10.89	1
11.25	1
11.31	1
11.53	1
11.59	1
11.59	1
11.90	1
150.95	0
167.50	0
180.70	1
186.69	0
188.03	0
189.07	0
189.52	0
189.77	0
127.05	0
138.44	1
163.89	1
166.55	0
167.38	0
181.12	0
185.83	0
186.49	0
104.14	0
104.77	0
114.84	0
116.36	0
117.67	0
118.41	0
118.56	0
121.05	0
194.60	0
204.14	0
225.23	0
233.36	0
242.54	0
250.11	0
250.47	0
250.56	0
272.67	1
337.48	0
372.82	0
378.04	0
379.65	0
393.94	0
394.42	0
394.83	0
145.65	1
286.37	0
298.89	0
366.76	0
375.83	0
377.81	0
383.22	0
395.46	0
43.68	1
268.67	0
277.92	1
280.44	0
285.32	0
286.54	0
289.83	0
295.61	0
18.17	1
156.66	0
162.19	0
207.63	0
209.42	0
216.11	0
217.96	0
218.76	0
162.21	0
174.81	0
177.83	0
179.95	0
180.69	0
180.78	0
184.43	0
185.59	0
240.44	0
243.34	0
246.06	0
249.58	0
252.72	0
253.18	0
254.50	0
255.88	0
127.82	0
162.62	0
164.55	0
169.43	0
175.35	0
176.72	0
180.80	0
182.69	0
41.42	1
81.20	1
101.50	1
107.94	1
114.55	0
115.05	0
116.27	1
118.04	0
71.17	0
133.09	0
138.16	0
152.27	1
155.07	1
168.05	0
170.79	0
172.13	0
86.92	1
107.88	0
150.74	0
151.04	0
151.55	0
151.56	0
153.21	0
154.72	0
141.99	0
142.51	0
152.20	0
156.24	0
161.98	0
162.66	0
165.01	0
165.40	0
257.13	0
263.57	0
274.67	0
275.69	0
280.37	0
281.78	0
281.90	0
281.94	0
212.02	1
218.10	1
220.19	1
231.67	1
232.34	1
237.06	1
238.63	1
245.95	1
10.57	1
10.86	1
11.67	1
11.94	1
12.23	1
12.43	1
12.58	1
13.08	1
2.89	1
3.33	1
3.40	1
3.41	1
3.60	1
3.68	1
3.70	1
3.98	1
6.41	1
6.92	1
7.84	1
8.40	1
8.50	1
8.80	1
9.56	1
9.86	1
6.79	1
7.24	1
7.61	1
8.49	1
8.59	1
10.31	1
10.98	1
11.40	1
266.99	0
268.48	0
272.60	0
274.69	0
277.02	0
277.10	0
278.97	0
279.82	0
281.46	0
308.78	0
313.44	0
321.44	0
322.21	0
322.97	0
327.83	0
332.92	0
164.97	0
167.12	0
168.23	0
168.83	0
169.96	0
170.11	0
176.04	0
176.21	0
108.70	0
112.88	0
113.10	0
113.87	0
114.61	0
116.11	0
117.44	0
119.10	0
228.71	0
229.59	0
230.50	0
230.55	0
230.67	0
231.68	0
232.84	0
233.58	0
20.44	1
21.58	1
24.75	1
28.51	1
102.74	0
105.43	0
108.43	0
108.65	0
128.85	0
130.62	0
134.52	0
137.02	0
137.84	0
137.91	0
138.62	0
138.83	0
144.30	0
145.51	0
146.83	0
147.00	0
150.41	0
151.38	0
152.45	0
152.66	0
113.49	0
114.31	0
115.48	0
115.94	0
117.75	0
117.99	0
118.57	0
119.66	0
161.51	0
162.03	0
162.49	0
167.02	0
167.41	0
169.06	0
169.29	0
170.66	0
153.02	0
153.63	0
154.05	0
154.34	0
156.69	0
157.63	0
157.74	0
157.92	0
199.77	0
200.22	0
204.50	0
209.90	0
210.13	0
210.49	0
211.99	0
215.51	0
150.89	0
151.05	0
152.66	0
154.53	0
154.69	0
156.24	0
156.33	0
156.72	0
282.89	0
292.41	0
294.55	0
295.10	0
295.35	0
297.86	0
299.67	0
300.90	0
271.24	0
274.27	0
274.39	0
275.52	0
275.55	0
277.52	0
277.57	0
278.47	0
167.42	0
174.65	0
183.58	0
185.43	0
185.57	0
187.37	1
189.78	0
192.01	0
178.74	0
187.60	0
189.34	0
191.41	0
192.06	0
194.70	0
194.82	0
197.91	0
239.79	0
244.26	0
251.56	0
253.42	0
253.98	0
255.80	0
256.88	0
257.17	0
47.67	1
106.16	0
107.40	0
110.20	0
111.92	0
113.34	0
114.16	0
115.65	0
28.66	1
30.97	1
35.97	1
38.72	1
39.45	1
41.04	1
41.24	1
41.55	1
5.05	1
5.82	1
5.83	1
6.00	1
6.14	1
6.60	1
6.65	1
6.97	1
131.64	0
156.93	0
158.20	0
182.53	0
186.14	0
191.36	0
200.53	0
202.63	0
44.48	0
44.95	0
67.02	1
122.97	0
126.21	0
126.60	0
127.89	0
135.51	0
121.85	0
145.38	1
149.56	1
151.85	1
156.68	0
157.62	1
158.95	1
164.65	1
221.14	0
225.22	0
227.70	0
237.30	0
245.66	0
250.85	0
252.61	0
254.88	0
151.55	0
168.46	0
172.74	0
174.90	0
176.48	0
178.36	0
178.55	0
180.57	0
48.18	1
62.83	1
75.19	1
75.38	1
80.47	0
83.25	0
88.27	1
89.82	0
72.12	1
100.77	0
102.56	0
108.43	0
108.97	0
110.57	0
111.98	0
115.74	0
79.44	1
86.18	0
127.92	0
135.78	0
165.33	0
169.64	0
174.05	0
191.17	0
60.25	1
140.07	0
140.70	0
143.03	0
146.17	0
149.49	0
150.21	0
151.69	0
18.02	1
102.31	1
134.37	1
135.54	1
147.32	0
150.69	0
151.28	0
151.60	0
64.61	1
178.85	0
241.00	0
242.16	0
246.70	0
249.70	0
251.08	0
251.19	0
50.80	0
101.72	0
111.84	0
116.10	0
116.58	0
121.24	0
121.99	0
122.68	0
74.76	1
79.38	1
91.51	1
92.62	0
92.67	1
96.65	1
98.37	1
104.08	0
237.19	0
248.03	0
260.27	0
261.88	0
261.98	0
262.28	0
262.46	0
264.05	0
90.34	1
109.72	0
111.37	1
116.58	1
119.07	1
121.79	0
129.26	1
139.62	1
93.66	1
94.26	1
105.17	1
105.20	0
105.94	0
106.17	1
107.30	0
111.74	0
170.77	0
214.56	0
226.19	0
227.02	0
229.35	0
230.27	0
231.48	0
231.98	0
332.51	0
333.80	0
334.71	0
334.78	0
335.99	0
336.21	0
338.28	0
339.23	0
120.29	1
129.12	1
134.15	1
135.17	1
136.90	1
137.53	1
143.64	1
143.87	1
1.83	1
2.36	1
2.52	1
2.70	1
3.11	1
3.12	1
3.40	1
3.65	1
78.15	1
94.61	1
130.78	0
134.54	0
134.63	0
134.67	0
135.21	0
136.82	0
127.48	1
159.03	0
174.47	0
199.65	0
209.90	1
216.16	0
217.57	0
217.84	0
22.68	1
31.03	1
244.85	0
249.21	0
250.53	0
252.28	0
254.22	0
254.89	0
120.66	0
133.50	0
136.50	0
143.27	0
149.73	0
152.76	0
153.02	0
153.13	0
158.46	0
160.53	0
162.83	0
163.74	0
163.79	0
165.64	0
165.65	0
166.50	0
174.79	0
175.38	0
176.12	0
176.17	0
183.97	0
184.37	0
185.30	0
186.32	0
137.86	0
139.74	0
141.28	0
149.55	0
158.54	0
158.83	0
162.09	0
167.79	0
102.52	1
193.02	0
196.23	0
197.91	0
198.27	0
200.22	0
201.02	0
203.25	0
21.75	1
232.37	0
237.58	0
245.75	0
248.14	0
248.16	0
248.54	0
249.73	0
13.33	1
41.53	1
96.55	0
98.23	0
103.59	0
104.86	0
105.08	0
105.28	0
20.90	0
33.98	0
35.40	0
45.50	0
46.85	1
47.33	0
49.68	0
51.59	1
166.10	0
166.60	0
170.99	0
171.85	0
173.61	0
173.98	0
174.65	0
175.56	0
83.31	0
86.43	0
89.62	0
96.66	0
97.90	1
97.98	0
99.70	0
100.07	0
61.83	1
67.09	1
69.70	1
70.63	1
72.87	1
74.45	1
76.38	1
77.45	1
56.57	0
59.71	1
72.48	0
72.66	0
73.26	0
73.81	0
75.97	0
78.60	0
80.69	1
151.73	0
154.17	0
155.25	0
156.91	0
161.61	0
162.45	0
163.23	0
35.28	1
111.86	0
115.07	0
115.25	1
116.95	0
117.12	0
121.47	0
122.73	0
9.80	1
14.36	1
130.50	0
131.12	0
134.00	0
134.07	0
136.13	0
137.27	0
8.30	1
9.68	1
99.24	0
109.19	0
111.69	0
112.47	0
113.01	0
116.41	0
40.84	1
53.51	1
63.19	1
81.18	0
82.57	0
85.36	0
85.67	0
94.95	0
27.09	1
30.04	1
35.55	1
36.13	1
36.95	1
37.44	1
37.50	1
38.16	1
