145.36	0
166.55	0
261.02	0
298.00	0
319.69	0
328.72	0
330.70	0
330.94	0
200.00	0
204.36	0
204.59	0
221.01	0
236.67	0
249.81	0
252.07	0
252.32	0
191.97	0
192.55	0
212.92	0
219.39	0
231.26	0
250.54	0
260.28	0
274.93	0
119.35	0
164.68	0
177.16	0
180.42	0
184.91	0
213.45	0
225.79	0
235.28	0
195.61	0
196.60	0
199.19	0
199.87	0
221.15	0
232.43	0
250.46	0
260.51	0
114.38	0
160.52	0
162.34	0
169.86	0
170.71	0
208.19	0
224.92	0
225.35	0
176.82	0
179.66	0
181.20	0
206.42	0
217.21	0
237.78	0
245.31	0
250.94	0
92.43	0
171.59	0
180.48	0
180.95	0
185.67	0
221.60	0
223.38	0
228.87	0
157.84	0
182.10	0
197.88	0
200.58	0
224.86	0
225.89	0
238.78	0
252.77	0
162.11	0
168.09	0
168.54	0
185.80	0
205.58	0
207.84	0
225.85	0
233.97	0
28.20	1
212.93	0
221.95	0
251.50	0
262.40	0
270.88	0
271.55	0
286.06	0
193.46	0
197.13	0
197.30	0
199.15	0
199.47	0
202.56	0
210.12	0
219.01	0
127.29	0
130.45	0
136.05	0
137.95	0
140.57	0
145.20	0
147.60	0
149.11	0
158.05	0
159.16	0
168.25	0
171.30	0
173.39	0
175.12	0
175.28	0
179.74	0
264.80	0
267.24	0
267.50	0
267.84	0
275.69	0
278.08	0
279.57	0
284.67	0
267.05	0
286.57	0
290.05	0
299.23	0
299.99	0
301.84	0
303.26	0
313.83	0
288.58	0
297.55	0
304.75	0
308.62	0
320.66	0
321.03	0
323.08	0
323.49	0
531.23	0
531.57	0
533.66	0
536.77	0
545.80	0
546.96	0
556.36	0
565.18	0
734.51	0
743.10	0
752.47	0
762.91	0
764.25	0
765.00	0
770.35	0
780.12	0
351.24	0
353.63	0
362.71	0
366.82	0
369.10	0
373.60	0
390.36	0
418.37	0
535.61	0
544.38	0
545.27	0
546.29	0
546.49	0
556.86	0
570.62	0
571.23	0
811.06	0
812.69	0
818.64	0
831.09	0
832.36	0
833.91	0
834.68	0
834.91	0
747.63	0
749.33	0
750.67	0
756.91	0
764.15	0
764.89	0
765.01	0
770.04	0
832.16	0
842.23	0
842.71	0
847.26	0
852.14	0
856.42	0
859.14	0
861.75	0
453.70	0
459.96	0
469.94	0
470.78	0
474.16	0
479.42	0
482.62	0
483.79	0
332.19	0
356.29	0
364.52	0
376.40	0
376.92	0
380.73	0
385.66	0
388.11	0
243.90	0
248.22	0
250.86	0
279.39	0
280.63	0
283.90	0
285.60	0
290.08	0
454.04	0
455.27	0
455.71	0
460.11	0
462.78	0
464.01	0
464.20	0
476.05	0
440.13	0
440.49	0
456.48	0
459.04	0
462.80	0
463.43	0
467.16	0
467.90	0
246.94	0
252.48	0
257.00	0
262.96	0
264.57	0
276.54	0
278.47	0
282.31	0
76.90	0
84.83	0
87.03	0
91.64	0
93.31	0
122.33	0
125.58	0
140.82	0
148.45	0
153.38	0
156.72	0
158.07	0
160.17	0
161.94	0
171.01	0
178.81	0
190.86	0
191.88	0
200.11	0
200.73	0
208.89	0
210.59	0
214.77	0
224.98	0
46.29	0
56.81	0
61.80	0
83.49	0
98.90	0
103.31	0
107.47	0
116.22	0
27.38	1
29.42	1
85.23	0
105.56	0
112.67	0
128.58	0
140.61	0
143.81	0
88.79	0
118.02	0
138.45	0
141.35	0
155.85	0
177.39	0
191.99	0
197.18	0
112.82	0
117.17	0
119.17	0
121.83	0
134.28	0
134.29	0
134.37	0
135.51	0
127.32	0
131.21	0
136.85	0
138.41	0
145.51	0
148.10	0
149.59	0
153.92	0
104.89	0
118.48	0
120.37	0
121.56	0
126.31	0
127.49	0
130.74	0
133.07	0
114.41	0
131.09	0
132.71	0
134.71	0
136.49	0
138.37	0
145.44	0
146.34	0
126.11	0
130.33	0
130.48	0
132.55	0
135.29	0
136.02	0
147.22	0
148.10	0
131.84	0
136.08	0
136.10	0
136.74	0
148.90	0
153.42	0
154.06	0
157.40	0
101.09	0
106.20	0
107.20	0
108.15	0
116.72	0
118.42	0
119.32	0
127.87	0
94.56	0
96.80	0
104.55	0
104.84	0
108.14	0
111.12	0
112.81	0
112.90	0
121.63	0
122.81	0
126.16	0
131.48	0
132.23	0
139.71	0
141.00	0
142.49	0
96.56	0
97.96	0
101.66	0
102.21	0
113.11	0
113.28	0
117.40	0
126.84	0
24.47	1
27.18	1
28.77	1
87.79	0
93.11	0
115.54	0
117.46	0
126.81	0
288.94	1
308.64	0
316.79	0
328.49	0
330.33	0
331.52	0
334.11	0
346.18	0
34.14	1
156.36	0
157.91	0
167.75	0
168.74	0
170.30	0
175.11	0
175.59	0
254.00	0
265.57	0
270.52	0
275.31	0
291.13	0
308.14	0
310.37	0
311.88	0
259.63	0
266.51	0
271.25	0
278.39	0
278.54	0
280.10	0
280.70	0
282.30	0
266.95	0
271.52	0
272.17	0
272.33	0
273.57	0
311.73	0
315.05	0
315.62	0
201.17	0
204.17	0
205.54	0
206.38	0
212.26	0
218.99	0
219.48	0
222.14	0
172.71	0
179.53	0
188.96	0
191.59	0
192.35	0
192.54	0
196.32	0
198.81	0
81.36	1
81.50	1
84.76	1
88.50	1
132.07	0
142.87	0
170.40	0
171.19	0
154.18	0
165.10	0
174.67	0
175.80	0
176.58	0
181.62	0
186.41	0
195.68	0
231.23	0
247.20	0
253.74	0
256.07	0
263.35	0
263.60	0
268.96	0
273.12	0
265.03	0
266.09	0
270.96	0
284.51	0
286.61	0
290.67	0
296.02	0
297.80	0
228.03	0
238.21	0
239.25	0
242.37	0
244.29	0
247.65	0
251.16	0
255.46	0
210.42	1
228.35	0
237.91	0
240.03	0
241.79	0
242.86	0
245.23	0
245.87	0
27.91	1
284.59	0
290.58	0
290.82	0
293.47	0
296.71	0
297.31	0
299.06	0
204.85	0
209.74	0
220.84	0
225.77	0
242.54	0
243.07	0
247.55	0
250.88	0
137.24	1
161.17	0
171.94	0
172.45	0
177.09	0
179.28	0
184.20	0
185.48	0
162.82	0
163.80	1
176.52	0
187.24	0
194.55	0
196.88	0
198.17	0
201.62	0
205.56	0
216.06	0
225.34	0
228.03	0
228.34	0
231.87	0
233.00	0
233.58	0
273.11	0
275.34	0
281.71	0
282.96	0
293.61	0
298.13	0
307.66	0
309.66	0
286.70	0
288.22	0
296.20	0
297.15	0
298.04	0
299.74	0
303.77	0
306.97	0
265.00	0
267.89	0
269.80	0
272.03	0
282.40	0
284.87	0
285.92	0
287.78	0
213.03	0
214.81	0
222.04	0
225.04	0
225.97	0
226.85	0
227.54	0
242.62	0
144.81	0
147.66	0
150.27	0
151.11	0
166.20	0
196.91	0
200.14	0
202.12	0
227.24	0
227.87	0
258.78	0
262.41	0
270.41	0
270.84	0
289.05	0
289.73	0
404.61	0
411.00	0
434.04	0
435.72	0
438.65	0
439.65	0
441.22	0
446.66	0
254.84	0
257.28	0
258.82	0
272.20	0
286.37	0
297.50	0
297.89	0
310.95	0
171.25	0
187.38	0
194.93	0
195.71	0
201.21	0
207.83	0
209.21	0
217.60	0
291.57	0
296.28	0
303.20	0
309.72	0
314.71	0
321.44	0
324.49	0
325.12	0
163.20	0
163.51	0
171.29	0
180.23	0
183.87	0
186.09	0
186.93	0
187.83	0
304.41	1
321.36	0
326.24	0
328.48	0
340.27	0
346.26	0
349.07	0
353.98	0
383.58	0
394.11	0
397.01	0
397.27	0
398.42	0
398.46	0
407.57	0
409.87	0
260.13	0
261.66	0
264.80	0
277.04	0
292.09	0
297.43	0
301.81	0
302.70	0
279.08	0
281.83	0
292.09	0
301.54	0
308.39	0
311.95	0
312.21	0
318.39	0
170.33	1
206.46	0
214.24	0
215.05	0
221.01	0
221.62	0
222.54	0
227.56	0
326.79	0
328.41	0
338.49	0
344.33	0
349.13	0
351.05	0
354.49	0
361.15	0
175.51	0
177.02	0
186.56	0
189.84	0
201.51	0
207.97	0
211.39	0
218.05	0
283.84	1
351.27	0
352.47	1
377.16	0
396.83	0
405.22	0
406.73	0
409.97	0
197.29	0
201.03	0
223.11	0
299.26	0
299.45	0
304.20	0
305.44	0
308.35	0
518.30	0
564.51	0
588.03	0
597.96	0
632.16	0
635.89	0
640.37	0
640.46	0
161.05	0
165.28	0
167.37	0
173.05	0
175.68	0
182.87	0
193.94	0
194.64	0
332.85	0
333.54	0
341.15	0
346.23	0
348.23	0
382.73	0
391.89	0
392.92	0
437.44	1
458.22	0
496.56	0
499.45	0
507.13	0
514.43	0
535.12	0
540.77	0
103.79	1
232.22	0
243.61	0
291.89	0
294.41	0
296.51	0
297.68	0
300.33	0
592.07	0
676.01	0
735.15	0
737.34	0
749.72	0
750.01	0
752.62	0
753.27	0
242.84	1
249.89	0
250.08	0
265.74	0
267.60	0
291.28	0
299.94	0
303.28	0
156.29	0
168.34	0
171.88	0
176.71	0
177.50	0
179.01	0
181.95	0
194.40	0
64.48	1
90.60	0
108.51	0
115.15	0
117.26	0
123.39	0
125.52	0
127.47	0
163.11	0
184.38	0
184.86	0
186.31	0
187.43	0
189.41	0
193.05	0
193.78	0
12.57	1
55.32	0
72.32	0
73.68	0
95.99	0
101.71	0
103.01	0
109.85	0
322.18	0
324.73	0
333.14	0
337.95	0
338.32	0
360.44	0
370.46	0
371.21	0
253.10	1
294.59	0
296.30	0
303.41	0
305.79	0
306.51	0
308.75	0
315.04	0
328.53	0
352.73	0
357.89	0
361.95	0
363.18	0
364.83	0
366.19	0
366.46	0
101.58	0
104.46	0
117.52	0
120.69	0
137.14	0
137.77	0
142.35	0
151.01	0
257.58	1
303.59	0
309.81	0
312.24	0
319.42	0
321.33	0
322.08	0
323.99	0
336.83	0
353.60	0
356.66	0
360.87	0
362.42	0
363.62	0
366.83	0
368.77	0
203.91	0
207.18	0
207.34	0
207.68	0
216.53	0
216.70	0
223.53	0
225.11	0
282.30	0
286.57	0
288.08	0
288.84	0
295.81	0
322.70	0
323.78	0
324.45	0
327.86	0
333.30	0
336.97	0
340.64	0
344.96	0
360.64	0
365.27	0
372.23	0
307.25	0
315.77	0
315.95	0
317.78	0
318.21	0
323.53	0
324.28	0
325.95	0
177.05	0
184.04	0
195.10	0
197.95	0
200.58	0
204.44	0
204.47	0
208.71	0
252.47	1
279.30	0
286.53	0
287.19	0
289.35	0
291.66	0
292.41	0
292.77	0
334.30	0
350.78	0
352.13	0
354.30	0
356.06	0
357.53	0
359.11	0
359.95	0
203.40	0
209.05	0
209.18	0
215.52	0
228.95	0
237.58	0
251.25	0
252.60	0
218.74	1
268.90	0
270.10	0
273.85	0
275.01	0
276.63	0
278.39	0
279.52	0
275.52	0
292.82	0
292.98	0
294.88	0
299.92	0
306.47	0
307.59	0
309.23	0
243.06	0
244.18	0
249.66	0
253.09	0
286.03	0
292.83	0
299.30	0
307.56	0
269.24	0
313.28	0
317.43	0
321.97	0
322.04	0
326.56	0
330.67	0
333.31	0
129.96	0
133.71	0
134.94	0
139.54	0
162.05	0
175.29	0
183.34	0
185.84	0
22.41	1
41.35	1
46.43	1
47.44	1
94.67	0
102.78	0
103.08	1
122.59	0
77.16	1
161.92	0
164.30	0
164.46	0
178.39	0
179.27	0
182.95	0
190.58	0
84.78	1
196.59	0
202.54	0
204.95	0
210.97	0
211.52	0
214.38	0
216.08	0
152.40	0
161.12	0
163.91	0
170.79	0
174.22	0
178.42	0
186.87	0
187.26	0
246.93	0
252.36	0
257.38	0
257.44	0
265.60	0
266.12	0
268.27	0
268.42	0
171.75	0
194.44	0
216.83	0
227.79	0
236.04	0
237.78	1
244.12	0
247.78	0
251.51	0
258.09	0
259.38	0
265.48	0
267.96	0
269.50	0
269.66	0
276.64	0
526.69	0
527.76	0
530.53	0
534.61	0
541.21	0
544.95	0
548.83	0
553.66	0
481.48	0
486.60	0
489.96	0
491.10	0
500.28	0
501.72	0
502.75	0
507.89	0
435.11	0
456.37	0
460.35	0
463.96	0
465.92	0
472.92	0
473.76	0
482.85	0
415.52	0
427.80	0
431.25	0
442.45	0
445.95	0
448.96	0
449.34	0
451.37	0
417.87	0
433.05	0
437.32	0
453.68	0
453.75	0
458.26	0
459.87	0
462.95	0
243.06	0
245.51	0
250.40	0
250.40	0
252.77	0
268.34	0
270.56	0
272.17	0
115.35	0
117.93	0
118.74	0
124.03	0
132.85	0
134.54	0
141.79	0
146.86	0
115.75	0
136.57	0
171.52	0
174.60	0
175.86	0
180.50	0
180.87	0
183.34	0
203.33	0
216.63	0
217.17	0
218.35	0
220.86	0
226.56	0
228.52	0
231.41	0
170.23	0
207.19	0
245.49	0
245.85	0
248.17	0
249.72	0
256.70	0
257.23	0
249.14	0
252.58	0
253.22	0
266.34	0
270.76	0
273.50	0
276.81	0
277.29	0
79.35	0
80.56	0
84.29	0
89.09	0
91.78	0
92.27	0
100.19	0
102.37	0
3.74	1
21.07	1
37.61	1
42.17	1
43.49	1
94.72	0
98.16	0
99.80	1
142.38	0
165.51	0
165.86	0
169.04	0
173.66	0
187.68	0
190.08	0
194.77	0
121.71	0
124.59	0
125.94	0
130.00	0
143.55	0
143.81	0
145.62	0
146.26	0
174.26	0
179.37	0
180.13	0
196.24	0
197.37	0
200.36	0
200.72	0
201.74	0
170.75	0
170.79	0
175.75	0
179.50	0
180.08	0
182.90	0
188.26	0
193.02	0
136.55	0
144.41	0
146.26	0
148.06	0
160.69	0
161.73	0
162.60	0
162.84	0
96.41	0
123.61	0
125.49	0
129.23	0
131.93	0
134.77	0
140.92	0
143.03	0
123.59	0
124.12	1
143.38	0
162.78	0
169.39	0
171.13	0
171.98	0
178.84	0
132.59	0
182.63	0
203.46	0
214.19	0
217.22	0
221.49	0
222.59	0
230.68	0
117.12	0
129.88	0
133.24	0
134.10	0
138.93	0
150.12	0
154.73	0
162.46	0
148.43	0
151.14	0
155.64	0
164.93	0
168.66	0
172.27	0
174.81	0
179.23	0
204.12	0
212.22	0
214.06	0
222.72	0
223.66	0
223.67	0
231.03	0
233.11	0
236.10	0
243.83	0
249.86	0
249.96	0
260.22	0
267.39	0
267.65	0
283.17	0
80.79	0
90.57	0
98.05	0
100.52	0
103.27	0
104.46	0
121.61	0
124.82	0
234.68	0
234.72	0
237.64	0
256.88	0
257.70	0
261.97	0
262.90	0
266.69	0
162.70	0
163.59	0
168.87	0
170.96	0
171.80	0
173.16	0
176.47	0
178.49	0
182.36	0
184.42	0
189.09	0
191.86	0
200.41	0
203.47	0
203.72	0
204.55	0
90.78	1
142.65	0
143.40	0
143.48	0
145.16	0
147.55	0
147.94	0
151.70	0
34.83	1
143.46	0
208.19	0
214.98	0
222.83	0
227.30	0
229.09	0
230.45	0
13.40	1
165.32	0
203.87	0
225.89	0
231.08	0
231.77	0
234.60	0
239.46	0
28.68	1
211.25	0
226.62	0
231.24	0
231.35	0
242.34	0
248.61	0
248.76	0
54.73	1
125.37	0
135.63	0
138.62	0
149.03	1
149.26	0
152.08	0
152.87	0
11.09	1
11.25	1
32.45	1
48.61	1
53.07	1
53.82	1
105.28	0
110.02	0
34.22	1
169.18	0
169.96	0
170.37	0
175.24	0
178.09	0
179.40	0
189.82	0
11.31	1
124.68	0
127.22	0
131.97	0
134.57	0
134.65	0
136.72	0
137.60	0
40.70	0
156.54	0
198.01	0
203.01	0
204.61	0
207.42	0
211.92	0
214.37	0
22.39	1
111.79	0
119.18	0
152.25	0
160.37	0
161.58	0
162.53	0
163.76	0
20.67	1
106.75	0
116.29	0
134.56	0
135.75	0
140.53	0
143.58	0
148.47	0
36.95	0
117.90	1
121.01	0
131.61	0
135.46	0
139.44	0
147.69	0
152.80	0
105.00	1
112.31	0
114.30	0
141.05	1
160.15	1
165.08	1
165.35	0
169.67	0
216.36	0
221.64	0
225.22	0
226.17	0
227.56	1
229.10	0
234.20	0
239.37	0
35.40	1
73.29	0
98.80	0
100.13	0
104.69	0
110.34	0
115.01	0
123.44	0
111.19	1
126.08	1
137.39	1
156.11	0
158.96	0
166.69	0
171.03	1
179.82	0
179.52	1
182.25	0
183.30	0
186.95	0
189.70	0
190.16	0
190.95	0
192.63	0
11.02	1
55.81	1
80.59	0
99.26	0
102.95	0
105.74	0
109.32	0
112.74	0
15.06	1
152.58	0
163.10	0
171.43	0
176.60	0
177.35	0
178.79	0
181.73	0
170.69	0
174.86	0
180.25	0
182.38	0
186.13	0
187.25	0
196.40	0
215.41	0
75.84	1
83.30	0
120.71	0
141.54	0
145.17	0
147.80	0
150.81	0
153.99	0
64.08	0
149.30	0
150.49	0
158.64	0
173.94	0
183.01	0
185.55	0
189.53	0
136.72	1
158.19	0
159.26	0
177.65	1
181.96	0
183.63	0
185.53	0
189.61	0
188.34	0
208.76	0
218.03	0
223.33	0
225.64	0
232.26	0
242.61	0
246.09	0
199.74	0
199.75	0
205.88	0
209.92	0
217.75	0
220.90	0
223.94	0
225.80	0
250.19	0
250.47	0
254.22	0
255.36	0
266.89	0
271.40	0
273.19	0
276.32	0
282.36	0
284.23	0
287.52	0
290.26	0
290.52	0
291.52	0
291.69	0
307.29	0
366.51	0
373.66	0
376.92	0
377.64	0
381.81	0
383.37	0
388.73	0
391.53	0
239.81	0
274.75	0
279.60	1
282.43	0
283.67	0
284.11	0
284.21	0
286.24	0
209.75	0
220.40	0
222.39	0
223.84	0
226.60	0
232.68	0
237.86	0
238.86	0
198.89	0
203.52	0
210.83	0
213.69	0
215.85	0
223.42	0
225.35	0
226.37	0
36.07	1
82.80	0
82.92	0
89.94	0
93.03	0
100.96	0
102.33	0
102.61	0
69.05	1
108.76	0
127.18	1
160.14	0
161.42	0
173.21	1
177.93	0
179.18	0
88.30	1
121.90	0
144.31	0
157.49	0
162.55	0
177.05	0
178.36	0
178.41	0
21.15	1
43.34	1
130.40	0
141.97	0
149.61	0
150.60	0
150.73	0
151.74	0
53.01	1
55.05	1
101.22	0
111.10	0
111.92	0
126.58	0
127.62	0
141.60	0
77.32	1
99.03	1
114.89	0
120.20	0
122.11	0
126.53	0
128.77	0
133.87	0
3.77	1
3.88	1
8.24	1
19.92	1
39.19	1
42.11	1
42.22	1
92.14	0
139.12	0
140.27	0
148.67	0
150.93	0
151.20	0
151.37	0
155.49	0
157.21	0
140.17	0
143.35	0
145.19	0
146.32	0
146.35	0
147.38	0
148.21	0
154.11	0
158.64	0
164.20	0
164.72	0
177.00	0
177.47	0
179.83	0
180.09	0
181.69	0
141.77	0
160.22	0
168.62	0
172.16	0
184.56	0
186.21	0
192.97	0
193.64	0
202.88	0
236.97	0
242.34	0
247.44	0
271.37	0
276.04	0
276.67	0
277.19	0
113.24	0
133.72	0
141.58	0
142.88	0
146.10	0
150.99	0
151.36	0
153.70	0
101.56	0
118.50	0
121.39	0
127.02	0
128.95	0
131.30	0
131.62	0
139.31	0
21.79	1
95.73	0
97.95	0
98.35	0
105.77	0
109.60	0
110.38	0
112.71	0
12.64	1
102.53	0
130.32	0
131.39	0
132.99	0
133.84	0
134.02	0
136.63	0
5.62	1
97.33	0
99.01	0
99.33	0
99.93	0
100.09	0
102.29	0
114.82	0
73.67	0
80.30	0
83.53	0
86.88	0
89.34	0
91.45	0
91.81	0
94.48	0
6.77	1
8.63	1
10.18	1
17.11	1
18.70	1
34.74	1
35.11	1
37.90	1
95.67	1
129.99	0
142.20	0
154.93	0
160.18	0
172.67	0
174.19	0
181.78	0
6.66	1
144.36	0
168.41	0
173.20	0
176.98	0
178.34	0
190.27	0
190.51	0
8.00	1
195.50	0
233.84	0
239.36	0
239.46	0
253.04	0
266.69	0
269.39	0
58.69	1
144.07	0
174.08	0
181.37	0
187.43	0
192.81	0
197.68	0
198.28	0
4.80	1
107.96	0
123.45	0
128.48	0
134.54	0
135.24	0
136.77	0
137.36	0
63.31	1
109.65	1
161.11	0
175.86	0
183.38	0
183.77	0
183.94	0
188.14	0
7.88	1
25.16	1
112.88	0
113.41	0
139.07	0
141.25	0
142.66	0
145.09	0
3.80	1
9.52	1
97.95	0
98.75	0
100.68	0
101.14	0
102.79	0
107.65	0
126.77	1
173.70	0
175.06	0
175.40	0
181.95	0
185.24	0
187.06	0
188.54	0
145.18	1
156.58	0
175.97	0
178.78	0
185.61	0
188.91	0
193.01	0
196.25	0
287.30	0
293.85	0
295.34	0
301.42	0
313.13	0
319.58	0
320.06	0
323.73	0
166.15	0
184.90	0
193.72	0
196.49	0
199.99	0
203.14	0
204.54	1
205.97	0
230.56	0
238.21	0
242.30	0
242.46	0
242.56	0
248.81	0
251.61	0
252.82	0
141.57	0
151.54	0
155.33	0
159.66	0
160.66	0
160.71	0
161.28	0
164.36	0
255.98	0
265.70	0
265.95	0
267.93	0
270.69	0
278.57	0
280.77	0
281.65	0
187.39	1
197.58	0
200.10	0
202.96	0
204.73	0
205.98	0
208.51	0
215.71	0
183.98	0
186.67	0
191.97	0
203.67	0
208.84	0
209.18	0
210.17	0
211.34	0
240.11	0
242.20	0
244.31	0
248.69	0
250.22	0
252.72	0
252.74	0
254.91	0
162.24	1
164.44	0
194.36	0
196.03	0
197.41	0
204.55	0
206.34	0
206.40	0
260.85	0
279.90	0
280.07	0
280.29	0
281.06	0
281.93	0
283.98	0
286.08	0
141.42	0
150.77	0
156.29	0
157.97	0
158.56	0
161.87	0
162.38	0
162.50	0
237.17	0
245.90	0
250.70	0
254.10	0
255.89	0
259.37	0
265.26	0
265.49	1
315.07	0
320.96	0
324.22	0
324.97	0
326.48	0
328.90	0
330.92	0
337.53	0
237.32	0
252.84	0
261.31	0
267.66	0
271.37	0
272.86	0
277.74	0
279.76	0
218.37	0
227.24	0
227.67	0
232.28	0
236.83	0
237.94	0
238.86	0
239.61	0
313.66	0
321.43	0
328.08	0
328.45	0
328.77	0
330.16	0
331.83	0
333.33	0
64.94	1
99.83	1
104.03	0
106.16	0
108.97	1
109.73	0
113.64	0
116.99	1
3.04	1
3.39	1
3.57	1
6.77	1
11.77	1
21.15	1
38.73	1
41.88	1
125.33	0
131.37	0
138.13	0
179.20	0
181.39	0
185.98	0
197.89	0
198.82	0
154.40	0
165.14	0
170.41	0
170.44	0
173.90	0
180.82	0
188.02	0
189.02	0
114.60	1
146.32	0
166.53	0
177.57	0
179.21	1
181.07	0
185.15	0
186.31	0
238.11	0
238.93	0
242.08	0
246.00	0
250.69	0
252.23	0
254.52	0
256.50	0
117.59	0
119.66	0
126.95	0
127.59	0
127.74	0
130.80	0
135.64	0
136.89	0
175.86	0
178.43	0
178.63	0
181.45	0
181.77	0
184.72	0
185.96	0
187.41	0
434.19	0
436.38	0
442.76	0
445.39	0
446.92	0
449.78	0
451.65	0
451.85	0
11.40	1
15.45	1
54.14	0
57.34	1
71.37	0
74.95	0
75.94	0
86.00	0
184.22	0
192.35	0
194.65	0
195.54	0
201.38	0
202.80	0
204.21	0
217.45	0
141.92	1
150.98	0
160.78	0
181.56	0
183.69	0
187.89	1
193.79	1
197.03	1
220.78	0
231.71	0
232.60	0
233.20	0
233.82	0
234.11	0
235.74	0
237.89	0
338.69	0
342.79	0
364.71	0
373.52	0
379.71	0
383.73	0
385.97	0
386.79	0
150.31	0
159.52	0
204.69	0
209.80	0
213.19	0
215.97	0
216.98	0
219.06	0
164.80	0
178.85	0
211.21	0
216.50	0
216.66	0
217.84	0
220.56	0
223.95	0
26.98	1
31.22	1
130.88	0
147.60	0
152.36	0
157.73	0
160.90	0
162.20	0
187.06	0
190.42	0
193.69	0
194.25	0
194.34	0
198.87	0
199.90	0
200.06	0
186.58	0
188.36	0
189.45	0
189.90	0
193.07	0
193.17	0
193.62	0
194.79	0
86.11	0
90.68	0
92.09	0
94.96	0
96.15	0
96.25	0
97.75	0
104.31	0
61.10	0
64.97	0
68.58	0
70.99	0
72.08	0
74.10	0
76.01	0
88.61	0
76.04	1
81.33	0
87.10	0
89.88	0
91.09	0
93.01	0
95.02	0
95.24	0
123.29	0
123.59	0
125.46	0
128.48	0
129.10	0
130.61	0
136.99	0
139.19	0
32.73	1
35.91	1
50.45	1
86.35	0
91.36	0
93.04	0
94.17	0
95.42	0
75.46	0
82.51	0
87.08	0
89.45	0
95.50	0
95.73	0
98.38	0
101.27	0
8.27	1
8.62	1
47.15	0
54.01	1
60.68	0
67.65	0
81.25	0
84.41	0
43.07	1
52.49	1
65.20	1
70.58	0
71.84	0
74.88	0
79.78	0
80.56	0
1.64	1
3.42	1
4.20	1
4.30	1
8.15	1
12.44	1
20.81	1
39.32	1
96.40	0
120.37	0
126.33	0
136.72	0
160.11	0
161.49	0
167.11	0
171.27	0
152.33	1
169.02	0
173.17	0
173.73	0
175.70	0
177.14	0
182.80	0
182.96	0
98.14	0
137.07	0
192.20	0
196.18	0
197.24	0
198.24	0
199.77	0
200.46	0
97.72	0
98.58	0
103.21	0
103.33	0
104.39	0
104.62	0
105.62	0
106.65	0
161.27	0
228.40	0
236.91	0
237.46	0
242.35	0
243.92	0
244.34	0
244.37	0
170.85	0
176.23	0
194.91	0
202.51	0
204.57	0
208.74	0
214.47	0
214.64	0
172.60	0
205.08	0
208.35	0
209.19	0
212.46	0
216.35	0
219.62	0
220.27	0
47.48	1
119.60	0
124.26	0
137.23	0
138.30	0
138.62	0
140.20	0
145.06	0
5.31	1
34.68	1
41.91	1
52.88	1
77.84	0
87.53	0
91.84	0
94.42	0
9.44	1
43.99	1
80.04	0
88.35	0
91.73	0
92.00	0
99.23	0
99.56	0
144.80	0
156.88	0
161.63	0
164.43	0
169.36	0
179.29	0
183.83	0
187.99	0
154.56	1
166.06	0
168.94	0
173.13	0
173.66	1
177.00	0
178.65	1
181.25	0
75.17	1
146.12	0
159.22	0
167.63	0
176.93	0
179.66	0
182.74	0
183.44	0
45.41	1
412.02	0
416.30	0
422.73	0
423.48	0
425.63	0
428.96	0
429.88	0
82.04	1
171.70	0
173.43	0
174.29	0
176.27	0
176.66	0
180.95	0
184.57	0
203.11	0
217.50	0
224.56	0
227.54	0
228.59	0
229.68	0
232.42	0
232.64	0
237.87	0
238.52	0
238.80	0
242.82	0
245.05	0
246.19	0
260.54	0
261.07	0
138.03	0
139.32	0
143.08	0
145.34	0
148.34	0
153.30	0
153.49	0
153.72	0
140.65	0
146.88	0
148.89	0
149.12	0
150.66	1
150.91	0
154.75	0
155.37	0
119.06	0
133.30	1
147.80	0
151.64	1
159.22	1
166.08	1
166.42	0
167.78	1
147.96	1
185.98	0
191.95	0
192.64	0
193.12	0
194.97	0
197.25	0
197.96	0
46.49	1
54.12	1
75.84	1
91.91	0
94.67	0
99.92	1
102.30	0
103.89	0
1.90	1
2.44	1
3.06	1
3.25	1
3.99	1
8.67	1
10.06	1
22.59	1
64.94	1
151.12	0
161.67	0
166.66	0
173.09	0
174.22	0
178.16	0
181.38	0
69.86	1
186.85	0
197.46	1
200.85	0
209.19	0
209.55	0
211.94	0
212.28	0
72.87	1
173.23	1
205.31	0
219.30	0
222.68	0
224.28	0
226.05	0
239.62	0
1.29	1
5.88	1
143.61	0
164.27	0
167.91	0
169.92	0
169.92	0
173.60	0
2.53	1
10.51	1
213.48	0
239.64	0
241.43	0
251.14	0
256.32	0
261.31	0
23.37	1
62.38	1
127.36	0
145.00	0
153.11	0
158.91	0
165.16	0
167.12	0
1.01	1
4.75	1
31.21	1
101.45	0
113.58	0
114.20	0
117.73	0
121.06	0
1.56	1
20.73	1
65.90	1
93.45	0
94.73	0
96.84	0
97.40	0
98.44	0
1.10	1
9.08	1
12.58	1
102.37	0
105.82	0
129.08	0
130.28	0
130.42	0
1.42	1
4.27	1
7.77	1
96.35	0
97.54	0
99.35	0
99.59	0
99.61	0
155.13	0
192.06	0
192.17	0
193.15	0
194.77	0
194.88	0
195.25	0
198.63	0
118.42	0
128.73	0
132.99	0
133.41	0
134.61	0
135.27	0
136.14	0
136.78	0
43.53	1
74.96	0
77.52	0
82.08	0
82.24	0
83.28	0
84.14	0
88.59	0
1.44	1
6.15	1
6.40	1
7.59	1
7.67	1
8.04	1
9.02	1
15.17	1
16.17	1
97.84	1
123.82	0
129.49	0
130.80	0
136.97	0
140.70	0
141.58	0
2.00	1
5.76	1
7.21	1
148.35	0
169.74	0
173.38	0
175.75	0
176.53	0
2.24	1
6.79	1
8.24	1
200.46	0
222.61	0
224.11	0
238.22	0
242.38	0
21.57	1
31.81	1
35.04	1
114.48	0
126.26	0
150.83	0
151.84	0
158.41	0
2.27	1
3.47	1
3.63	1
31.27	1
102.68	0
114.59	0
115.13	0
118.34	0
4.87	1
5.77	1
26.66	1
51.69	1
93.32	0
93.46	0
94.59	0
97.76	0
3.32	1
4.01	1
4.15	1
16.85	1
103.18	0
104.96	0
107.31	0
131.84	0
0.90	1
3.59	1
3.87	1
9.98	1
94.44	0
95.47	0
95.50	0
97.08	0
60.58	1
127.00	1
128.26	0
134.07	1
140.94	0
144.86	0
147.05	0
151.12	0
145.72	0
155.11	0
159.69	1
189.80	0
204.70	0
213.74	0
223.29	0
224.29	0
92.94	0
96.14	0
110.28	0
144.39	0
152.29	0
152.43	0
155.66	0
157.99	0
201.37	0
241.11	0
255.99	0
256.08	0
259.87	0
261.09	0
262.34	0
263.83	0
185.56	0
217.38	0
220.53	0
231.52	0
231.68	0
233.81	0
238.27	0
240.35	0
48.03	0
67.23	1
171.26	0
213.38	0
215.66	0
218.00	0
236.55	0
238.42	0
18.89	1
150.05	0
150.22	0
151.15	1
151.38	0
157.61	0
157.94	0
158.21	0
219.49	0
224.64	0
226.39	0
229.23	0
229.28	0
229.44	0
229.93	0
230.56	0
230.91	0
231.58	0
236.68	0
238.78	0
238.97	0
240.30	0
241.71	0
246.74	0
131.72	0
133.33	0
134.46	0
138.32	0
139.74	0
140.20	0
142.38	0
144.19	0
150.54	1
151.68	1
152.60	1
165.66	0
172.31	0
177.64	0
177.66	0
184.16	0
136.29	0
136.29	0
138.05	0
138.47	0
139.30	0
139.99	0
142.05	0
143.55	0
148.46	0
155.56	0
158.86	0
163.38	0
172.37	0
176.46	0
178.56	0
179.20	0
127.09	1
129.55	1
174.46	0
194.88	0
203.49	0
209.32	0
217.35	0
217.99	0
66.28	1
68.97	1
113.16	1
114.55	1
116.55	1
147.94	0
148.36	0
151.06	0
33.58	1
42.75	1
87.35	1
104.02	0
108.10	0
127.53	0
135.68	0
136.19	0
156.20	0
163.72	0
167.09	0
174.56	0
181.75	0
183.47	0
184.41	0
185.07	0
26.90	1
44.27	1
45.13	1
59.95	1
75.70	0
77.63	0
81.26	1
83.59	0
8.86	1
9.12	1
10.71	1
13.11	1
13.77	1
14.80	1
16.10	1
16.61	1
132.39	1
138.86	0
142.96	1
155.90	0
164.50	0
175.99	0
189.49	0
190.08	0
240.81	0
241.35	0
256.44	0
257.27	0
272.48	0
274.55	0
275.78	0
276.92	0
205.11	1
223.10	1
223.37	1
234.43	0
239.10	0
239.25	0
240.52	0
244.14	0
214.51	0
217.05	0
218.53	0
219.87	0
224.36	0
229.08	0
229.11	0
229.52	0
201.24	0
214.26	0
216.74	0
231.28	0
233.91	0
235.97	0
238.64	0
239.53	0
177.85	0
203.18	0
205.70	0
205.89	0
207.18	0
207.60	0
209.60	0
219.90	0
300.71	0
302.95	0
319.13	0
327.79	0
342.14	0
351.45	0
353.21	0
355.15	0
78.62	1
85.14	1
94.28	1
100.31	0
113.30	0
113.71	0
126.14	0
136.06	0
229.68	0
250.37	0
250.85	0
258.24	0
262.38	0
264.78	0
272.82	0
276.07	0
109.29	0
114.81	0
128.29	0
130.65	0
134.44	0
135.41	0
141.04	0
141.66	0
85.38	0
87.04	0
88.10	0
93.64	0
94.24	0
96.30	0
99.65	0
99.81	0
187.70	0
188.64	0
188.71	0
196.31	0
198.38	0
199.35	0
199.84	0
200.77	0
175.83	0
176.81	0
178.19	0
184.64	0
186.99	0
187.06	0
188.56	0
190.94	0
52.44	0
93.24	0
94.00	0
94.49	0
96.38	0
99.52	0
107.02	0
109.19	0
189.77	0
199.79	0
209.88	0
211.21	0
212.52	0
214.05	0
216.46	0
217.14	0
304.02	0
306.33	0
306.94	0
307.02	0
311.11	0
312.08	0
312.30	0
315.06	0
111.88	0
122.31	0
123.70	0
134.98	0
135.63	0
138.46	0
147.68	0
150.20	0
203.05	0
216.10	0
219.18	0
223.60	0
224.43	0
227.74	0
235.00	0
236.08	0
209.65	0
217.33	0
219.00	0
221.24	0
221.73	0
225.29	0
226.58	0
226.72	0
425.05	0
444.70	0
448.30	0
451.16	0
452.22	0
453.55	0
455.60	0
455.92	0
197.21	0
201.20	0
201.56	0
203.92	0
206.50	0
207.68	0
209.50	0
209.78	0
146.19	0
149.38	0
176.58	0
181.43	0
183.59	0
184.59	0
190.61	0
191.09	0
82.94	1
95.33	0
95.64	0
98.19	0
98.67	0
99.32	0
100.46	0
100.72	0
127.49	0
164.87	0
169.43	0
169.99	0
172.39	0
182.16	0
184.22	0
185.25	0
128.59	1
176.48	0
182.62	0
187.26	0
188.05	0
188.64	0
188.82	0
190.90	0
24.51	1
30.50	1
45.56	1
49.62	1
54.60	1
72.33	0
73.85	0
75.50	0
2.25	1
2.87	1
2.96	1
2.98	1
3.95	1
4.28	1
8.43	1
9.33	1
125.58	0
149.56	1
167.04	0
171.62	0
174.57	0
183.06	0
198.44	0
222.25	0
120.62	0
143.29	0
145.13	0
147.52	0
161.43	0
164.47	0
166.39	0
173.60	0
118.56	0
163.04	0
194.63	0
195.87	0
199.18	0
200.85	0
203.44	0
207.19	0
87.83	1
145.10	0
224.17	0
231.33	0
241.54	0
242.57	0
245.39	0
246.12	0
229.06	0
237.24	0
248.79	0
267.37	0
269.76	0
271.24	0
272.98	0
274.96	0
645.58	0
656.98	0
665.72	0
667.88	0
670.28	0
670.49	0
672.50	0
673.11	0
216.20	0
221.40	0
221.92	0
226.30	0
226.75	0
227.87	0
229.00	0
231.65	0
169.96	0
172.69	1
176.30	1
177.11	1
180.71	1
198.10	0
200.92	0
209.77	0
173.21	0
195.65	1
208.91	1
211.17	1
214.80	0
216.03	0
220.30	1
223.63	0
131.61	1
156.23	0
162.56	0
163.52	0
188.13	0
191.11	0
192.29	0
197.86	0
128.25	0
130.88	0
135.96	0
137.55	0
137.99	0
139.32	0
140.20	0
141.02	0
147.29	0
147.37	0
149.57	1
157.85	1
162.78	0
179.88	0
181.34	1
181.94	0
211.67	0
215.35	0
216.61	0
217.83	0
226.27	0
226.98	0
227.81	0
228.24	0
44.49	1
70.32	0
98.21	0
100.16	0
103.32	0
105.13	0
106.19	0
106.96	0
216.97	0
231.79	0
242.77	1
244.66	0
257.44	0
258.47	0
262.57	0
263.03	0
201.59	0
207.77	0
212.06	0
216.96	0
217.30	0
217.54	0
217.77	0
219.63	0
36.53	1
48.05	1
50.10	1
67.48	1
89.79	0
92.93	0
95.77	0
98.05	0
171.43	0
185.34	0
194.27	0
217.66	1
218.67	0
219.41	1
220.76	0
222.67	0
125.68	1
147.27	0
161.50	0
178.00	0
199.48	0
203.81	0
204.20	0
208.19	0
183.04	1
184.78	0
192.42	0
197.83	0
197.89	0
203.30	0
203.88	0
205.31	0
123.14	0
149.75	1
153.44	0
161.11	1
175.57	0
178.25	0
180.74	1
183.87	1
170.24	0
207.39	0
209.86	0
211.20	0
212.22	0
214.45	0
214.68	0
215.39	0
55.73	0
84.94	0
115.36	0
115.39	0
115.92	0
125.35	0
125.67	0
127.45	0
73.44	1
199.88	0
205.49	0
241.29	0
244.10	0
249.38	0
255.68	0
260.97	0
17.70	1
209.12	0
214.57	0
217.43	0
219.92	0
223.38	0
224.05	0
224.11	0
30.78	1
419.43	0
460.34	0
461.39	0
465.74	0
465.82	0
466.47	0
468.20	0
66.23	1
223.10	0
223.54	0
223.79	0
228.19	0
230.40	0
233.06	0
235.13	0
37.63	1
82.18	0
105.50	0
115.40	0
118.38	0
123.07	0
124.97	0
126.19	0
80.54	0
96.77	1
110.05	0
122.68	0
143.26	0
146.55	0
146.57	0
148.92	0
212.58	1
226.41	0
236.04	0
239.54	0
240.77	1
244.07	0
245.04	0
247.04	0
224.97	0
228.45	0
229.39	0
229.83	0
231.28	0
233.41	0
236.41	0
236.49	0
89.33	0
127.96	0
129.34	0
129.59	0
130.22	0
130.60	0
133.58	0
133.64	0
39.29	1
44.16	1
48.18	1
70.61	1
79.04	0
84.48	0
89.55	0
97.80	0
154.13	0
176.26	0
204.05	0
223.38	0
227.87	0
228.79	0
234.83	0
238.19	0
129.48	1
140.05	1
199.57	0
211.83	0
212.27	0
213.77	0
215.85	0
222.59	0
82.53	0
87.18	1
94.26	0
95.58	1
95.99	0
113.73	0
119.82	0
120.90	0
168.10	0
169.61	0
177.13	0
177.16	0
179.14	0
180.62	0
180.88	0
183.50	0
452.55	0
472.66	0
474.45	0
475.05	0
477.53	0
480.29	0
488.84	0
489.94	0
341.66	0
349.28	0
349.84	0
351.27	0
351.88	0
352.07	0
353.00	0
354.88	0
122.07	0
138.67	0
145.68	0
147.30	0
149.51	0
153.56	0
154.96	0
156.17	0
8.89	1
9.42	1
11.93	1
14.67	1
55.72	0
57.20	1
65.31	0
70.50	0
122.54	1
126.11	0
140.67	0
149.38	0
150.81	1
154.86	0
158.50	0
162.45	0
95.07	0
104.41	1
132.97	1
135.92	0
145.27	1
148.48	1
151.75	1
163.10	0
91.01	1
131.70	0
131.86	0
142.84	0
156.78	0
160.93	0
166.20	0
171.97	0
14.67	1
32.85	1
40.60	1
46.35	1
56.38	1
64.17	1
70.96	0
73.85	0
1.46	1
1.76	1
2.06	1
2.29	1
3.27	1
3.48	1
3.56	1
8.36	1
62.79	1
115.68	0
118.21	0
123.38	0
127.39	0
134.15	0
147.61	0
159.01	0
23.97	1
129.82	0
143.16	0
153.02	0
163.76	0
166.50	1
170.35	0
172.97	0
81.20	1
101.93	1
128.81	1
129.77	1
142.63	0
143.04	0
144.25	0
144.43	0
156.61	0
169.41	0
213.85	0
217.05	0
236.81	0
240.64	0
252.84	0
254.50	0
85.36	0
119.18	0
129.75	0
130.49	0
134.58	0
140.49	0
145.61	0
148.98	0
101.86	1
188.63	0
219.70	0
223.15	0
230.94	0
231.36	0
231.62	0
232.94	0
49.54	1
336.89	0
341.09	0
341.77	0
341.91	0
343.51	0
343.98	0
344.50	0
99.81	0
109.69	0
110.45	0
111.00	0
112.03	0
112.86	0
112.92	0
113.18	0
128.38	0
131.14	1
139.07	0
140.22	0
143.67	0
151.59	0
151.99	0
162.10	0
194.57	0
205.42	0
208.57	0
208.63	0
212.08	0
212.16	0
216.85	0
218.91	0
168.06	1
174.70	1
175.72	1
176.74	1
184.94	1
186.89	1
192.27	1
199.68	0
1.83	1
2.10	1
2.35	1
2.57	1
3.84	1
4.58	1
5.15	1
5.28	1
144.87	0
147.54	0
147.96	0
148.46	0
168.41	0
169.80	0
172.07	0
192.73	0
596.53	0
599.37	0
600.59	0
601.09	0
601.35	0
601.51	0
602.29	0
603.43	0
186.05	1
194.40	1
207.64	1
211.03	1
212.13	1
218.12	0
219.93	1
231.61	0
164.03	0
187.41	0
199.79	0
237.08	0
247.75	0
249.27	0
253.68	0
257.31	0
156.10	0
159.28	0
164.56	1
167.63	0
169.10	0
169.86	0
170.33	0
170.91	0
45.99	1
48.44	1
77.25	1
147.29	0
147.59	0
148.05	0
148.41	0
149.20	0
3.69	1
7.48	1
38.35	1
46.25	1
53.01	1
56.03	1
77.99	0
80.67	0
3.71	1
8.43	1
29.45	1
41.43	1
72.10	0
76.58	0
88.14	0
90.26	0
221.67	0
229.75	0
235.72	0
244.62	0
250.90	0
253.60	0
255.64	0
256.60	0
197.44	0
198.97	0
200.63	0
201.30	0
206.02	0
206.51	0
208.28	0
209.11	0
176.03	0
181.58	1
183.05	0
188.39	0
193.31	0
195.15	0
196.22	0
200.27	0
121.89	0
227.60	0
229.67	1
234.34	0
237.61	0
240.55	0
242.03	0
247.03	0
233.94	0
235.31	0
238.98	0
240.52	0
243.41	0
243.64	0
244.68	0
245.19	0
36.39	1
103.41	0
107.02	0
107.67	0
109.12	0
110.79	0
112.19	0
113.05	0
108.38	0
117.31	0
125.02	0
128.38	1
150.69	0
159.54	0
159.79	0
161.52	0
21.17	1
125.55	0
127.71	0
129.43	0
130.44	0
134.91	0
135.02	0
135.93	0
117.26	0
132.80	0
134.50	0
140.35	0
142.13	0
143.13	0
144.23	0
150.27	0
100.46	0
140.16	0
200.67	0
207.37	0
222.28	1
226.09	1
226.46	0
235.41	0
143.65	1
164.43	1
206.88	0
221.68	0
224.63	0
227.43	0
232.45	0
235.01	0
62.41	1
85.10	1
303.27	0
304.57	0
306.87	0
311.60	0
315.17	0
316.71	0
115.70	0
123.46	0
124.90	0
148.15	0
151.42	1
151.63	0
154.18	0
154.84	0
198.72	0
231.93	0
233.36	0
237.95	0
240.70	0
240.78	0
240.96	0
245.27	0
199.90	0
201.50	0
205.66	0
206.70	0
208.09	0
217.28	0
217.70	0
218.26	0
201.95	0
203.87	0
208.40	0
222.62	0
222.83	0
222.94	0
223.80	0
223.80	0
180.44	0
208.56	0
208.58	0
210.90	0
211.03	0
211.58	0
211.88	0
212.88	0
114.67	0
116.33	0
117.16	0
119.54	0
119.55	0
120.40	0
121.33	0
126.79	0
136.12	0
136.58	0
143.96	0
144.21	0
144.46	0
144.64	0
145.83	0
147.89	0
47.30	1
112.53	0
113.09	0
119.90	0
122.36	0
124.22	0
124.50	0
124.79	0
37.04	1
44.84	1
45.15	1
48.91	1
50.21	1
59.05	1
60.01	1
90.61	0
1.55	1
1.75	1
1.97	1
2.18	1
2.40	1
2.41	1
3.38	1
3.38	1
54.98	0
72.26	0
148.54	0
149.54	0
151.83	0
153.82	0
153.90	0
153.91	0
130.02	0
151.61	0
169.54	0
216.45	0
218.83	0
223.59	0
223.81	0
225.02	0
23.50	1
73.23	1
104.10	1
105.89	1
131.49	0
136.97	0
142.29	0
160.29	0
1.24	1
1.76	1
6.32	1
6.37	1
144.74	0
161.42	0
167.24	0
169.64	0
1.15	1
2.88	1
7.23	1
8.30	1
206.93	0
229.87	0
230.52	0
232.18	0
38.72	1
41.65	1
54.94	1
81.26	1
137.80	0
158.16	0
164.53	0
164.95	0
0.55	1
1.01	1
2.87	1
4.59	1
31.87	1
100.22	0
111.71	0
112.80	0
0.98	1
1.11	1
5.19	1
21.19	1
64.23	1
94.23	0
97.28	0
97.82	0
0.48	1
1.12	1
4.08	1
8.14	1
12.77	1
102.38	0
103.83	0
106.28	0
0.73	1
1.27	1
3.43	1
3.65	1
6.71	1
94.72	0
96.54	0
97.78	0
193.03	0
195.90	0
209.40	0
210.66	0
210.95	0
211.31	0
211.64	0
215.02	0
30.62	1
48.06	1
77.09	0
77.85	0
78.25	0
81.30	0
82.06	0
85.48	0
1.59	1
1.64	1
4.33	1
4.93	1
6.52	1
6.62	1
6.64	1
6.65	1
171.04	0
173.66	0
183.69	0
184.38	0
188.11	0
191.88	0
203.60	0
204.33	0
47.42	1
333.75	0
342.34	0
346.15	0
349.92	0
351.15	0
353.65	0
371.60	0
21.39	1
183.80	0
195.60	0
242.97	0
246.45	0
247.37	0
247.46	0
248.78	0
33.44	1
131.26	0
134.33	0
140.60	0
142.96	0
160.51	0
161.38	0
163.58	0
4.80	1
22.36	1
25.28	1
27.66	1
27.96	1
28.17	1
126.99	0
136.58	0
12.99	1
113.11	1
141.60	1
144.86	1
174.80	0
182.52	0
183.66	0
184.25	0
34.85	1
127.77	0
144.13	0
148.66	0
150.07	0
162.16	0
169.44	0
174.52	0
9.06	1
43.42	1
44.74	1
48.61	1
87.41	1
89.08	0
90.65	0
92.39	0
39.66	0
55.68	1
90.07	1
91.92	0
92.49	0
93.44	0
97.58	0
102.18	0
10.47	1
48.19	1
49.93	1
107.79	0
112.67	0
114.89	0
115.64	0
120.27	0
3.44	1
4.95	1
7.33	1
32.06	1
38.17	1
52.68	1
71.86	0
72.40	1
5.23	1
5.25	1
5.49	1
36.35	1
36.86	1
74.02	0
76.47	0
77.17	0
3.70	1
6.48	1
7.16	1
8.57	1
11.88	1
52.23	0
56.08	1
65.26	0
206.86	0
208.44	1
220.63	0
223.31	1
230.86	0
231.02	0
231.96	0
235.01	0
265.69	0
267.19	0
325.99	0
332.83	0
333.38	0
339.85	0
342.30	0
345.12	0
78.55	1
85.08	0
100.05	0
105.08	1
106.57	0
108.18	0
110.10	0
113.57	0
231.75	0
240.87	0
246.87	0
255.14	0
258.38	0
259.18	0
266.35	0
269.97	0
148.72	1
155.08	1
156.31	1
160.19	1
168.91	0
171.12	0
174.93	0
176.15	0
171.82	0
173.99	0
175.38	0
177.94	0
178.84	0
179.06	0
181.78	0
185.61	0
210.89	0
212.23	0
213.12	0
213.31	0
219.79	0
220.73	0
224.46	0
225.29	0
27.38	1
29.61	1
34.70	1
35.43	1
48.59	1
69.70	1
82.81	0
84.52	0
231.81	0
234.30	0
240.30	0
252.64	0
253.03	0
253.21	0
253.50	0
255.07	0
204.70	0
217.62	0
221.21	1
222.92	0
226.60	0
228.44	0
229.76	0
230.97	0
51.71	0
65.33	1
68.03	0
75.71	0
82.49	0
83.61	0
86.58	0
91.37	0
190.22	0
195.58	0
195.75	0
197.53	0
198.47	0
198.49	0
200.45	0
204.61	0
439.06	0
439.20	0
440.53	0
443.62	0
449.18	0
453.35	0
453.92	0
455.53	0
527.37	0
549.23	0
554.77	0
555.38	0
556.48	0
557.69	0
558.53	0
558.86	0
116.34	1
116.50	0
118.43	0
121.62	0
123.61	0
123.82	0
124.20	0
125.23	0
35.49	0
43.81	1
46.61	1
171.63	0
177.02	0
180.24	0
214.14	0
214.27	0
9.93	1
11.87	1
173.34	1
173.94	0
174.64	0
174.87	0
175.56	0
179.56	0
93.22	1
102.55	1
110.08	1
113.27	0
117.90	0
120.12	0
121.94	0
127.37	0
152.78	0
154.73	0
154.91	0
155.35	0
155.63	0
162.46	0
168.95	0
171.06	0
127.08	1
131.74	1
133.26	1
135.77	1
141.96	1
142.92	1
155.69	0
161.68	0
138.73	0
141.14	0
150.17	0
150.98	0
155.91	0
156.73	0
160.49	0
168.56	0
166.56	0
169.60	0
170.94	0
173.83	0
174.39	0
175.86	0
176.07	0
177.17	0
210.80	0
218.90	0
220.30	0
226.38	0
226.52	0
227.21	0
227.82	0
227.89	0
226.13	0
231.75	0
234.28	0
241.92	0
244.15	0
246.77	0
247.25	0
248.74	0
74.24	0
92.28	0
92.77	1
95.98	0
97.06	0
97.11	0
97.32	0
98.31	0
44.39	1
61.88	1
64.66	1
96.32	1
149.84	0
156.22	0
157.71	0
164.12	0
8.05	1
8.68	1
11.47	1
32.94	1
37.87	1
52.81	1
77.83	1
82.13	0
5.97	1
6.30	1
9.22	1
36.14	1
41.70	1
69.15	0
71.29	0
72.04	0
160.68	0
164.98	0
168.67	0
171.30	0
172.24	0
173.71	0
174.08	0
175.50	0
195.69	0
195.76	0
198.10	0
198.39	0
198.50	0
198.90	0
200.52	0
200.95	0
18.85	1
67.12	1
83.14	0
84.45	0
84.47	0
86.05	0
86.88	0
87.63	0
146.07	0
148.52	0
150.01	0
151.94	0
153.99	0
155.46	0
156.76	0
159.61	0
285.86	0
285.93	0
295.75	0
295.98	0
298.82	0
299.35	0
300.19	0
300.61	0
24.60	1
29.52	1
29.70	1
31.77	1
46.88	1
47.58	1
50.79	1
57.07	1
3.68	1
3.81	1
4.11	1
4.32	1
4.76	1
5.00	1
6.51	1
6.59	1
113.50	1
120.44	1
129.19	1
143.71	0
143.80	1
147.76	1
160.52	0
169.16	0
14.20	1
19.12	1
22.41	1
23.17	1
28.64	1
30.63	1
56.03	1
62.63	1
9.77	1
24.14	1
27.54	1
30.23	1
30.52	1
38.05	1
78.77	1
78.82	1
160.92	0
167.36	0
168.84	0
174.67	0
175.27	0
178.31	0
180.87	0
183.38	0
131.14	0
137.30	0
141.06	0
166.33	0
168.24	0
169.30	0
170.90	0
171.87	0
254.34	0
257.06	0
257.52	0
259.22	0
259.66	0
260.10	0
260.26	0
260.39	0
101.35	1
115.47	0
126.21	0
126.69	0
127.75	0
127.93	0
130.91	0
131.73	0
87.55	0
135.15	0
192.16	0
201.31	0
203.80	0
211.28	0
216.42	0
224.67	0
133.34	0
137.30	0
178.06	0
183.92	0
191.17	0
201.98	0
208.52	0
210.55	0
53.87	0
56.65	1
108.88	0
113.68	0
118.33	0
118.73	0
122.33	0
128.72	0
5.37	1
39.17	1
87.31	0
91.77	0
92.60	0
93.16	0
93.25	0
93.39	0
32.82	1
153.29	0
171.06	0
176.22	0
177.59	0
179.72	0
181.97	0
182.74	0
18.09	1
170.92	0
174.04	0
175.81	0
178.19	0
178.47	0
178.68	0
180.61	0
30.30	0
33.60	1
57.35	0
59.09	0
68.99	0
73.94	0
74.51	0
74.53	0
205.67	0
267.26	0
272.68	0
277.68	0
278.14	0
279.02	0
280.77	0
281.65	0
72.86	1
77.00	1
82.11	0
82.78	0
84.31	0
84.83	0
95.46	0
96.08	0
270.58	0
271.52	0
276.98	0
279.82	0
281.49	0
282.87	0
284.74	0
287.03	0
120.65	1
145.81	1
156.25	1
168.59	0
175.57	0
182.11	0
185.28	1
185.75	0
205.07	0
213.23	0
218.92	0
218.94	0
222.54	0
224.48	0
225.93	0
226.94	0
295.49	0
297.03	0
299.38	0
300.11	0
301.43	0
302.08	0
302.47	0
302.91	0
179.33	0
179.74	0
182.45	0
182.51	0
184.05	0
184.79	0
188.43	0
198.22	0
94.88	1
114.87	1
178.13	0
198.08	0
211.55	0
221.77	0
224.28	0
230.04	0
35.51	0
43.48	0
175.73	0
179.64	0
180.56	0
182.20	0
182.27	0
183.31	0
197.69	0
202.85	0
214.28	0
226.20	0
227.25	0
227.85	0
228.35	0
228.87	0
182.37	0
184.22	0
186.55	0
187.74	0
189.92	0
191.80	0
201.83	0
203.18	0
37.68	1
38.69	1
61.42	1
65.23	0
76.56	0
78.68	0
78.80	0
79.33	0
241.23	0
242.19	0
262.29	0
270.97	0
271.43	0
278.59	0
282.38	0
283.17	0
250.47	0
259.37	0
266.76	0
268.30	0
269.24	0
269.98	0
273.87	0
275.07	0
40.71	1
42.99	1
69.37	0
71.54	1
77.95	0
80.92	0
81.78	0
82.37	0
149.58	0
152.29	0
154.72	0
155.23	0
158.16	0
158.79	0
160.74	0
162.17	0
277.45	0
278.55	0
279.23	0
279.40	0
283.98	0
285.52	0
286.29	0
296.58	0
204.98	0
206.01	0
206.56	0
208.50	0
208.87	0
210.75	1
216.04	0
216.43	0
271.70	0
319.21	0
320.59	0
325.47	0
325.75	0
326.17	0
327.11	0
328.15	0
32.44	1
35.17	1
58.61	0
62.72	1
66.59	0
69.37	0
71.51	0
71.62	0
226.93	0
229.86	0
230.07	0
230.15	0
230.62	0
232.32	0
233.61	0
234.77	0
309.05	0
309.19	0
310.09	0
312.45	0
313.09	0
314.72	0
320.84	0
322.07	0
170.12	0
170.32	0
174.76	0
175.14	0
176.70	0
177.10	0
179.00	0
179.98	0
29.58	0
54.53	0
62.98	0
70.94	1
76.27	1
76.57	0
105.17	0
107.74	1
344.56	0
346.19	0
346.52	0
347.34	0
347.83	0
349.67	0
352.60	0
353.23	0
435.53	0
436.03	0
439.84	0
440.18	0
440.30	0
441.26	0
441.35	0
441.73	0
479.00	0
479.71	0
480.54	0
481.29	0
481.65	0
482.79	0
483.15	0
484.31	0
175.61	0
178.24	0
179.24	0
180.03	0
180.20	0
184.57	0
192.33	0
193.86	0
22.66	0
29.44	0
30.37	0
31.28	0
32.92	0
43.55	0
49.40	0
53.35	0
473.27	0
478.77	0
489.92	0
489.94	0
495.95	0
496.69	0
497.58	0
498.91	0
635.64	0
638.58	0
641.32	0
641.90	0
642.56	0
645.04	0
645.81	0
649.50	0
611.36	0
611.44	0
614.91	0
614.93	0
616.12	0
618.30	0
626.33	0
629.14	0
266.71	0
279.85	1
287.50	0
292.57	0
295.22	0
298.22	0
298.76	0
299.59	0
205.20	1
211.69	0
218.36	1
238.14	0
254.19	0
259.71	1
272.67	0
274.66	1
240.80	0
256.45	0
307.41	0
334.51	0
335.35	0
337.37	0
346.49	0
359.20	0
112.00	1
123.21	0
124.18	1
124.59	1
126.73	1
131.87	1
132.17	1
137.51	0
21.60	1
24.41	1
31.75	1
32.94	1
34.35	1
43.61	1
49.41	1
55.09	1
2.24	1
2.86	1
2.86	1
2.91	1
3.09	1
3.72	1
3.79	1
4.29	1
21.35	1
28.30	1
96.99	1
107.81	1
123.44	0
123.58	0
129.63	0
131.76	0
2.15	1
4.25	1
5.37	1
5.44	1
5.89	1
147.07	0
171.39	0
172.82	0
1.94	1
4.14	1
6.29	1
6.60	1
8.87	1
195.97	0
218.62	0
220.17	0
16.25	1
30.98	1
62.15	1
62.79	1
76.12	1
127.48	0
131.10	0
140.68	0
1.32	1
4.48	1
5.41	1
5.47	1
5.63	1
21.43	1
24.67	1
109.92	0
4.06	1
47.92	1
55.91	1
56.85	1
58.96	1
100.38	1
159.07	0
162.40	0
1.12	1
4.40	1
7.26	1
7.60	1
8.59	1
25.95	1
109.77	0
111.59	0
0.82	1
1.60	1
3.23	1
3.31	1
3.80	1
9.10	1
94.58	0
95.07	0
42.50	1
58.88	1
106.64	1
124.98	1
126.67	1
130.03	0
130.20	0
131.52	0
63.90	1
121.40	1
125.97	1
138.69	0
156.47	0
158.52	1
160.39	0
164.13	1
74.84	1
80.17	1
130.46	1
179.04	0
186.36	0
191.63	0
201.57	0
202.38	0
70.06	1
76.55	1
90.52	1
93.06	1
94.75	1
97.80	1
100.74	0
104.57	1
2.98	1
3.58	1
4.17	1
4.19	1
5.01	1
5.19	1
5.35	1
5.60	1
144.47	0
207.83	0
231.73	0
235.99	0
251.08	0
259.00	1
260.18	1
260.94	1
411.97	0
412.83	0
414.62	0
417.35	0
418.25	0
419.77	0
420.30	0
421.70	0
105.45	1
107.79	1
190.35	0
207.80	0
208.76	0
209.35	0
212.84	0
214.06	0
138.05	1
218.79	0
236.95	0
244.52	0
249.11	0
249.59	0
251.10	0
254.08	0
89.12	1
110.26	1
131.66	0
131.70	0
134.09	0
137.74	0
137.93	0
138.04	0
199.42	0
199.66	0
203.26	0
203.84	0
205.47	0
205.67	0
207.78	0
210.50	0
205.65	0
206.21	0
206.78	0
209.02	0
212.11	0
213.64	0
220.16	0
221.11	0
112.04	0
113.44	0
115.31	0
116.78	0
123.47	0
129.14	0
129.54	0
132.35	0
153.09	0
161.99	0
162.31	1
176.69	1
183.34	1
184.12	0
187.41	0
189.15	1
179.78	0
180.88	0
183.79	0
186.86	0
187.28	0
187.91	0
188.72	0
189.45	0
158.93	0
159.77	0
164.70	0
165.80	0
168.76	0
169.80	0
170.07	0
170.71	0
66.17	0
74.65	1
96.05	1
99.41	1
100.49	0
100.65	0
102.26	0
103.83	0
142.78	1
145.64	0
159.12	1
162.51	0
163.83	0
164.48	1
166.27	0
166.34	0
170.60	0
170.69	0
174.25	0
175.27	0
180.56	0
182.93	0
183.15	0
183.16	0
63.03	1
85.87	0
87.88	0
89.27	0
92.11	0
94.39	0
100.28	0
114.11	0
96.69	1
128.13	0
129.48	0
129.72	0
134.86	0
135.71	0
136.12	0
138.69	0
167.42	0
169.46	0
172.82	0
176.22	0
176.96	0
181.71	0
190.29	0
190.85	0
266.49	0
272.54	0
273.84	0
276.77	0
279.18	0
279.76	0
296.06	0
300.66	0
359.24	0
360.54	0
360.73	0
361.99	0
362.89	0
364.50	0
365.77	0
366.00	0
43.95	1
45.13	1
48.12	1
49.27	1
50.92	1
58.13	1
83.82	1
95.68	0
104.63	1
134.83	0
144.99	0
148.08	0
148.43	0
150.82	0
151.41	0
152.83	0
93.94	1
94.16	1
115.76	0
119.90	0
122.28	0
125.11	1
127.77	0
128.47	0
219.38	0
237.12	0
238.95	0
239.70	0
239.92	0
240.19	0
243.39	0
248.35	0
133.91	0
146.11	0
146.18	0
146.50	0
147.51	0
150.30	0
151.13	0
151.92	0
99.06	0
99.76	0
106.76	0
112.66	0
112.86	0
113.76	0
113.81	0
113.86	0
151.42	0
157.24	0
163.10	0
174.74	0
176.97	0
182.14	1
189.41	0
202.60	1
175.94	0
187.17	0
231.05	0
234.14	0
236.19	0
236.75	0
238.13	0
239.26	0
22.90	1
26.25	1
30.37	1
31.84	0
32.31	1
34.00	1
36.22	1
45.35	1
3.36	1
3.70	1
3.71	1
4.00	1
4.77	1
4.87	1
5.26	1
5.89	1
22.82	1
28.75	1
29.88	1
87.25	1
91.66	1
112.24	0
114.28	0
118.43	0
2.49	1
2.58	1
4.35	1
4.60	1
4.62	1
4.91	1
143.15	0
161.76	0
3.26	1
3.44	1
5.51	1
6.54	1
6.84	1
8.67	1
204.45	0
228.15	0
16.14	1
28.73	1
37.48	1
39.00	1
39.68	1
52.92	1
122.66	0
123.36	0
1.23	1
2.02	1
2.51	1
2.55	1
2.89	1
4.32	1
24.73	1
30.45	1
2.94	1
5.66	1
5.75	1
5.89	1
29.18	1
40.65	1
46.27	1
96.49	0
1.65	1
3.21	1
3.68	1
3.85	1
4.03	1
4.26	1
17.18	1
103.37	0
1.18	1
1.47	1
1.51	1
2.93	1
3.17	1
3.85	1
8.78	1
92.85	0
46.92	1
102.65	0
121.14	0
135.12	0
152.21	0
163.10	0
169.66	0
173.71	0
149.23	0
167.78	0
171.82	0
173.58	0
174.31	0
177.69	0
179.36	0
179.40	0
176.03	0
178.32	0
189.83	0
192.03	0
195.15	0
196.98	0
202.88	0
203.10	0
34.81	1
38.85	1
39.43	1
40.94	1
45.68	1
57.67	1
78.87	1
84.09	0
81.97	1
117.14	0
119.04	0
122.15	0
131.06	0
142.74	0
143.03	0
151.94	0
82.95	1
146.17	0
158.12	0
171.98	0
175.81	0
176.20	0
178.28	0
183.58	0
115.34	0
118.30	1
150.68	0
167.69	0
177.27	0
177.52	0
191.35	0
195.91	0
30.53	1
37.01	1
44.58	1
52.29	1
55.59	1
110.76	1
125.94	0
131.05	0
3.49	1
4.90	1
5.77	1
7.20	1
8.50	1
23.83	1
30.07	1
35.95	1
3.31	1
6.55	1
6.93	1
6.98	1
8.48	1
34.35	1
35.60	1
38.87	1
21.45	1
33.66	1
37.65	1
41.19	1
42.73	1
43.94	0
47.35	1
48.18	1
1.02	1
1.49	1
2.24	1
2.33	1
2.41	1
2.61	1
2.89	1
3.38	1
136.74	0
137.13	0
147.53	0
150.06	0
150.91	0
152.64	0
157.73	0
166.18	0
124.36	1
170.05	0
175.34	0
188.97	1
189.46	0
190.05	0
192.12	0
195.54	1
130.91	0
138.14	0
142.93	0
155.82	0
158.61	0
177.94	0
195.05	0
195.10	0
332.91	0
344.66	0
345.48	0
346.10	0
348.46	0
352.81	0
355.92	0
358.47	0
181.16	1
229.98	1
234.11	1
239.50	1
249.14	0
254.68	1
261.52	0
268.24	0
199.03	1
258.72	0
270.72	0
271.71	0
271.95	0
274.87	0
283.33	0
284.48	0
122.95	1
137.35	1
141.33	0
141.60	0
143.56	0
147.59	0
153.76	0
156.51	1
26.10	1
36.38	1
87.82	1
142.99	0
151.67	0
153.64	1
167.81	0
172.96	0
71.41	1
74.09	1
76.25	1
78.22	1
93.93	1
99.37	0
102.57	0
106.53	1
127.54	1
133.00	1
133.70	1
140.72	0
140.73	1
141.52	0
143.74	1
151.85	0
167.25	0
173.16	0
174.23	0
183.24	0
186.38	0
186.69	0
187.97	0
194.81	0
326.57	0
334.03	0
334.35	0
338.36	0
338.77	0
341.62	0
344.33	0
345.56	0
73.92	1
96.69	1
104.92	0
119.10	0
135.40	0
155.70	1
157.64	0
159.33	0
108.52	1
145.15	1
150.49	0
174.51	0
206.13	0
207.96	0
213.88	0
214.57	0
55.60	1
137.48	0
161.90	0
163.60	0
165.20	0
176.66	0
186.46	0
191.93	0
30.56	1
151.53	0
153.25	0
161.83	0
162.90	0
165.07	0
166.98	0
167.45	0
225.69	0
232.41	0
233.90	0
234.39	0
235.44	0
236.92	0
237.45	0
240.13	0
171.92	0
173.96	0
174.34	0
178.80	0
179.23	0
179.80	0
182.99	0
184.37	0
117.76	1
132.10	1
139.08	0
144.10	1
147.43	1
149.41	0
150.58	0
155.42	0
101.42	1
128.03	1
131.34	0
147.78	0
149.73	0
161.62	0
165.83	0
168.84	0
111.84	1
115.71	0
119.53	1
121.75	1
123.52	0
123.87	0
127.28	1
128.64	0
206.75	0
213.89	0
220.53	0
220.63	0
227.36	0
230.02	0
233.46	0
233.57	0
193.87	0
211.64	0
211.81	0
213.14	0
214.70	0
217.24	0
220.00	0
221.54	0
79.04	1
96.01	0
97.29	0
98.04	0
99.62	0
100.38	0
101.63	0
102.97	0
81.25	1
84.43	0
95.64	0
98.10	0
99.29	1
100.99	1
103.54	0
105.72	0
247.28	0
252.29	0
260.81	0
262.57	0
263.36	0
265.68	0
267.69	0
277.70	0
288.08	0
289.70	0
291.16	0
294.63	0
297.36	0
301.43	0
302.07	0
302.46	0
101.08	1
103.34	0
106.98	1
115.85	0
120.17	1
127.88	0
132.28	0
133.81	0
212.36	0
238.34	0
254.25	0
254.76	0
256.10	0
256.26	0
257.67	0
259.01	0
131.88	0
139.19	0
141.87	0
144.59	0
145.49	0
146.61	0
147.84	0
148.86	0
120.38	0
130.28	0
131.03	0
133.06	0
133.26	0
134.28	0
134.38	0
135.10	0
151.89	0
173.60	0
173.67	0
173.87	0
178.18	0
178.20	0
178.90	0
181.39	0
73.96	1
163.96	0
174.83	0
176.95	0
181.13	0
182.00	0
182.78	0
183.22	0
97.70	0
183.78	0
191.77	0
192.48	0
192.76	0
196.81	0
197.18	0
197.86	0
32.43	1
35.92	1
36.72	1
38.41	1
45.66	0
46.85	1
46.90	1
49.80	1
1.45	1
2.02	1
2.05	1
2.79	1
2.84	1
2.91	1
3.27	1
3.31	1
117.11	0
137.71	0
157.91	0
173.16	0
174.99	0
183.11	0
184.46	0
188.59	0
223.51	1
227.00	0
237.93	0
238.09	1
238.44	0
249.79	0
257.50	0
259.95	1
296.94	0
296.97	0
300.35	0
300.79	0
302.66	0
302.68	0
303.00	0
304.66	0
111.86	1
133.41	1
137.15	1
138.62	1
140.77	1
143.32	1
147.43	0
147.47	0
185.12	1
191.97	0
198.19	0
203.91	0
205.28	0
205.70	0
207.07	0
207.48	1
121.85	1
169.25	1
180.25	1
186.18	0
191.23	0
199.32	0
201.43	0
205.87	0
22.97	1
30.79	1
99.33	0
136.94	0
146.84	0
157.71	0
163.98	0
166.61	0
138.80	0
161.08	0
167.78	0
171.41	0
179.77	0
179.90	0
180.90	0
187.38	0
199.42	0
199.45	0
205.64	0
225.23	0
238.34	0
239.54	0
246.67	0
251.44	1
176.04	0
180.60	0
180.94	0
181.56	0
182.95	0
183.02	0
183.63	0
184.33	0
57.10	1
59.43	1
67.06	1
87.49	0
92.13	0
98.88	0
104.84	0
105.33	0
131.35	0
232.52	0
252.15	0
267.78	0
275.59	0
282.22	0
292.33	0
296.49	0
146.20	0
167.33	1
173.00	0
181.15	0
185.57	0
187.79	0
188.84	0
190.25	0
82.46	1
123.16	1
133.37	0
139.77	1
141.48	1
145.53	0
155.50	1
159.88	1
60.07	1
71.36	1
77.94	1
139.80	0
141.02	1
150.26	0
153.54	1
156.65	0
149.65	0
158.37	0
165.37	0
169.17	0
175.72	0
176.61	0
176.74	0
177.00	0
241.32	0
241.40	0
243.09	0
243.42	0
244.13	0
244.92	0
245.77	0
248.57	0
116.73	0
120.89	0
122.36	0
124.83	0
133.05	0
134.02	0
134.15	0
135.29	0
198.70	0
217.96	0
224.41	0
226.62	0
237.16	0
243.00	0
244.55	0
244.68	0
242.63	1
257.31	1
270.48	0
279.04	0
279.38	0
280.27	0
280.50	0
281.73	0
267.84	0
291.38	0
304.30	0
306.74	0
307.13	0
307.38	0
308.76	0
308.95	0
95.36	0
105.01	0
112.77	1
112.89	0
113.71	1
114.03	0
115.76	0
115.85	0
125.22	1
156.14	1
178.70	0
182.95	1
195.29	0
197.05	0
211.14	1
213.76	1
103.90	1
114.58	1
135.94	1
202.43	0
206.37	0
208.50	0
208.69	0
213.12	0
102.17	1
102.55	1
103.98	1
109.97	1
111.07	1
115.67	1
115.95	1
117.20	1
1.27	1
1.41	1
1.54	1
1.59	1
2.24	1
2.49	1
2.56	1
3.00	1
98.18	1
98.92	1
106.23	1
110.10	0
113.89	0
115.33	0
115.59	0
115.95	0
90.94	1
138.07	0
157.29	0
170.53	0
172.93	0
173.13	0
183.04	0
187.50	0
22.08	1
82.09	1
86.08	1
122.62	0
144.51	0
148.93	0
165.06	1
166.54	0
25.23	1
82.07	0
88.86	0
98.00	0
145.64	0
177.48	0
178.88	0
178.96	0
137.17	0
167.59	1
171.94	0
176.08	0
178.33	0
180.34	0
184.71	0
190.72	0
134.50	0
151.35	0
178.35	0
181.90	0
188.87	0
189.48	0
191.76	0
200.52	0
200.93	1
223.81	1
225.32	0
225.52	0
234.02	0
236.90	0
240.44	1
242.53	0
116.97	0
170.96	0
171.24	0
181.42	0
215.21	0
215.83	0
223.81	0
224.75	0
65.83	0
78.69	0
92.17	0
115.27	0
119.79	1
150.09	0
154.07	1
154.70	0
50.43	1
77.33	1
103.77	0
114.84	0
124.74	0
135.61	0
153.40	0
184.90	0
23.21	1
27.78	1
309.66	0
319.16	0
324.87	0
324.92	0
328.99	0
331.40	0
49.84	1
103.31	0
107.94	0
109.60	0
111.38	0
114.39	0
116.97	0
117.31	0
92.25	0
101.19	1
107.13	0
115.63	1
148.57	0
148.87	0
151.20	1
153.44	1
111.61	0
142.11	0
145.23	0
147.17	1
149.54	0
153.54	0
162.81	0
164.80	0
157.65	0
160.89	1
166.06	0
167.83	0
176.02	0
184.85	0
188.11	0
188.66	0
25.18	1
62.38	0
76.93	0
86.43	0
89.78	0
90.93	0
91.52	0
91.68	0
51.64	0
70.40	1
110.27	0
110.82	0
119.65	0
122.49	0
123.65	0
133.97	0
53.78	1
89.37	1
101.74	0
104.67	1
114.77	1
115.36	1
130.80	1
136.95	1
10.85	1
15.52	1
19.38	1
21.22	1
21.31	1
21.56	1
22.42	0
24.17	1
0.78	1
1.16	1
1.17	1
1.61	1
1.89	1
2.01	1
2.29	1
2.34	1
111.79	0
112.49	0
113.47	0
114.00	0
114.69	0
116.56	0
119.26	0
119.96	0
145.81	0
145.83	0
148.11	0
148.50	0
148.94	0
152.41	0
155.72	0
155.79	0
134.80	0
136.30	0
136.66	0
137.51	0
137.55	0
140.48	0
143.94	0
148.83	0
126.94	0
140.17	0
142.37	0
143.60	0
143.83	0
145.93	0
147.43	0
148.99	0
78.71	1
85.04	1
93.95	1
96.63	1
112.51	1
124.20	1
126.65	1
137.82	0
140.77	0
144.69	0
148.06	0
148.99	0
149.93	0
150.98	0
151.02	0
151.35	0
38.70	1
43.14	1
45.14	1
68.43	1
78.17	0
79.03	0
79.14	0
79.18	0
125.77	0
126.66	0
127.16	0
128.36	0
131.45	0
132.50	0
132.80	0
136.12	0
126.78	0
127.99	0
128.45	0
128.81	0
130.99	0
131.09	0
133.13	0
134.76	0
98.04	0
98.68	0
99.38	0
100.11	0
100.79	0
101.61	0
102.78	0
109.18	0
122.70	0
123.64	0
124.01	0
124.17	0
125.08	0
130.74	0
131.77	0
132.15	0
111.76	0
112.09	0
114.15	0
114.74	0
115.37	0
115.69	0
118.94	0
120.58	0
38.49	1
45.47	1
47.21	1
68.66	1
74.72	0
78.11	0
78.17	0
78.64	0
131.69	0
132.58	0
133.05	0
133.32	0
133.70	0
134.86	0
135.34	0
136.76	0
108.20	0
115.41	0
118.03	0
120.48	0
122.00	0
122.62	0
123.82	0
124.07	0
81.34	0
81.89	0
85.30	0
85.58	0
89.22	0
89.62	0
100.79	0
102.61	0
89.29	0
94.24	0
96.79	0
97.74	0
97.80	0
98.01	0
100.69	0
103.73	0
83.23	0
83.74	0
84.03	0
84.47	0
87.72	0
88.65	0
92.35	0
95.44	0
89.35	0
95.27	0
97.01	0
100.45	0
101.40	0
101.53	0
101.71	0
102.07	0
98.94	0
99.54	0
100.44	0
101.61	0
103.23	0
103.55	0
107.33	0
109.22	0
223.63	0
223.83	0
223.83	0
224.69	0
226.71	0
227.85	0
231.78	0
232.12	0
219.63	0
222.74	0
228.78	0
232.30	0
252.27	0
253.01	0
253.06	0
254.32	0
85.29	1
88.41	1
94.55	1
96.10	1
97.84	0
97.88	1
101.32	1
101.90	1
21.35	1
23.88	1
24.63	1
24.77	1
25.43	1
25.66	1
25.70	1
25.71	1
193.83	0
212.59	0
218.20	0
221.13	0
225.20	0
226.27	0
226.38	0
226.51	1
169.52	0
171.36	0
171.74	0
174.21	0
176.05	0
180.65	0
181.62	0
183.94	0
188.20	0
190.36	0
190.72	0
194.90	0
195.38	0
195.39	0
196.10	0
196.44	0
80.26	0
81.59	0
83.84	0
86.55	0
86.86	0
86.91	0
87.14	0
88.72	0
17.21	1
18.09	1
20.60	1
20.88	1
21.75	1
25.47	1
56.27	0
61.30	1
149.40	0
152.62	0
154.32	0
155.59	0
156.17	0
156.88	0
157.41	0
158.51	0
118.22	0
119.12	0
119.63	0
120.45	0
120.50	0
120.60	0
124.18	0
125.21	0
152.18	0
152.25	0
153.82	0
154.49	0
154.92	0
155.15	0
155.89	0
155.99	0
86.04	0
86.76	0
89.97	0
89.98	0
94.54	0
99.63	0
99.99	0
100.84	0
170.44	0
171.21	0
171.80	0
172.06	0
172.90	0
173.15	0
179.30	0
180.19	0
65.23	0
80.92	1
97.88	0
98.65	0
99.51	0
99.97	1
101.08	0
101.64	0
152.81	0
158.78	0
160.39	0
161.75	0
162.87	0
164.16	0
167.80	0
172.02	0
119.85	0
122.96	0
124.34	0
124.74	0
125.30	0
125.82	0
126.45	0
126.52	0
79.58	0
80.63	0
83.28	0
84.85	0
87.27	0
87.77	0
88.45	0
89.42	0
11.76	1
12.10	1
14.65	1
14.73	1
15.73	1
18.78	1
53.75	0
57.35	1
161.95	0
163.92	0
164.02	0
165.36	0
167.06	0
168.12	0
168.63	0
169.10	0
115.09	0
120.25	0
120.55	0
120.92	0
122.53	0
122.98	0
123.76	0
125.80	0
155.71	0
158.36	0
159.16	0
159.41	0
160.83	0
161.44	0
162.09	0
164.79	0
98.73	0
105.55	0
106.15	0
107.88	0
109.03	0
111.36	0
111.61	0
113.87	0
128.13	1
146.79	0
148.08	0
148.31	0
151.60	0
152.38	0
154.98	0
156.62	0
172.83	0
172.83	0
173.52	0
173.88	0
173.99	0
175.19	0
180.06	0
181.07	0
140.67	0
141.30	0
141.33	0
141.98	0
142.06	0
148.82	0
150.56	0
152.68	0
109.43	0
110.49	0
112.46	0
112.74	0
115.88	0
116.09	0
116.18	0
117.33	0
142.89	0
145.49	0
145.57	0
145.62	0
147.01	0
151.88	0
152.66	0
155.17	0
103.99	0
104.79	0
105.59	0
107.94	0
109.51	0
109.52	0
109.87	0
111.39	0
227.71	0
231.41	0
231.62	0
232.70	0
233.03	0
235.19	0
236.29	0
237.36	0
157.41	0
170.72	0
172.34	0
173.76	0
175.88	0
176.86	0
180.03	0
180.13	0
408.31	0
409.73	0
411.07	0
411.41	0
412.26	0
413.74	0
413.87	0
414.58	0
210.11	0
211.68	0
214.08	0
216.69	0
217.15	0
217.44	0
217.77	0
218.01	0
358.13	0
368.76	0
371.30	0
372.39	0
373.90	0
374.23	0
374.76	0
376.79	0
710.52	0
712.28	0
721.38	0
724.26	0
724.72	0
725.69	0
726.17	0
727.28	0
162.31	0
164.95	0
165.21	0
169.54	0
171.67	0
173.31	0
173.96	0
176.34	0
55.22	0
58.60	0
59.61	0
60.57	0
64.77	0
64.82	0
65.50	0
74.21	0
24.90	1
39.60	1
45.55	0
47.24	1
47.45	0
48.57	0
51.08	0
52.38	0
27.46	1
43.36	1
46.60	0
48.80	0
49.34	0
50.83	1
52.16	0
53.38	0
143.08	0
148.46	0
150.23	0
154.27	0
155.31	0
157.15	0
158.34	0
159.39	0
339.54	0
341.88	0
343.10	0
343.96	0
344.44	0
346.31	0
349.09	0
349.83	0
523.83	1
526.80	1
527.68	0
529.07	1
529.43	1
531.18	0
532.41	1
534.11	0
278.40	0
285.25	0
285.96	0
286.72	0
287.05	0
287.52	0
289.21	0
290.04	0
151.73	0
156.22	0
165.75	0
168.74	0
170.70	0
172.53	0
173.58	0
173.64	0
429.33	0
430.04	0
431.07	0
432.53	0
433.11	0
433.95	0
434.02	0
434.08	0
202.40	0
206.47	0
209.57	0
209.95	0
211.18	0
211.28	0
211.50	0
212.51	0
360.90	0
380.13	0
380.31	0
381.30	0
381.40	0
381.51	0
381.63	0
382.22	0
518.57	0
580.60	0
583.93	0
584.66	0
586.25	0
587.13	0
587.37	0
587.62	0
158.14	0
159.67	0
159.89	0
168.30	0
170.05	0
176.10	0
177.78	0
178.14	0
91.04	1
106.47	0
112.06	0
113.12	0
115.10	0
116.10	0
116.61	0
118.38	0
17.96	1
134.88	0
136.19	0
136.84	0
139.95	0
142.81	0
143.99	0
144.83	0
14.30	1
113.38	0
121.72	0
122.39	0
123.09	0
126.71	0
127.85	0
128.16	0
113.89	1
115.21	0
117.51	0
118.18	0
118.38	0
118.71	0
118.80	0
122.12	0
39.43	1
78.13	1
212.19	0
214.07	0
215.78	0
218.12	0
218.38	0
218.50	0
6.50	1
10.22	1
104.43	1
145.41	0
146.37	0
148.10	0
153.13	0
153.76	0
29.18	1
159.74	0
162.18	0
162.64	0
164.14	0
166.38	0
167.95	0
168.26	0
54.70	1
55.42	1
65.75	1
66.04	1
72.27	1
88.04	0
91.53	1
94.97	0
112.70	0
113.68	0
116.81	0
118.24	0
119.20	0
119.26	0
120.29	0
121.10	0
39.68	1
39.92	1
42.35	1
42.97	0
45.73	0
46.82	0
48.46	1
52.23	1
7.05	1
7.17	1
7.68	1
7.95	1
8.21	1
8.23	1
8.28	1
8.33	1
129.33	0
137.57	0
150.80	0
152.32	0
152.86	0
155.20	0
157.41	0
159.76	0
217.77	0
222.02	0
222.99	0
226.14	0
227.40	0
227.45	0
228.92	0
229.63	0
118.37	1
147.33	1
151.79	1
154.66	0
155.48	1
155.63	0
156.07	0
156.77	0
198.95	0
206.72	0
206.88	0
209.80	0
210.22	0
210.51	0
211.34	0
212.64	0
159.18	0
162.03	0
163.40	0
163.42	0
164.12	0
165.15	0
167.51	0
168.46	0
272.04	0
273.81	0
274.02	0
275.62	0
277.80	0
280.66	0
280.68	0
280.90	0
95.98	1
118.66	1
123.06	0
126.21	0
127.32	0
129.01	1
131.20	1
132.07	0
145.85	0
148.02	0
155.55	0
155.96	0
156.65	0
156.99	0
157.55	0
160.36	0
92.25	1
109.38	1
122.83	0
123.78	0
126.84	1
127.11	0
130.30	0
132.48	0
263.31	0
271.13	0
272.82	0
273.49	0
275.24	0
276.47	0
276.97	0
277.15	0
84.17	1
136.54	0
139.05	0
139.40	0
140.62	0
143.50	0
144.07	0
144.43	0
152.15	0
161.03	0
171.78	0
176.01	0
184.22	0
190.29	0
193.33	0
193.78	0
58.55	1
78.30	1
108.44	1
132.01	1
144.49	1
145.04	1
147.39	1
175.55	0
8.81	1
9.00	1
9.44	1
9.88	1
11.78	1
12.58	1
14.10	1
148.71	0
12.83	1
15.58	1
16.82	1
17.16	1
17.88	1
18.71	1
19.30	1
211.96	0
91.92	1
98.86	1
105.95	1
114.15	1
114.72	1
124.39	1
136.68	1
147.78	1
7.89	1
9.46	1
9.63	1
10.27	1
11.11	1
12.39	1
13.27	1
30.74	1
24.65	1
27.90	1
28.94	1
29.60	1
29.83	1
30.79	1
40.01	1
63.66	1
8.20	1
9.57	1
10.53	1
10.64	1
10.89	1
11.05	1
11.54	1
27.47	1
5.58	1
6.13	1
6.16	1
6.20	1
7.35	1
7.52	1
7.64	1
10.84	1
177.72	0
178.40	0
180.10	0
180.77	0
180.86	0
181.24	0
181.71	0
182.65	0
235.22	0
236.74	0
237.82	0
238.05	0
239.33	0
242.14	0
242.47	0
242.51	0
25.61	1
36.90	1
50.20	1
61.26	0
67.54	0
69.11	0
70.13	0
73.45	0
9.38	1
11.39	1
12.83	1
15.38	1
15.81	1
15.90	1
16.24	1
16.38	1
28.79	1
32.56	1
32.67	1
36.32	1
104.95	1
117.66	1
125.83	0
130.64	0
3.26	1
3.62	1
4.38	1
4.64	1
4.73	1
4.74	1
5.27	1
8.55	1
3.24	1
3.75	1
3.94	1
4.76	1
6.53	1
7.11	1
9.92	1
13.49	1
32.58	1
37.34	1
41.90	1
42.09	1
50.29	1
54.14	1
71.98	1
90.53	1
1.60	1
1.71	1
1.84	1
2.82	1
3.21	1
3.30	1
4.02	1
8.62	1
4.55	1
6.65	1
9.65	1
10.13	1
11.12	1
14.12	1
28.98	1
34.94	1
1.92	1
2.24	1
2.60	1
3.15	1
5.21	1
5.36	1
6.00	1
7.10	1
1.18	1
1.38	1
1.48	1
1.56	1
3.58	1
3.92	1
4.42	1
5.98	1
113.14	0
118.03	0
140.29	1
140.39	0
140.51	0
142.00	0
151.15	0
158.07	0
100.13	1
179.86	0
180.94	0
181.74	0
182.42	0
184.69	0
185.40	0
185.55	0
119.71	1
212.98	0
222.81	0
233.30	0
234.38	0
237.78	0
246.91	0
247.17	0
98.86	1
99.14	0
101.70	0
104.44	0
106.25	0
107.90	1
110.08	0
113.53	0
118.55	1
123.97	0
143.18	1
144.04	0
145.72	0
151.63	0
163.84	0
176.52	1
102.83	0
158.54	0
159.75	0
160.17	0
161.09	0
163.92	0
164.28	0
164.93	0
15.89	1
24.92	1
30.66	1
34.10	1
34.88	1
38.16	1
51.71	1
76.39	0
204.88	0
225.23	0
229.26	0
231.67	0
234.91	0
240.13	0
247.97	0
251.04	0
118.15	0
139.98	0
148.07	0
148.57	0
149.86	0
154.33	0
164.37	0
165.40	0
60.47	1
78.39	1
81.51	0
92.91	1
124.76	0
140.99	0
169.29	0
184.92	0
6.87	1
14.53	1
28.65	1
138.78	0
141.20	0
141.46	0
141.69	0
142.02	0
99.17	1
106.04	1
109.57	1
113.39	1
118.05	1
120.49	0
124.67	1
125.56	0
132.18	0
139.43	0
158.70	0
170.43	0
170.56	0
173.51	0
174.53	0
174.96	0
204.27	0
205.27	0
205.75	0
206.50	0
208.18	0
210.18	0
210.33	0
212.64	0
207.54	0
213.32	0
214.42	0
214.61	0
215.33	0
216.82	0
217.64	0
218.06	0
18.00	1
18.03	1
23.18	1
25.31	1
25.92	1
28.13	1
34.36	1
34.50	0
0.82	1
1.56	1
1.79	1
2.12	1
2.39	1
2.50	1
2.50	1
2.55	1
133.20	0
136.10	0
136.91	0
147.32	0
149.00	0
152.74	0
159.54	0
169.67	0
152.49	0
187.40	0
207.68	0
209.34	0
211.74	0
214.02	0
214.06	0
214.70	0
122.11	0
162.35	0
163.77	0
165.19	0
165.54	0
166.16	0
166.55	0
167.10	0
68.42	1
120.66	1
167.72	0
169.15	0
169.65	0
171.52	0
171.67	0
171.78	0
150.13	0
168.05	0
184.12	0
189.43	0
193.30	0
197.02	0
197.43	0
201.53	0
73.84	0
112.44	0
121.14	0
121.42	0
121.93	0
122.34	0
125.69	0
127.47	0
267.42	0
273.01	0
273.26	0
286.74	0
287.79	0
288.14	0
291.85	0
294.97	0
212.58	0
217.21	0
218.13	0
218.17	0
219.11	0
219.57	0
220.71	0
220.90	0
279.44	0
281.78	0
293.86	0
295.04	0
295.35	0
297.36	0
299.62	0
301.61	0
121.74	0
128.05	0
130.21	0
132.32	0
135.13	0
138.89	0
140.41	0
141.26	0
41.69	1
47.22	1
55.65	1
92.43	0
93.01	0
95.02	0
96.34	0
97.91	0
311.76	0
331.81	0
334.31	0
335.54	0
337.16	0
340.08	0
340.10	0
340.50	0
284.89	0
289.67	0
295.53	0
305.08	0
306.15	0
307.62	0
312.41	0
313.32	0
321.23	0
324.25	0
325.98	0
330.97	0
335.15	0
336.52	0
336.66	0
337.17	0
319.84	0
319.92	0
335.77	0
335.80	0
337.11	0
337.13	0
337.70	0
338.74	0
176.31	0
177.94	0
178.56	0
179.26	0
179.31	0
179.48	0
181.33	0
182.66	0
167.51	0
170.68	0
171.10	0
172.34	0
174.02	0
174.48	0
175.51	0
176.11	0
12.33	1
15.16	1
18.69	1
21.08	1
22.61	1
26.00	1
26.08	0
29.33	1
1.55	1
1.97	1
2.30	1
2.34	1
2.81	1
3.28	1
3.36	1
3.44	1
138.44	1
144.77	1
149.99	0
152.59	0
152.74	0
154.24	0
156.06	0
168.34	0
216.36	0
220.33	0
220.90	0
221.52	0
222.15	0
223.84	0
224.40	0
224.81	0
234.53	0
239.25	0
241.44	0
242.03	0
242.20	0
243.56	0
244.74	0
245.09	0
59.80	1
65.20	1
70.06	1
73.18	1
73.29	1
74.67	1
79.44	1
81.57	1
202.22	0
204.02	0
213.08	0
221.74	0
223.43	0
223.45	0
224.19	0
229.62	0
175.42	0
176.89	0
176.93	0
177.67	0
179.92	0
180.02	0
180.66	0
183.95	0
127.41	0
132.63	0
152.67	0
152.88	0
156.39	0
159.74	0
162.74	0
165.21	0
179.01	1
182.67	0
187.36	1
193.01	0
193.64	1
197.63	0
199.45	0
200.96	0
140.13	0
157.93	0
193.55	0
196.00	0
204.26	0
206.09	0
206.57	0
207.39	0
33.57	1
42.21	1
49.14	1
53.29	1
53.61	1
55.14	1
55.40	1
61.81	1
147.54	1
161.08	1
217.53	0
218.14	0
218.52	0
221.76	0
225.69	0
231.18	0
114.67	0
119.88	0
207.93	0
212.66	0
215.19	0
216.75	0
218.10	0
218.15	0
79.35	1
123.05	0
124.96	0
125.34	1
128.99	0
134.88	0
136.01	0
136.92	0
161.87	0
164.43	0
166.11	0
175.77	0
177.97	0
178.85	1
183.06	1
194.02	1
179.15	0
186.89	0
187.74	0
194.73	0
205.69	0
206.58	0
208.08	0
208.36	1
175.05	0
175.43	0
176.21	0
188.16	0
188.74	0
188.84	0
191.65	0
192.11	0
61.73	1
69.23	1
79.45	0
89.85	0
98.02	1
98.61	1
107.89	0
114.20	0
22.73	1
28.57	1
31.09	1
34.76	1
207.27	0
209.10	0
209.76	0
210.06	0
61.18	1
63.00	1
64.50	1
71.96	1
75.61	1
75.62	1
77.93	1
79.23	1
91.21	0
93.03	0
95.33	0
95.80	0
96.89	0
97.71	0
97.78	0
97.89	0
153.98	0
206.12	0
209.48	1
210.26	0
210.98	0
214.35	1
214.48	1
217.95	0
84.14	1
139.70	0
179.94	0
191.53	0
193.83	0
195.44	0
196.26	0
196.42	0
175.38	0
204.94	0
240.15	0
241.34	0
242.21	0
244.56	0
248.99	0
251.23	0
182.46	0
204.80	0
215.97	0
236.00	0
240.94	0
254.81	0
257.28	0
258.37	0
127.03	0
130.74	0
133.52	0
135.19	0
135.38	0
136.95	0
137.87	0
139.93	0
127.75	1
173.50	0
174.48	0
175.27	0
182.08	0
182.38	0
185.70	0
186.53	0
184.19	0
185.66	0
186.60	0
187.41	0
188.16	0
188.48	0
189.44	0
189.93	0
251.59	0
252.59	0
253.48	0
255.72	0
255.81	0
257.80	0
259.03	0
260.35	0
139.18	0
141.98	0
142.36	0
143.47	0
143.61	0
144.65	0
145.87	0
146.10	0
58.59	0
74.26	0
87.91	0
95.03	0
97.45	0
98.17	0
105.29	0
105.58	0
128.66	1
166.78	0
193.89	0
199.02	0
200.42	0
204.64	0
211.98	0
216.70	0
37.24	1
37.90	1
42.28	1
48.26	1
51.41	1
63.13	1
66.20	0
72.56	0
150.21	0
153.10	1
165.02	0
165.84	0
176.37	0
180.69	0
187.82	0
190.58	0
62.23	1
154.56	0
157.33	0
157.76	0
162.70	0
166.27	0
167.71	0
170.96	0
10.42	1
25.06	1
28.28	1
29.59	1
29.64	1
35.45	1
38.52	1
50.51	1
58.57	1
66.37	1
71.48	1
73.04	1
79.14	1
82.45	1
123.39	1
130.00	0
6.28	1
6.66	1
11.95	1
12.95	1
13.43	1
15.44	1
18.82	1
46.69	1
8.13	1
9.29	1
12.40	1
14.36	1
16.96	1
21.06	1
27.74	1
30.41	1
95.15	1
161.98	1
165.07	0
168.47	0
178.81	1
180.51	0
182.02	0
185.98	0
49.02	1
116.86	1
136.24	1
144.27	0
146.51	1
147.77	1
148.04	0
153.35	1
58.14	1
126.85	0
158.03	0
158.91	0
165.89	0
167.55	0
168.59	0
169.10	0
41.32	0
46.56	1
49.01	0
51.36	1
63.70	0
70.79	0
76.99	0
81.73	0
194.91	1
196.91	0
198.48	1
205.28	1
208.35	0
209.11	1
209.77	0
211.79	1
130.18	0
163.72	0
182.49	0
183.59	0
184.94	0
184.97	0
186.05	0
187.68	0
19.77	1
20.74	1
24.70	1
28.72	1
29.39	1
34.42	1
34.57	1
49.98	1
245.49	0
246.86	0
249.89	0
253.63	0
266.34	0
268.56	0
275.20	0
277.99	0
521.84	0
524.54	0
525.94	0
528.79	0
528.95	0
530.71	0
531.50	0
531.93	0
158.63	1
172.70	1
175.63	0
182.58	1
183.29	1
187.52	1
194.63	1
196.08	0
3.65	1
5.31	1
5.62	1
5.91	1
5.95	1
6.71	1
6.95	1
7.15	1
43.23	0
54.59	1
71.01	1
131.01	0
135.23	0
144.06	0
157.62	0
158.60	0
199.25	0
212.84	0
228.18	0
250.62	0
250.80	0
253.92	0
255.15	0
259.25	0
103.78	1
174.21	0
177.07	1
179.10	0
186.88	0
188.44	0
188.73	0
190.06	0
44.32	1
45.42	1
64.07	1
89.65	1
123.77	1
137.61	1
137.89	1
138.14	1
2.41	1
2.46	1
2.81	1
4.05	1
4.77	1
5.11	1
5.66	1
6.05	1
3.00	1
3.63	1
4.81	1
6.26	1
7.28	1
7.67	1
8.23	1
8.26	1
90.26	1
91.41	1
95.55	1
99.39	1
104.20	1
108.38	1
109.85	1
124.68	1
1.30	1
2.06	1
2.20	1
2.22	1
2.48	1
3.15	1
4.22	1
5.27	1
2.76	1
3.19	1
3.60	1
4.77	1
5.04	1
6.66	1
22.36	1
23.32	1
2.26	1
2.41	1
2.41	1
3.30	1
3.62	1
3.90	1
5.74	1
6.49	1
2.16	1
2.20	1
2.20	1
2.46	1
2.58	1
2.59	1
2.99	1
3.01	1
197.97	0
209.07	0
209.53	0
213.16	0
213.55	0
213.74	0
215.02	0
215.08	0
96.00	0
116.11	0
117.00	0
118.96	0
119.15	0
119.63	0
122.14	0
125.38	0
127.10	0
136.38	0
138.90	1
139.47	1
144.88	0
144.91	1
147.73	0
148.51	1
114.29	1
174.47	1
229.97	0
231.23	0
246.28	0
261.44	0
271.04	0
275.81	0
62.87	1
63.02	1
69.89	1
85.30	0
89.84	0
90.69	1
92.20	0
92.60	0
1.14	1
1.97	1
2.53	1
3.81	1
4.08	1
4.17	1
4.32	1
4.68	1
140.60	0
152.02	0
166.69	1
171.20	1
171.54	0
173.85	0
182.15	0
197.60	0
35.37	0
92.70	0
117.86	0
120.08	1
145.77	0
157.94	0
182.91	0
183.44	0
121.21	0
152.40	0
164.61	0
166.71	0
173.91	0
174.14	0
177.00	0
180.33	0
139.41	0
142.62	0
159.66	0
163.54	0
166.82	0
167.81	0
168.57	0
170.20	0
181.74	0
182.17	0
188.74	0
210.80	0
215.94	1
226.76	0
230.15	0
233.22	1
157.56	0
163.08	0
192.23	0
192.79	0
197.38	0
202.60	0
205.76	0
214.43	0
96.08	1
98.04	1
98.77	1
99.76	1
100.18	1
104.98	1
107.10	1
107.41	1
34.95	0
39.19	1
41.59	1
59.78	1
65.59	1
74.49	1
75.15	0
105.24	0
10.81	1
14.59	1
17.36	1
18.60	1
19.88	1
177.55	0
180.17	0
180.53	0
84.92	1
90.10	1
94.37	0
98.00	0
105.10	1
111.23	0
112.14	0
112.15	0
55.07	1
57.19	1
87.24	1
107.82	1
108.53	1
108.59	1
111.35	1
117.27	1
9.59	1
10.85	1
11.07	1
11.20	1
11.48	1
11.87	1
12.46	1
12.50	1
11.26	1
12.85	1
12.85	1
13.93	1
14.23	1
14.31	1
14.60	1
14.69	1
48.92	1
58.55	1
58.95	1
62.85	1
63.57	1
68.78	1
71.58	1
80.53	1
3.88	1
4.26	1
4.30	1
4.41	1
4.49	1
5.00	1
5.05	1
5.18	1
6.10	1
7.63	1
7.94	1
8.38	1
11.55	1
11.71	1
11.74	1
18.66	1
4.14	1
4.65	1
5.12	1
5.34	1
5.58	1
6.11	1
7.70	1
7.83	1
2.82	1
2.95	1
3.09	1
3.19	1
3.49	1
3.90	1
4.87	1
5.53	1
172.67	0
185.54	0
207.06	0
211.76	0
220.08	0
220.79	0
224.92	0
225.98	0
126.94	1
132.85	1
151.39	1
186.82	0
191.94	0
191.99	0
192.98	0
197.36	0
42.93	1
55.86	1
100.28	0
175.34	0
175.53	0
176.72	0
178.36	0
179.71	0
51.30	1
64.07	1
101.04	1
104.44	0
105.26	0
106.85	0
109.37	0
111.10	0
70.46	0
82.37	0
91.90	0
92.45	0
92.92	0
108.92	0
114.51	1
136.45	0
178.82	1
199.74	0
207.48	1
213.40	1
216.34	0
226.65	1
234.54	1
239.35	0
80.40	0
123.99	0
129.81	0
146.18	0
146.19	0
310.75	0
311.95	0
312.28	0
50.81	1
53.33	1
56.06	1
56.89	1
58.41	1
58.49	1
61.13	1
62.12	1
2.77	1
3.17	1
3.21	1
3.46	1
3.53	1
3.66	1
3.78	1
4.21	1
76.04	1
145.04	0
146.96	0
160.41	0
160.70	0
164.69	1
175.15	0
175.29	0
69.95	0
125.94	0
132.86	1
169.52	0
183.25	0
188.91	0
190.27	0
190.92	0
99.37	1
153.01	0
161.26	0
168.36	0
187.21	0
191.44	0
219.86	0
224.07	0
100.55	1
111.27	0
143.08	0
151.88	0
152.68	1
156.56	0
163.87	0
166.16	0
74.43	0
117.93	0
135.37	0
147.41	0
177.59	0
177.75	0
181.28	0
182.93	0
13.50	1
18.29	1
28.20	1
28.72	1
32.43	1
36.61	1
37.92	1
42.27	1
20.35	1
46.43	1
64.88	1
65.90	1
71.25	1
84.11	1
85.55	1
113.94	1
3.26	1
4.66	1
4.93	1
8.37	1
8.91	1
9.48	1
12.35	1
16.32	1
3.49	1
4.47	1
5.82	1
6.91	1
6.94	1
10.02	1
11.96	1
23.10	1
31.36	1
86.52	1
128.61	1
137.08	1
141.78	0
151.86	0
158.26	0
159.16	1
20.09	1
47.82	1
103.63	1
109.89	0
137.79	1
140.13	0
149.36	0
150.88	0
16.46	1
45.42	1
124.69	0
127.56	0
148.51	0
166.62	0
167.96	0
173.46	0
41.36	1
45.59	0
54.57	1
60.74	0
61.76	1
68.63	1
70.35	1
76.81	1
182.33	1
204.43	0
209.08	1
216.50	0
217.23	0
217.29	0
217.73	0
218.12	0
46.42	1
61.49	1
63.25	1
65.76	1
67.05	1
67.83	1
71.81	1
76.41	1
39.29	1
82.53	1
85.45	1
111.19	1
112.83	1
126.67	1
128.57	1
132.34	1
13.25	1
18.04	1
19.04	1
19.27	1
20.17	1
20.18	1
20.69	1
21.38	1
12.99	1
13.05	1
20.21	1
20.77	1
22.51	1
23.11	1
23.95	1
26.37	1
79.15	1
117.82	1
121.98	0
145.63	1
152.07	0
160.37	0
165.48	0
168.01	0
24.44	1
25.14	1
27.61	1
28.66	1
29.62	1
31.37	1
40.69	1
53.65	0
69.70	1
133.30	0
192.56	1
196.53	0
200.14	0
201.91	0
208.08	1
236.24	1
25.85	1
126.97	0
141.40	0
144.52	0
163.22	0
171.78	0
193.18	0
194.80	0
7.25	1
17.11	1
21.24	1
21.51	1
21.60	1
30.71	1
32.26	1
38.45	1
21.14	1
177.35	0
190.92	0
210.57	0
217.03	0
228.29	0
233.23	0
233.94	0
22.50	1
532.31	0
536.97	0
538.35	0
538.84	0
539.41	0
540.43	0
541.25	0
66.26	0
168.19	0
169.23	0
170.36	0
175.48	1
177.54	1
180.62	0
182.45	0
154.09	0
163.76	0
169.22	0
202.90	0
203.46	0
213.35	0
216.41	0
217.10	0
163.66	0
167.11	0
172.75	0
173.99	0
175.33	0
175.35	0
176.08	0
177.68	0
44.27	1
44.66	1
45.39	1
46.95	1
47.13	1
48.26	1
50.22	0
50.25	1
3.00	1
3.88	1
4.04	1
4.39	1
4.99	1
5.18	1
5.95	1
6.14	1
25.36	1
44.93	0
46.22	1
74.48	1
134.43	0
153.31	0
159.11	0
160.05	0
127.55	1
141.83	1
174.83	0
195.85	0
202.45	0
204.35	0
205.43	1
205.75	0
123.02	0
123.58	1
128.75	1
133.17	0
135.66	0
143.33	0
158.63	0
158.82	1
186.86	0
190.06	0
190.72	0
194.40	0
194.79	0
195.98	0
196.18	0
197.03	0
146.18	0
152.77	0
160.39	0
162.33	0
166.97	0
172.23	0
172.98	0
173.37	0
15.56	1
25.60	1
75.14	0
77.67	0
79.99	0
80.16	1
84.62	1
85.23	0
35.38	1
37.98	1
45.67	1
77.63	1
93.96	1
97.89	1
108.10	1
115.30	1
2.34	1
2.51	1
2.99	1
3.10	1
5.51	1
5.54	1
6.23	1
6.78	1
3.22	1
3.79	1
4.52	1
5.00	1
9.17	1
9.29	1
9.45	1
10.45	1
6.48	1
23.27	1
30.30	1
32.62	1
43.09	1
54.29	1
60.96	1
61.74	1
0.94	1
0.99	1
1.13	1
1.97	1
2.92	1
3.72	1
3.87	1
4.03	1
1.36	1
1.59	1
1.61	1
3.04	1
5.50	1
5.89	1
10.10	1
10.46	1
1.22	1
1.34	1
1.69	1
1.92	1
4.11	1
4.21	1
5.54	1
6.22	1
1.00	1
1.20	1
1.37	1
2.63	1
3.10	1
3.14	1
3.59	1
3.71	1
32.81	1
58.06	1
68.47	1
69.28	1
86.86	0
89.85	1
96.69	0
96.93	0
1.21	1
1.35	1
1.38	1
1.47	1
5.96	1
6.26	1
6.36	1
6.37	1
28.42	1
28.80	1
34.04	1
37.80	1
46.40	1
106.00	1
108.34	1
116.46	1
4.08	1
4.21	1
5.00	1
5.15	1
7.44	1
7.48	1
7.72	1
8.39	1
3.50	1
4.64	1
5.80	1
5.84	1
7.00	1
9.06	1
9.53	1
9.85	1
19.21	1
25.70	1
35.79	1
37.10	1
38.30	1
42.45	1
43.82	1
46.01	1
1.25	1
1.42	1
2.04	1
2.39	1
3.19	1
3.72	1
3.83	1
3.94	1
3.04	1
3.64	1
4.16	1
5.27	1
5.49	1
5.60	1
5.85	1
5.89	1
1.20	1
1.82	1
1.96	1
3.62	1
3.75	1
4.22	1
4.35	1
4.41	1
1.30	1
1.36	1
1.50	1
1.62	1
1.80	1
2.84	1
2.87	1
3.64	1
84.04	0
92.76	0
104.36	0
108.59	0
117.69	0
118.57	0
118.94	1
132.93	0
80.72	0
115.10	1
151.27	0
165.27	0
169.82	0
172.47	0
180.17	0
191.95	0
127.28	0
136.86	1
148.96	1
152.89	0
156.41	0
159.11	1
165.39	1
167.05	0
169.76	0
190.77	0
192.29	0
192.36	0
193.22	0
195.00	0
196.74	0
198.02	0
209.48	1
213.53	1
214.20	0
219.74	1
221.37	1
223.53	1
223.92	0
225.06	1
198.34	0
212.18	0
218.66	0
219.50	0
222.57	0
225.22	0
225.29	0
225.39	0
221.96	0
225.99	0
228.09	0
228.43	0
228.67	0
229.28	0
230.74	0
232.64	0
57.63	0
59.15	0
60.02	0
60.36	0
65.14	0
69.74	0
70.14	0
73.32	0
123.43	0
131.88	0
142.79	0
157.44	0
167.03	1
168.17	0
170.52	0
178.98	0
153.03	0
154.19	0
155.72	0
156.83	0
158.24	0
158.34	0
158.45	0
158.75	0
79.21	1
79.82	1
80.81	1
81.95	1
86.06	1
89.25	1
90.46	1
91.98	1
131.55	0
153.16	0
154.21	0
154.94	0
155.98	0
157.43	0
160.71	0
161.67	0
150.13	0
152.43	0
153.71	0
156.92	0
158.43	0
159.74	0
161.03	0
161.76	0
128.01	1
157.54	1
164.15	1
170.06	1
170.45	1
172.93	0
174.67	1
176.77	1
165.03	0
165.71	0
166.15	0
166.64	0
167.41	0
168.41	0
169.31	0
169.69	0
82.08	1
100.80	1
103.36	1
104.19	1
106.82	1
107.16	1
109.94	1
110.56	1
122.46	0
158.51	0
163.36	0
178.82	0
178.93	1
184.52	0
185.73	0
187.85	1
87.17	1
134.06	0
160.20	0
162.61	0
166.15	0
170.71	0
174.97	0
174.99	0
26.90	1
27.65	1
29.96	1
30.55	1
33.02	1
34.43	1
34.84	0
36.34	1
1.32	1
1.64	1
2.19	1
2.42	1
2.42	1
2.52	1
2.55	1
2.69	1
39.34	1
44.36	1
68.47	1
74.66	0
85.19	1
140.93	0
142.75	0
142.86	0
183.49	0
235.36	0
237.50	0
237.82	0
239.58	0
249.07	0
252.78	0
253.11	0
153.13	1
176.81	0
182.57	1
188.82	1
191.30	1
193.88	0
199.74	0
201.74	1
237.23	0
239.73	0
243.94	0
250.91	0
255.59	0
256.06	0
256.48	0
257.13	0
238.00	0
241.13	0
242.62	0
243.56	0
243.95	0
244.26	0
245.26	0
246.16	0
160.83	0
164.38	0
164.73	0
164.82	0
166.99	0
167.01	0
168.70	0
170.36	0
199.01	0
209.72	0
215.95	0
217.82	0
220.48	0
223.07	0
224.06	0
226.61	0
222.60	0
228.48	0
238.87	1
240.73	1
242.72	1
247.77	1
253.02	0
253.87	1
282.32	0
298.96	0
311.19	0
319.29	0
323.60	0
323.75	0
325.95	0
329.69	0
235.82	0
239.35	0
245.24	0
255.37	0
256.80	0
259.51	0
261.84	0
263.51	0
214.47	0
233.06	0
248.95	0
251.54	0
269.13	0
278.13	0
283.59	0
286.20	0
152.56	1
176.58	1
189.33	1
197.59	0
198.39	0
203.86	0
204.66	1
206.02	1
184.93	0
192.31	0
195.97	0
200.39	0
206.91	0
224.79	0
225.88	0
228.31	0
72.97	1
73.03	1
85.86	0
89.50	0
93.93	0
98.57	0
99.21	0
99.74	0
208.47	0
255.81	0
257.72	0
258.52	0
262.62	0
272.37	0
272.50	0
274.82	0
122.33	1
146.25	0
150.51	0
151.14	0
152.05	0
158.03	0
158.17	0
159.68	0
176.34	0
176.38	0
178.01	0
178.71	0
178.77	0
179.98	0
182.67	0
183.48	0
18.22	1
21.44	1
24.42	1
64.88	1
76.24	0
86.00	0
86.19	0
87.73	1
55.87	1
90.79	1
103.40	0
108.62	0
117.09	1
121.97	1
122.78	1
129.88	1
53.72	1
122.80	1
158.11	0
160.47	0
170.27	0
177.84	0
181.17	0
184.81	0
57.14	1
57.50	1
61.00	1
61.81	0
65.78	1
67.02	0
67.04	0
67.63	0
2.53	1
3.41	1
3.43	1
3.45	1
4.47	1
4.65	1
5.00	1
5.32	1
110.20	0
118.54	0
130.66	0
136.53	0
138.42	0
142.31	0
142.38	0
142.44	0
97.28	0
110.54	0
115.51	0
121.39	0
122.33	0
122.34	0
123.14	0
124.34	0
87.73	0
112.58	0
117.94	0
123.39	0
123.65	0
123.84	0
125.19	0
125.91	0
125.80	0
164.25	0
174.84	0
182.03	0
183.64	0
183.82	0
184.63	0
184.78	0
90.28	1
107.90	0
176.82	0
203.49	0
204.46	0
205.60	0
205.72	0
206.90	0
12.83	1
237.00	0
238.16	0
240.28	0
240.29	0
241.25	0
242.20	0
242.34	0
7.88	1
141.24	0
145.18	0
145.64	0
147.70	0
147.99	0
148.87	0
149.10	0
131.58	1
149.53	0
152.10	0
157.83	0
157.97	0
159.10	0
159.31	0
160.07	1
86.84	1
131.00	0
144.64	1
149.36	1
150.17	1
151.00	1
157.29	1
158.09	1
132.76	1
139.24	0
169.45	0
172.34	0
187.30	0
187.41	0
189.83	0
191.95	0
40.77	1
188.18	0
193.12	0
193.42	0
205.47	0
209.08	0
214.60	0
216.33	0
42.09	1
180.40	0
191.03	0
213.76	0
215.27	0
215.71	0
243.28	0
244.82	0
120.96	1
126.92	1
134.56	1
139.85	1
146.86	0
165.09	1
167.73	1
174.64	1
4.75	1
5.74	1
5.83	1
5.85	1
6.39	1
6.80	1
6.84	1
7.08	1
5.36	1
6.29	1
7.51	1
8.14	1
8.35	1
8.43	1
8.50	1
8.66	1
41.34	1
46.71	1
48.01	1
49.30	1
52.82	1
53.51	1
55.82	1
67.99	1
2.16	1
2.77	1
3.26	1
3.57	1
3.84	1
3.87	1
3.91	1
4.02	1
4.68	1
5.07	1
5.08	1
5.63	1
5.67	1
5.69	1
5.80	1
6.37	1
3.20	1
3.43	1
3.87	1
3.90	1
4.10	1
4.28	1
4.62	1
4.73	1
1.84	1
2.79	1
2.92	1
2.93	1
3.08	1
3.21	1
3.26	1
3.54	1
82.63	1
158.38	1
160.82	1
162.28	0
163.66	0
169.58	0
172.06	0
172.70	0
21.07	1
195.96	0
239.05	0
246.77	0
246.93	0
250.75	0
251.36	0
252.90	0
6.38	1
112.81	1
136.09	0
136.88	0
137.29	0
138.16	0
140.31	0
144.79	0
6.69	1
150.33	0
169.87	0
170.07	0
170.66	0
171.81	0
172.35	0
172.35	0
6.87	1
15.85	1
20.26	1
25.23	1
59.16	1
73.91	0
82.16	0
84.13	0
18.58	1
57.46	1
93.31	1
107.14	0
108.89	0
126.57	1
128.68	0
129.74	1
24.34	1
51.64	1
106.36	1
145.07	0
155.58	0
160.63	0
160.95	0
162.14	0
25.22	1
30.41	1
33.73	1
33.95	1
36.33	1
36.75	1
36.80	1
37.48	1
2.85	1
3.01	1
3.62	1
4.01	1
4.24	1
4.55	1
4.60	1
4.75	1
69.23	0
71.75	1
75.75	1
84.30	1
103.45	1
106.71	1
123.96	0
133.42	0
195.26	1
221.64	1
224.51	0
226.12	1
234.84	0
265.41	0
265.67	0
274.13	0
90.27	1
132.08	1
133.71	1
133.74	1
152.81	1
155.67	0
158.23	1
160.25	0
219.32	0
266.19	0
276.21	0
286.72	0
287.29	0
294.31	0
299.29	0
309.36	0
298.81	0
321.03	0
324.20	0
329.10	0
333.91	0
336.61	0
336.73	0
337.13	0
112.31	0
112.33	0
116.69	0
119.62	0
125.20	0
128.68	0
129.56	0
130.63	0
156.92	1
172.53	1
174.06	1
193.29	1
198.97	1
204.63	0
204.83	0
212.82	1
89.04	1
110.22	1
136.12	1
191.05	0
197.46	1
210.65	0
223.18	0
226.86	0
150.26	0
167.09	0
183.43	0
187.05	0
187.48	0
189.25	0
190.22	0
191.96	0
169.47	0
171.56	0
172.07	0
173.30	0
173.44	0
175.21	0
175.64	0
176.60	0
241.91	0
241.98	0
245.17	0
245.36	0
245.88	0
246.03	0
246.24	0
246.64	0
310.77	0
313.26	0
314.74	0
318.80	0
319.84	0
320.16	0
320.19	0
320.33	0
159.60	0
201.57	0
204.75	0
206.25	0
206.62	0
207.18	0
207.70	0
210.56	0
72.61	0
73.07	1
73.45	1
74.93	0
75.20	0
76.28	0
81.83	0
86.60	1
227.84	1
228.38	1
231.35	1
232.00	1
246.56	1
246.59	1
246.86	1
252.75	0
142.97	0
152.39	0
159.58	0
161.19	0
181.03	0
182.83	0
182.93	0
185.12	0
236.53	1
238.09	0
248.39	0
248.93	0
249.94	0
251.78	0
252.43	0
252.52	0
74.34	1
82.56	0
103.39	0
104.18	0
110.65	0
118.34	0
119.22	0
119.82	0
161.88	0
180.97	0
183.45	0
184.13	0
184.48	0
184.60	0
184.60	0
185.57	0
221.46	0
222.56	0
227.76	0
227.84	0
228.14	0
229.54	0
230.68	0
230.74	0
64.26	0
69.20	0
78.36	1
80.69	0
88.54	0
88.98	0
91.35	0
91.81	0
276.20	0
276.51	0
278.06	0
278.56	0
278.61	0
278.66	0
278.75	0
279.06	0
185.40	0
190.22	0
194.20	0
195.70	0
199.38	0
200.52	0
204.23	0
204.75	0
25.70	1
28.41	1
28.85	1
30.64	1
31.70	1
32.29	1
40.79	1
44.52	1
36.22	1
38.70	1
43.13	1
44.92	1
47.65	0
49.18	0
49.42	0
52.22	0
2.00	1
3.19	1
3.75	1
3.96	1
4.24	1
5.58	1
5.79	1
6.31	1
131.53	1
146.01	0
146.23	1
156.03	0
162.25	0
164.24	0
179.10	0
182.91	0
142.19	0
143.49	1
185.24	0
191.64	0
192.28	0
194.14	0
194.98	0
196.57	0
108.28	1
232.55	0
237.51	0
241.48	0
243.16	0
252.04	0
254.29	0
255.58	0
126.97	1
129.74	0
133.24	1
133.49	0
142.58	0
148.10	0
149.83	0
150.65	0
197.58	0
215.35	0
221.23	0
223.12	0
223.60	0
225.44	0
227.88	0
229.74	0
112.40	0
113.28	0
116.94	0
117.61	0
117.99	0
121.14	0
121.69	0
122.00	0
28.05	1
33.14	1
34.57	1
40.70	1
41.52	1
42.05	1
43.89	1
43.95	1
1.69	1
1.86	1
1.86	1
2.19	1
2.69	1
2.76	1
2.82	1
2.92	1
65.58	0
68.13	0
68.82	0
72.00	0
74.23	0
90.24	0
95.21	0
137.25	0
60.61	1
118.89	1
136.36	0
143.31	0
147.20	0
150.93	0
155.09	1
160.47	0
36.83	1
40.59	1
41.71	1
58.19	1
77.35	1
84.75	1
88.06	1
126.92	1
1.55	1
1.99	1
2.07	1
2.45	1
3.17	1
4.34	1
5.00	1
5.49	1
2.28	1
2.41	1
2.86	1
2.99	1
4.78	1
5.93	1
6.66	1
7.17	1
63.36	1
78.80	1
88.05	1
94.11	1
95.10	1
95.52	1
96.39	1
99.91	1
0.99	1
0.99	1
1.00	1
1.44	1
1.95	1
2.58	1
2.71	1
3.26	1
1.90	1
1.90	1
2.07	1
2.20	1
2.21	1
4.52	1
4.67	1
4.96	1
1.29	1
1.39	1
1.41	1
1.45	1
1.50	1
3.62	1
3.80	1
3.87	1
1.48	1
1.76	1
1.82	1
1.88	1
2.18	1
2.79	1
3.13	1
3.44	1
93.34	1
121.28	1
147.04	1
172.17	0
184.56	0
185.94	0
186.47	0
188.64	0
174.87	0
202.99	0
204.75	0
205.50	0
205.93	0
206.17	0
207.30	0
209.32	0
31.28	1
35.11	1
40.47	1
45.05	1
58.13	1
58.36	1
58.50	1
66.55	1
1.24	1
1.38	1
1.57	1
1.88	1
2.16	1
3.51	1
3.72	1
4.64	1
123.49	0
134.62	0
138.56	0
140.93	0
142.74	0
144.04	1
145.15	1
145.16	1
58.60	1
100.86	0
205.69	0
212.66	0
238.22	0
240.22	0
277.57	0
283.36	0
23.48	1
107.56	0
112.01	0
112.09	0
117.69	0
122.28	0
123.62	0
123.63	0
33.86	1
252.06	0
256.33	1
275.58	1
311.33	0
313.86	1
321.33	0
323.52	0
12.97	1
165.58	0
174.82	0
177.01	0
196.26	0
202.95	0
219.88	0
230.45	0
53.15	1
430.80	0
436.90	0
463.30	0
481.73	0
497.69	0
506.02	0
518.33	0
4.75	1
136.31	0
137.21	0
138.23	0
138.28	0
139.40	0
141.11	0
141.80	0
55.29	1
183.01	1
231.88	0
234.93	0
237.17	0
240.17	0
245.07	0
245.47	0
48.81	1
383.11	0
434.67	0
447.01	1
457.28	0
462.84	0
471.04	0
471.42	0
20.96	1
135.85	1
211.53	0
217.66	0
242.93	0
248.07	0
248.99	0
252.21	0
66.26	1
555.68	0
557.80	0
570.60	0
628.89	0
639.27	0
646.89	0
660.78	0
116.12	0
126.33	1
138.69	1
139.27	1
141.92	1
142.72	1
146.16	0
154.71	1
18.71	1
110.84	0
120.29	0
121.17	0
122.27	0
123.57	0
125.96	0
128.12	0
5.51	1
9.71	1
32.78	1
32.97	1
33.08	1
34.59	1
36.37	1
41.30	1
8.48	1
13.16	1
149.13	0
149.37	0
150.07	0
150.19	0
150.22	0
150.53	0
3.30	1
6.03	1
9.00	1
10.09	1
12.93	1
13.15	1
13.94	1
19.27	1
190.35	0
204.89	0
206.60	0
212.63	0
223.29	0
225.52	0
226.71	0
228.00	0
79.24	1
91.63	0
93.58	0
96.62	0
100.87	0
101.96	0
102.16	0
106.82	0
142.89	1
163.12	1
166.38	1
168.47	0
168.58	0
175.94	1
176.17	0
176.29	1
154.36	0
218.02	0
218.13	0
222.39	0
225.28	0
228.18	0
228.96	0
230.99	0
119.17	1
131.76	1
143.96	1
145.16	1
146.44	1
149.18	1
154.71	1
155.21	1
53.82	1
59.60	1
77.72	1
89.69	1
101.06	1
109.78	1
124.66	1
130.14	1
4.96	1
5.28	1
5.40	1
5.99	1
6.03	1
6.04	1
6.65	1
6.66	1
5.88	1
6.48	1
8.14	1
8.25	1
8.49	1
8.61	1
8.73	1
8.73	1
29.08	1
29.78	1
33.90	1
34.47	1
37.98	1
39.55	1
40.86	1
45.42	1
3.69	1
3.94	1
4.16	1
4.23	1
4.41	1
4.69	1
4.81	1
4.89	1
5.73	1
6.32	1
6.96	1
8.13	1
8.15	1
8.34	1
8.64	1
8.96	1
3.68	1
4.23	1
4.61	1
4.71	1
4.98	1
5.09	1
5.39	1
5.57	1
2.64	1
2.70	1
3.02	1
3.03	1
3.07	1
3.22	1
3.23	1
3.24	1
171.65	0
188.76	0
191.97	0
201.69	0
201.93	0
205.59	0
207.61	0
208.43	0
177.99	0
217.70	0
219.66	0
220.18	0
220.20	0
221.71	0
222.00	0
225.65	0
170.60	1
172.62	1
173.36	1
185.35	0
192.85	1
195.43	0
198.06	1
198.81	0
139.44	0
200.91	0
213.61	0
218.18	0
226.73	0
227.17	0
227.41	0
230.13	0
166.03	0
172.19	0
193.65	0
196.09	0
196.09	0
204.53	0
205.10	0
210.42	0
197.37	1
204.36	1
204.52	0
218.88	1
219.62	0
221.81	0
222.37	0
222.77	0
133.16	1
142.41	1
200.52	0
203.82	0
210.27	0
211.95	0
215.17	0
215.48	0
145.58	0
161.36	0
178.70	0
181.71	0
184.78	0
185.23	0
187.83	0
192.05	0
182.74	0
186.69	0
215.24	0
221.02	0
221.62	0
221.95	0
223.06	0
224.01	0
53.69	1
53.94	1
54.36	1
54.78	1
55.01	1
58.26	1
58.47	1
59.17	1
32.58	1
34.07	1
35.21	1
41.87	0
60.83	1
74.38	1
74.53	1
86.54	0
3.65	1
9.36	1
9.93	1
11.49	1
21.51	1
30.65	1
147.80	0
149.90	0
24.90	0
195.24	0
199.35	0
200.76	0
204.90	0
205.33	0
210.73	0
217.36	0
118.68	0
229.58	0
248.07	0
257.05	0
282.56	0
283.42	0
283.43	0
283.47	0
79.27	0
153.86	0
184.97	0
199.30	0
203.35	0
206.24	0
212.55	0
217.14	0
182.00	1
246.66	0
249.96	0
250.75	0
252.21	0
253.52	0
254.26	0
254.82	0
44.64	1
46.12	1
47.38	1
47.42	1
49.00	1
50.11	1
50.57	1
51.65	1
69.53	1
109.65	0
112.28	0
114.73	1
116.15	0
116.43	0
117.18	0
117.66	0
19.13	1
29.36	1
53.55	1
132.16	0
141.97	0
142.03	0
142.84	0
142.96	0
94.56	0
99.84	1
102.67	1
104.59	1
104.87	1
109.99	1
112.00	1
114.37	1
83.13	1
104.28	1
104.58	1
117.23	0
118.88	0
121.33	0
121.53	0
121.54	0
65.97	0
118.94	0
138.42	1
140.94	1
147.74	0
150.25	1
161.42	1
164.67	0
17.86	1
19.68	1
20.88	1
21.19	1
21.62	1
23.66	1
23.75	1
24.56	1
13.48	1
13.89	1
15.55	1
16.03	1
16.68	1
16.68	1
17.59	1
20.40	1
212.44	0
228.43	0
233.96	0
235.03	0
239.31	0
239.95	0
240.57	0
243.22	0
155.95	1
172.25	0
173.35	1
174.04	1
176.51	0
176.96	0
177.14	0
179.40	0
211.70	0
212.85	0
214.25	0
219.30	0
220.86	0
221.01	0
221.19	0
221.48	0
228.25	1
239.04	0
254.85	0
261.51	0
261.97	0
266.20	0
269.80	0
269.99	0
217.05	1
242.70	1
247.04	1
248.56	1
249.13	1
250.19	0
252.03	0
253.54	1
8.96	1
9.58	1
9.93	1
10.05	1
10.88	1
10.88	1
11.00	1
11.08	1
10.45	1
10.58	1
11.14	1
11.40	1
11.51	1
11.77	1
12.37	1
12.45	1
137.46	1
148.82	1
150.90	1
155.25	1
158.36	1
163.06	1
163.96	1
164.79	1
5.98	1
6.08	1
6.31	1
6.46	1
6.49	1
6.63	1
6.74	1
6.75	1
10.80	1
11.22	1
11.37	1
12.43	1
14.01	1
14.11	1
14.25	1
14.37	1
5.83	1
5.92	1
6.55	1
6.66	1
6.73	1
6.83	1
6.90	1
7.00	1
3.12	1
3.14	1
3.18	1
3.43	1
3.45	1
3.59	1
3.68	1
3.75	1
220.57	0
225.19	1
228.46	0
235.78	0
242.37	0
242.59	0
248.21	0
249.79	0
92.00	0
212.23	0
257.12	0
258.43	0
258.71	0
258.96	0
259.96	0
260.59	0
269.28	0
291.41	0
309.92	0
311.33	0
311.71	0
313.09	1
314.57	0
315.84	0
311.79	0
368.69	0
395.44	0
396.48	0
396.64	0
398.88	0
399.91	0
406.24	0
247.71	0
301.98	0
304.09	0
305.12	0
305.95	0
306.86	0
307.49	0
308.22	0
151.11	0
198.88	0
202.84	0
211.68	0
213.14	0
217.37	0
217.85	0
218.10	0
73.79	1
82.71	1
84.24	1
85.60	1
85.92	1
90.62	1
91.41	1
92.54	1
3.64	1
4.25	1
4.64	1
4.67	1
4.82	1
5.10	1
5.18	1
5.38	1
164.07	0
187.70	1
193.52	1
194.32	0
196.16	0
199.01	0
200.09	0
201.77	0
228.51	0
231.09	0
262.22	0
274.75	0
275.37	0
278.30	0
278.84	0
280.15	0
301.31	0
302.03	0
302.30	0
305.35	0
305.36	0
305.76	0
306.09	0
307.69	0
400.82	0
401.91	0
403.88	0
405.08	0
405.36	0
407.17	0
407.99	0
408.77	0
200.65	1
214.99	0
216.08	0
218.22	0
222.18	0
226.14	0
228.38	0
228.48	0
163.26	0
167.53	0
169.63	0
170.39	0
170.74	0
171.73	0
173.48	0
174.16	0
113.74	0
114.32	0
116.17	0
127.48	0
130.01	0
130.84	0
133.18	0
133.69	0
118.68	1
134.67	0
144.98	0
144.99	0
146.10	0
146.27	0
147.10	0
147.15	0
217.10	0
219.17	0
219.95	0
220.06	0
221.24	0
221.96	0
224.02	0
224.98	0
67.79	1
77.65	0
81.30	1
85.18	0
88.32	1
92.92	0
96.92	0
98.70	0
158.76	0
172.77	0
174.71	0
178.15	0
181.88	0
188.02	0
194.87	0
194.94	0
233.35	0
233.73	0
233.90	0
235.04	0
235.40	0
235.75	0
236.22	0
236.32	0
61.50	1
85.87	0
100.86	0
106.83	0
107.39	0
109.69	0
109.73	0
110.71	0
72.66	1
75.23	1
78.01	0
87.46	1
88.03	1
90.53	1
91.65	1
92.25	1
77.63	0
100.21	0
103.38	1
115.81	0
118.86	0
138.24	0
138.36	0
140.35	0
77.12	1
137.57	0
140.71	1
182.18	0
186.73	0
188.61	0
192.79	0
201.39	0
12.61	1
26.17	1
41.20	1
132.95	0
136.41	0
137.13	0
137.39	0
138.86	0
37.51	1
38.57	1
39.21	1
39.39	1
44.35	1
47.17	1
47.96	1
48.45	1
1.43	1
1.78	1
1.85	1
1.88	1
1.89	1
2.22	1
2.23	1
2.32	1
99.47	0
121.28	0
154.77	0
160.63	0
164.06	0
165.97	0
170.09	0
171.26	0
82.98	1
87.97	1
142.18	0
152.48	0
152.74	0
155.95	0
157.18	0
159.02	0
36.58	1
64.10	0
103.23	0
108.28	0
108.61	0
111.32	0
111.58	0
111.63	0
25.88	1
28.44	1
32.84	1
54.11	1
72.22	1
72.59	1
75.35	1
81.59	1
3.17	1
4.06	1
4.18	1
4.38	1
4.49	1
4.66	1
4.90	1
5.68	1
2.71	1
3.20	1
3.73	1
4.05	1
4.40	1
4.63	1
8.07	1
8.29	1
12.82	1
13.14	1
32.23	1
33.97	1
37.52	1
39.36	1
42.80	1
50.50	1
1.33	1
1.86	1
1.92	1
1.96	1
2.25	1
3.84	1
4.02	1
4.77	1
2.19	1
2.85	1
3.46	1
3.70	1
3.87	1
5.01	1
6.10	1
7.04	1
1.40	1
1.83	1
1.98	1
2.08	1
2.28	1
3.28	1
4.04	1
5.16	1
1.03	1
1.33	1
1.54	1
2.13	1
2.46	1
3.38	1
3.77	1
3.89	1
93.61	0
101.34	0
112.72	0
115.16	0
117.42	0
117.86	0
119.01	0
121.34	0
8.33	1
9.38	1
9.92	1
10.06	1
10.08	1
10.15	1
10.22	1
10.27	1
138.25	0
150.61	0
151.37	0
156.90	1
160.28	0
161.97	0
163.11	0
163.55	0
118.75	1
132.73	1
138.40	0
149.37	0
152.26	0
153.67	0
154.07	0
154.40	0
111.36	0
112.28	0
112.58	0
113.71	0
114.77	0
114.99	0
116.79	0
117.18	0
199.65	0
227.65	0
245.46	0
255.15	0
265.27	0
268.81	0
269.28	0
275.83	0
227.45	1
286.01	0
332.72	0
368.96	0
370.85	0
386.87	0
388.90	0
391.95	0
150.97	1
322.02	0
327.26	0
414.08	0
414.45	0
427.18	0
429.79	0
459.91	0
47.61	1
261.52	0
283.71	0
290.89	0
292.21	0
301.03	0
314.30	0
342.75	0
16.91	1
143.61	1
163.76	0
201.27	0
211.72	0
221.31	0
223.86	0
227.86	0
176.10	0
187.29	0
198.65	0
203.26	0
205.48	0
206.45	0
207.11	0
207.55	0
246.65	0
252.96	0
252.98	0
255.18	0
256.76	0
256.76	0
256.98	0
258.13	0
151.99	0
153.11	0
161.71	0
165.44	0
167.69	0
168.44	0
168.81	0
172.78	0
82.32	1
104.25	1
118.06	0
119.19	1
119.51	1
123.88	0
125.71	0
126.71	0
132.49	0
150.59	1
154.32	1
166.75	0
167.46	0
170.80	0
172.09	0
172.92	0
146.54	0
148.37	0
148.95	0
149.16	0
149.51	0
150.65	0
151.49	0
151.67	0
165.21	0
165.98	0
167.72	0
169.20	0
170.64	0
171.99	0
172.76	0
173.12	0
99.57	1
99.99	1
116.22	1
121.26	1
121.62	1
127.04	1
141.58	1
160.36	1
8.08	1
9.05	1
9.47	1
9.58	1
10.52	1
10.55	1
10.63	1
10.96	1
11.63	1
11.74	1
12.76	1
12.88	1
12.93	1
13.02	1
13.13	1
13.21	1
32.44	1
34.17	1
36.62	1
39.12	1
42.03	1
44.41	1
46.16	1
48.54	1
8.74	1
8.78	1
9.29	1
9.37	1
9.66	1
10.43	1
10.53	1
10.53	1
6.61	1
6.69	1
6.80	1
7.45	1
7.46	1
7.49	1
7.50	1
7.79	1
4.78	1
4.90	1
5.00	1
5.57	1
5.57	1
5.63	1
5.89	1
5.91	1
3.27	1
4.22	1
4.46	1
4.63	1
4.67	1
4.77	1
4.82	1
5.10	1
229.61	0
233.56	0
233.83	0
234.43	0
236.13	0
240.02	0
240.10	0
240.33	1
240.82	0
246.99	0
251.04	0
261.30	0
263.26	0
263.67	0
264.94	0
265.58	0
329.45	0
330.80	0
332.27	0
334.15	0
336.83	0
337.40	0
340.06	0
340.45	0
170.96	0
173.59	0
173.97	0
174.43	0
174.87	0
175.55	0
181.22	0
181.62	0
95.20	1
101.90	0
107.77	0
108.50	0
108.60	0
109.17	0
109.38	0
110.04	0
21.59	1
23.89	1
24.80	1
25.97	1
26.16	1
26.50	1
26.68	1
26.69	1
209.98	0
211.10	0
212.93	0
213.26	0
214.62	0
214.71	0
215.22	0
215.25	0
247.87	0
253.00	0
253.83	0
253.98	0
255.14	0
256.31	0
256.39	0
258.43	0
134.10	0
134.79	0
135.23	0
135.43	0
135.52	0
135.98	0
136.34	0
137.10	0
109.72	0
110.62	0
110.75	0
111.10	0
111.39	0
111.64	0
112.11	0
112.41	0
162.11	0
165.93	0
171.44	0
173.39	0
174.18	0
177.00	0
177.72	0
180.24	0
126.55	0
126.71	0
130.90	0
132.11	0
134.13	0
134.24	0
136.45	0
136.56	0
155.70	0
160.58	0
162.39	0
163.92	0
164.36	0
165.23	0
165.27	0
165.67	0
105.68	0
106.02	0
106.44	0
108.90	0
110.76	0
110.87	0
110.95	0
111.20	0
62.90	1
99.13	0
99.45	0
100.89	0
101.96	0
102.01	0
103.82	0
107.57	0
26.95	1
31.51	1
31.54	1
31.80	1
35.12	1
38.20	1
41.78	1
43.50	1
3.59	0
3.81	0
3.89	0
4.09	0
4.17	0
4.24	0
4.27	0
4.32	0
301.02	0
313.98	0
314.04	0
324.75	0
335.76	0
338.31	0
338.32	0
341.88	0
181.12	0
193.80	0
210.77	0
218.53	0
225.77	0
228.05	0
238.54	0
243.03	0
336.96	0
347.92	0
347.95	0
348.99	0
350.37	0
354.04	0
354.88	0
355.78	0
327.21	0
329.24	0
332.82	0
334.23	0
339.15	0
339.81	0
343.35	0
343.89	0
185.25	0
187.35	0
187.75	0
191.22	0
191.51	0
191.71	0
192.89	0
193.42	0
104.77	0
110.44	0
122.55	0
127.16	0
131.35	0
135.33	0
157.92	0
158.77	0
331.83	0
339.76	0
339.79	0
340.39	0
343.49	0
344.39	0
344.86	0
345.78	0
200.64	0
224.00	0
232.98	0
235.01	0
240.10	0
240.84	0
241.05	0
241.55	0
159.98	1
254.19	0
257.11	0
258.64	0
258.81	0
258.89	0
260.69	0
261.24	0
247.00	1
391.84	0
431.05	0
434.41	0
437.16	0
438.02	0
438.55	0
438.94	0
155.78	0
185.96	0
206.15	0
210.53	0
212.07	0
213.70	0
214.03	0
214.45	0
333.97	0
349.73	0
361.00	0
361.32	0
361.50	0
362.20	0
362.59	0
364.24	0
414.66	0
422.47	0
428.26	0
431.16	0
433.49	0
434.00	0
435.57	0
436.65	0
313.87	0
315.29	0
317.65	0
318.49	0
318.76	0
319.44	0
319.75	0
319.88	0
486.01	0
486.41	0
493.07	0
493.70	0
495.78	0
499.97	0
500.69	0
501.74	0
236.13	1
249.05	1
258.86	0
260.42	1
261.07	1
264.22	1
265.29	1
267.50	1
4.02	0
4.26	0
4.35	0
4.64	0
4.66	0
4.69	0
4.87	0
4.96	0
382.97	0
389.48	0
394.34	0
421.10	0
424.41	0
426.45	0
426.51	0
428.15	0
156.76	1
162.06	1
409.84	0
411.04	0
413.73	0
417.99	0
418.08	0
418.38	0
301.13	0
302.56	0
330.43	0
335.08	0
344.57	0
345.98	0
346.93	0
347.72	0
399.20	0
441.21	0
443.14	0
444.90	0
449.02	0
452.21	0
452.75	0
453.15	0
544.23	0
565.53	0
569.94	0
571.53	0
573.76	0
576.11	0
578.20	0
578.46	0
215.81	0
222.26	0
226.53	0
227.39	0
232.84	0
233.32	0
233.80	0
236.58	0
262.32	0
267.52	0
270.00	0
273.14	0
274.58	0
276.15	0
276.38	0
277.24	0
113.67	0
116.47	0
118.26	0
118.55	0
119.98	0
122.19	0
122.46	0
125.59	0
115.40	0
116.85	0
117.90	0
119.37	0
121.84	0
124.27	0
125.11	0
125.64	0
57.62	1
58.47	1
59.96	1
61.09	1
63.45	1
63.85	1
64.57	1
67.02	1
3.89	1
4.39	1
4.45	1
4.58	1
4.67	1
4.81	1
4.85	1
4.86	1
87.48	0
88.60	0
89.12	0
90.23	0
91.12	0
91.15	0
91.23	0
92.20	0
155.66	1
188.36	1
209.37	0
215.37	0
219.29	0
219.78	0
220.31	0
221.21	0
19.38	1
25.70	1
149.86	0
152.19	0
152.53	0
153.25	0
153.43	0
154.40	0
21.47	1
30.33	1
124.81	0
125.90	0
127.72	0
128.12	0
130.96	0
130.98	0
143.26	1
147.62	1
153.37	0
157.77	0
161.65	0
164.19	1
164.40	0
171.87	0
73.61	1
87.65	1
91.46	1
93.50	0
103.35	1
109.21	1
112.62	1
112.74	1
36.10	0
36.26	0
36.73	0
37.06	0
37.06	0
37.06	0
37.14	0
37.49	0
151.33	1
153.58	1
155.04	1
180.03	1
180.32	0
181.75	0
181.91	1
185.89	0
150.43	0
154.85	1
160.27	0
160.46	1
162.29	0
165.17	0
165.66	1
166.07	0
105.28	1
118.57	1
119.78	1
123.66	1
124.07	1
124.30	1
124.67	1
127.04	1
