154.92	0
171.57	0
265.56	0
305.14	0
325.70	0
337.65	0
338.70	0
340.68	0
202.38	0
205.91	0
206.99	0
222.65	0
238.33	0
251.69	0
254.00	0
254.64	0
192.97	0
193.54	0
212.82	0
219.32	0
231.50	0
250.69	0
260.36	0
275.05	0
119.70	0
165.19	0
177.06	0
180.87	0
185.44	0
213.13	0
225.42	0
235.73	0
196.71	0
197.32	0
199.74	0
201.28	0
223.03	0
233.12	0
250.97	0
260.82	0
113.83	0
161.10	0
162.85	0
169.79	0
171.13	0
208.51	0
224.90	0
226.14	0
175.16	0
180.15	0
181.68	0
205.35	0
217.09	0
237.54	0
245.12	0
249.67	0
86.04	0
170.92	0
186.60	0
187.58	0
187.67	0
219.52	0
226.43	0
230.46	0
151.97	0
173.85	0
198.84	0
201.18	0
221.38	0
224.10	0
239.37	0
255.53	0
156.98	0
175.95	0
176.14	0
185.18	0
204.01	0
213.26	0
235.11	0
236.72	0
26.13	1
210.98	0
221.29	0
247.71	0
260.76	0
268.68	0
269.33	0
284.58	0
194.99	0
198.63	0
199.15	0
201.95	0
211.79	0
212.79	0
217.91	0
220.08	0
128.14	0
136.34	0
138.92	0
140.48	0
146.17	0
146.65	0
148.15	0
151.05	0
159.88	0
160.03	0
168.80	0
171.80	0
173.04	0
174.68	0
175.34	0
175.83	0
266.27	0
268.31	0
268.50	0
270.00	0
276.11	0
279.45	0
279.57	0
281.65	0
267.87	0
287.35	0
291.11	0
300.42	0
302.74	0
304.46	0
311.43	0
321.53	0
289.68	0
298.15	0
306.53	0
307.74	0
311.58	0
320.63	0
323.63	0
324.48	0
531.78	0
532.85	0
537.57	0
538.68	0
546.74	0
549.16	0
568.91	0
575.57	0
735.08	0
744.93	0
754.41	0
765.00	0
765.79	0
765.83	0
784.08	0
790.40	0
352.23	0
354.92	0
363.94	0
367.25	0
373.83	0
377.17	0
386.89	0
420.45	0
536.88	0
545.62	0
549.95	0
552.16	0
553.64	0
556.89	0
569.95	0
581.68	0
813.20	0
819.05	0
832.16	0
833.40	0
834.62	0
841.92	0
842.19	0
845.41	0
750.58	0
752.62	0
757.80	0
764.15	0
765.01	0
766.88	0
770.97	0
774.66	0
834.82	0
842.21	0
842.78	0
852.14	0
855.98	0
859.14	0
860.64	0
869.33	0
453.40	0
461.55	0
469.94	0
470.78	0
478.81	0
482.27	0
483.31	0
493.79	0
332.11	0
357.43	0
374.47	0
377.37	0
377.77	0
384.11	0
386.83	0
395.12	0
244.16	0
248.25	0
252.84	0
271.07	0
278.68	0
286.39	0
286.72	0
290.77	0
444.10	0
453.46	0
454.53	0
456.58	0
460.19	0
463.47	0
463.81	0
476.06	0
440.58	0
441.72	0
456.66	0
462.86	0
463.63	0
463.80	0
464.16	0
468.16	0
248.47	0
252.00	0
257.57	0
263.55	0
264.96	0
272.47	0
283.27	0
288.74	0
76.97	0
85.75	0
87.47	0
91.64	0
92.53	0
120.44	0
127.60	0
141.12	0
152.02	0
154.15	0
157.22	0
161.50	0
164.42	0
166.17	0
171.49	0
180.74	0
191.63	0
192.65	0
200.48	0
208.60	0
211.40	0
215.66	0
221.47	0
226.98	0
47.03	0
62.18	0
62.56	0
83.49	0
99.59	0
104.74	0
107.50	0
117.71	0
26.96	1
27.38	1
80.41	0
105.23	0
113.75	0
136.61	0
137.74	0
142.10	0
104.24	0
181.38	0
203.32	0
209.19	0
216.03	0
223.84	0
237.90	0
240.39	0
121.29	0
122.25	0
131.32	0
132.84	0
134.48	0
139.52	0
141.70	0
143.67	0
96.37	0
101.71	0
103.43	0
114.72	0
114.91	0
116.85	0
117.30	0
120.78	0
95.11	0
101.51	0
109.37	0
112.99	0
115.44	0
119.77	0
122.90	0
125.51	0
101.86	0
102.69	0
110.37	0
115.28	0
115.83	0
120.07	0
126.32	0
127.78	0
99.65	0
101.17	0
113.87	0
119.50	0
120.88	0
121.10	0
126.85	0
126.97	0
125.61	0
130.19	0
131.54	0
132.58	0
134.42	0
148.13	0
148.76	0
154.10	0
94.54	0
95.20	0
100.75	0
103.13	0
107.95	0
108.28	0
111.90	0
112.39	0
50.86	1
92.76	0
93.71	0
95.00	0
102.73	0
108.57	0
110.24	0
118.55	0
19.28	1
23.05	1
23.71	1
75.43	0
85.98	0
102.22	0
102.85	0
120.57	0
288.94	1
308.64	0
316.79	0
329.02	0
330.33	0
331.52	0
335.18	0
346.80	0
34.14	1
146.60	0
161.63	0
169.35	0
169.80	0
171.40	0
175.59	0
175.66	0
253.09	0
265.57	0
271.16	0
278.04	0
291.13	0
308.84	0
309.07	0
311.54	0
259.63	0
260.64	0
266.56	0
271.28	0
271.51	0
272.41	0
272.61	0
273.02	0
266.95	0
271.35	0
271.36	0
272.17	0
275.10	0
311.73	0
313.92	0
315.59	0
199.06	0
201.17	0
203.94	0
204.52	0
209.23	0
209.47	0
217.10	0
218.86	0
172.71	0
179.87	0
183.49	0
184.63	0
189.30	0
192.71	0
193.91	0
196.65	0
80.87	1
81.50	1
81.60	1
84.76	1
132.07	0
135.69	0
170.08	0
170.19	0
154.18	0
165.52	0
174.67	0
176.29	0
179.31	0
180.22	0
187.06	0
187.71	0
231.23	0
247.79	0
254.97	0
258.25	0
258.45	0
264.29	0
264.30	0
265.28	0
265.72	0
266.09	0
270.02	0
286.61	0
289.61	0
290.67	0
291.00	0
291.71	0
228.03	0
238.74	0
238.88	0
243.66	0
244.56	0
247.40	0
252.25	0
253.83	0
210.42	1
228.35	0
235.13	0
236.32	0
238.73	0
239.25	0
241.79	0
243.51	0
27.91	1
272.77	0
284.59	0
284.73	0
287.81	0
290.82	0
292.56	0
292.87	0
204.85	0
209.84	0
219.67	0
232.62	0
237.74	0
240.87	0
244.72	0
246.46	0
137.24	1
161.17	0
172.45	0
172.86	0
173.12	0
176.75	0
185.71	0
186.35	0
162.82	0
163.80	1
176.52	0
188.32	0
192.88	0
194.11	0
194.37	0
198.17	0
205.56	0
216.59	0
222.87	0
224.99	0
225.97	0
226.83	0
228.34	0
231.51	0
273.28	0
275.34	0
282.86	0
285.56	0
288.18	0
290.10	0
294.00	0
298.13	0
286.70	0
288.62	0
293.54	0
294.47	0
295.08	0
297.32	0
307.46	0
310.24	0
265.00	0
268.83	0
273.07	0
284.03	0
284.92	0
285.00	0
286.26	0
286.37	0
213.17	0
214.81	0
221.24	0
225.97	0
226.85	0
227.54	0
229.93	0
248.55	0
144.81	0
148.71	0
149.61	0
151.11	0
172.53	0
191.85	0
196.91	0
201.30	0
227.24	0
227.87	0
258.78	0
263.35	0
270.31	0
273.11	0
281.07	0
289.24	0
404.61	0
411.00	0
433.23	0
434.04	0
435.72	0
438.20	0
439.46	0
441.22	0
254.84	0
255.68	0
259.28	0
278.89	0
286.37	0
295.34	0
301.15	0
308.60	0
171.25	0
187.98	0
194.90	0
196.54	0
204.20	0
205.05	0
206.88	0
212.75	0
291.57	0
300.20	0
305.78	0
310.81	0
312.59	0
314.98	0
317.89	0
323.53	0
163.51	0
163.83	0
170.32	0
181.35	0
181.44	0
183.02	0
186.09	0
190.17	0
304.41	1
322.60	0
326.24	0
326.75	0
351.77	0
354.23	0
354.58	0
355.43	0
383.58	0
394.11	0
397.27	0
398.42	0
399.66	0
401.63	0
404.18	0
407.57	0
260.23	0
260.50	0
264.80	0
284.54	0
292.09	0
296.04	0
300.06	0
300.91	0
279.60	0
280.82	0
292.09	0
304.95	0
308.39	0
310.97	0
315.14	0
318.11	0
170.33	1
215.05	0
215.29	0
220.54	0
222.54	0
224.58	0
227.62	0
229.42	0
326.79	0
328.41	0
338.49	0
344.33	0
352.12	0
354.49	0
358.93	0
359.62	0
175.84	0
177.02	0
185.67	0
198.74	0
201.51	0
211.80	0
214.35	0
214.78	0
283.84	1
351.27	0
352.47	1
377.16	0
401.00	0
405.15	0
406.73	0
406.79	0
197.29	0
201.03	0
223.11	0
298.11	0
299.83	0
304.20	0
304.57	0
308.69	0
518.30	0
564.51	0
588.03	0
597.96	0
633.11	0
635.89	0
640.46	0
641.45	0
161.05	0
165.28	0
167.37	0
176.00	0
178.97	0
181.15	0
186.64	0
188.12	0
332.85	0
334.17	0
339.76	0
348.23	0
355.57	0
382.73	0
387.36	0
391.68	0
437.44	1
458.22	0
496.56	0
499.45	0
499.85	0
507.13	0
529.77	0
532.39	0
103.79	1
232.22	0
243.61	0
291.89	0
292.15	0
294.61	0
296.94	0
300.50	0
592.07	0
676.01	0
735.15	0
737.34	0
749.93	0
750.01	0
752.62	0
753.27	0
242.84	1
249.49	0
250.77	0
265.74	0
276.10	0
294.72	0
303.57	0
304.28	0
168.34	0
176.71	0
178.96	0
180.37	0
184.28	0
185.36	0
187.78	0
188.86	0
59.63	1
94.47	0
97.66	0
101.74	0
108.51	0
110.78	0
111.33	0
118.01	0
160.65	0
175.43	0
184.38	0
186.57	0
186.65	0
186.87	0
188.34	0
195.93	0
12.57	1
56.19	0
73.60	0
79.26	0
96.55	0
98.88	0
103.36	0
108.21	0
322.70	0
324.07	0
333.14	0
337.95	0
345.42	0
367.28	0
367.42	0
369.27	0
253.10	1
294.59	0
296.68	0
300.15	0
300.64	0
305.85	0
306.70	0
309.32	0
328.53	0
353.48	0
356.70	0
357.87	0
361.70	0
362.85	0
366.46	0
368.66	0
101.67	0
104.46	0
120.47	0
123.56	0
136.27	0
136.80	0
142.58	0
143.67	0
257.58	1
301.33	0
303.59	0
310.37	0
313.26	0
316.53	0
319.04	0
323.82	0
336.83	0
354.28	0
357.52	0
360.08	0
364.12	0
366.83	0
368.47	0
368.65	0
207.34	0
207.57	0
212.87	0
215.66	0
219.77	0
220.64	0
221.46	0
221.78	0
282.91	0
286.14	0
288.08	0
294.83	0
295.81	0
308.67	0
323.77	0
323.98	0
328.63	0
333.01	0
336.97	0
344.96	0
347.92	0
365.37	0
366.04	0
366.35	0
307.72	0
315.95	0
318.11	0
322.87	0
323.53	0
325.17	0
325.34	0
325.76	0
177.05	0
184.55	0
198.10	0
200.58	0
200.60	0
205.00	0
206.24	0
209.37	0
252.47	1
286.53	0
287.88	0
288.00	0
290.74	0
292.62	0
297.30	0
298.83	0
334.30	0
351.69	0
357.61	0
358.70	0
358.71	0
358.81	0
359.95	0
360.92	0
203.40	0
207.98	0
209.10	0
219.73	0
228.95	0
232.83	0
245.35	0
246.35	0
218.74	1
257.60	0
269.83	0
270.10	0
273.40	0
274.48	0
277.66	0
284.28	0
275.52	0
287.08	0
291.75	0
293.83	0
300.52	0
302.89	0
303.77	0
305.64	0
242.17	0
244.04	0
249.66	0
258.62	0
286.03	0
288.77	0
293.67	0
299.28	0
269.24	0
301.81	0
313.28	0
318.09	0
318.50	0
324.45	0
325.28	0
328.37	0
129.63	0
134.94	0
136.83	0
139.13	0
162.05	0
177.04	0
180.86	0
183.17	0
22.41	1
41.35	1
42.78	1
43.69	1
94.67	0
97.80	0
103.08	1
122.13	0
77.16	1
161.92	0
164.30	0
164.59	0
178.79	0
181.57	0
181.85	0
184.20	0
84.78	1
196.59	0
202.54	0
204.95	0
210.97	0
214.38	0
215.04	0
215.82	0
152.40	0
161.12	0
164.29	0
170.79	0
173.34	0
184.74	0
186.87	0
187.26	0
246.93	0
252.36	0
266.12	0
266.18	0
268.28	0
268.42	0
270.18	0
273.59	0
171.75	0
194.44	0
216.83	0
227.79	0
236.04	0
237.78	1
244.12	0
247.78	0
251.51	0
258.09	0
259.38	0
265.48	0
268.43	0
274.54	0
276.98	0
277.68	0
526.69	0
527.71	0
527.76	0
530.53	0
534.61	0
540.86	0
542.60	0
543.73	0
481.48	0
486.60	0
489.96	0
491.10	0
500.75	0
501.97	0
503.25	0
507.89	0
435.11	0
456.37	0
460.35	0
463.96	0
465.92	0
472.92	0
474.20	0
482.85	0
415.52	0
427.80	0
431.25	0
442.42	0
448.96	0
450.85	0
451.53	0
459.03	0
417.87	0
433.05	0
437.32	0
453.68	0
453.75	0
458.26	0
460.24	0
462.95	0
243.06	0
245.35	0
249.97	0
250.40	0
255.64	0
268.34	0
270.56	0
276.53	0
115.35	0
117.48	0
120.02	0
124.03	0
132.71	0
134.54	0
141.79	0
146.86	0
115.75	0
136.57	0
171.52	0
174.60	0
175.86	0
180.50	0
180.87	0
183.94	0
203.33	0
217.17	0
217.22	0
218.35	0
224.88	0
225.33	0
229.36	0
230.17	0
170.23	0
207.19	0
245.49	0
245.85	0
248.17	0
249.72	0
253.86	0
257.59	0
249.14	0
252.58	0
253.78	0
274.55	0
274.91	0
276.33	0
276.67	0
279.06	0
77.96	0
78.77	0
80.31	0
84.29	0
89.09	0
91.30	0
100.49	0
102.37	0
3.74	1
21.07	1
37.61	1
38.37	1
39.88	1
92.99	0
94.72	0
99.80	1
142.38	0
165.51	0
165.86	0
169.04	0
174.70	0
187.66	0
194.45	0
196.39	0
121.71	0
125.21	0
125.94	0
130.00	0
143.20	0
145.03	0
145.62	0
147.53	0
174.26	0
179.45	0
180.13	0
191.59	0
195.52	0
199.97	0
200.37	0
201.74	0
170.75	0
170.79	0
175.75	0
179.50	0
180.08	0
183.63	0
188.26	0
192.65	0
136.55	0
144.41	0
146.26	0
148.47	0
159.74	0
160.67	0
161.73	0
162.18	0
96.41	0
123.61	0
125.49	0
129.23	0
131.92	0
134.77	0
140.92	0
143.03	0
123.59	0
124.12	1
143.38	0
162.78	0
169.39	0
171.13	0
171.98	0
178.84	0
132.59	0
182.63	0
203.46	0
214.19	0
217.22	0
221.49	0
223.63	0
232.33	0
117.12	0
130.50	0
133.24	0
134.10	0
138.47	0
154.73	0
155.66	0
158.49	0
148.43	0
151.14	0
156.62	0
165.38	0
168.66	0
170.31	0
172.26	0
174.96	0
204.12	0
212.22	0
215.09	0
222.72	0
223.66	0
223.74	0
228.28	0
229.99	0
236.75	0
243.83	0
249.86	0
250.00	0
265.93	0
267.39	0
267.65	0
283.17	0
81.35	0
90.57	0
97.61	0
100.52	0
103.27	0
109.65	0
121.61	0
124.82	0
234.68	0
234.72	0
237.64	0
256.88	0
257.70	0
262.02	0
262.90	0
266.69	0
163.21	0
163.59	0
168.87	0
170.96	0
171.80	0
171.93	0
176.47	0
178.49	0
182.36	0
184.50	0
189.09	0
191.86	0
205.08	0
205.51	0
207.21	0
207.23	0
90.78	1
142.65	0
143.40	0
143.48	0
145.16	0
147.58	0
147.94	0
151.70	0
34.83	1
143.46	0
208.19	0
214.98	0
222.83	0
229.77	0
230.45	0
230.91	0
13.40	1
165.32	0
203.87	0
225.89	0
231.08	0
231.77	0
234.60	0
239.46	0
28.68	1
211.25	0
226.62	0
231.24	0
232.03	0
248.99	0
253.63	0
253.87	0
54.73	1
125.37	0
133.77	0
137.73	0
149.03	1
149.26	0
151.22	0
152.32	0
11.09	1
11.25	1
32.45	1
48.61	1
49.17	1
50.24	1
104.85	0
105.28	0
36.56	1
170.30	0
170.47	0
171.55	0
174.11	0
180.07	0
180.27	0
190.85	0
12.51	1
126.74	0
127.98	0
132.48	0
135.05	0
136.76	0
137.22	0
139.42	0
44.69	0
159.61	0
200.26	0
204.77	0
207.72	0
208.75	0
216.37	0
217.63	0
25.34	1
114.47	0
123.00	0
153.08	0
162.50	0
166.60	0
167.09	0
168.61	0
23.77	1
111.18	0
121.52	0
139.30	0
139.66	0
146.25	0
146.45	0
152.41	0
46.00	0
125.84	0
132.01	0
138.47	0
143.35	0
144.04	1
156.21	0
158.13	0
112.98	1
118.96	0
123.42	0
145.01	1
162.95	1
171.92	1
175.37	0
176.33	1
211.51	0
216.27	0
219.19	0
219.76	0
219.98	0
221.75	1
226.38	0
229.86	0
27.74	1
72.59	0
92.50	0
96.23	0
102.32	0
102.60	0
106.22	0
113.98	0
106.65	1
121.45	1
136.55	1
154.69	0
157.99	0
163.25	0
169.76	1
176.29	0
177.61	1
178.66	0
181.97	0
185.16	0
188.44	0
190.65	0
192.07	0
192.66	0
10.82	1
53.39	1
88.72	0
89.29	0
94.72	0
99.38	0
100.91	0
101.73	0
15.14	1
155.49	0
163.18	0
171.75	0
172.60	0
177.81	0
180.44	0
180.96	0
171.81	0
174.49	0
178.55	0
182.62	0
184.15	0
185.87	0
201.22	0
212.90	0
76.25	1
81.79	0
120.81	0
140.79	0
143.92	0
147.20	0
149.78	0
151.11	0
65.20	0
149.49	0
149.78	0
160.38	0
174.50	0
183.63	0
186.19	0
190.00	0
134.33	1
156.68	0
156.98	0
176.44	1
179.77	0
181.52	0
183.46	0
187.14	0
188.45	0
208.09	0
219.09	0
225.29	0
227.82	0
232.71	0
248.50	0
249.73	0
199.34	0
199.50	0
210.03	0
215.23	0
217.95	0
218.85	0
219.13	0
225.80	0
249.99	0
250.03	0
253.16	0
254.52	0
266.65	0
271.98	0
276.73	0
276.98	0
282.42	0
284.38	0
290.97	0
292.36	0
295.47	0
306.72	0
309.82	0
310.81	0
373.79	0
375.18	0
379.16	0
382.33	0
385.09	0
387.88	0
393.30	0
395.35	0
240.72	0
277.20	0
279.81	1
283.94	0
284.22	0
284.70	0
286.93	0
287.74	0
207.56	0
222.45	0
226.50	0
227.65	0
230.24	0
236.90	0
240.61	0
241.46	0
200.51	0
203.94	0
212.01	0
214.74	0
216.86	0
224.01	0
225.98	0
227.01	0
35.80	1
82.50	0
82.64	0
89.74	0
92.85	0
100.65	0
102.36	0
108.49	0
68.26	1
109.32	0
125.07	1
159.12	0
161.56	0
172.28	1
177.12	0
178.26	0
89.76	1
122.16	0
145.54	0
158.65	0
163.68	0
175.80	0
176.18	0
178.34	0
20.71	1
42.79	1
131.08	0
148.17	0
149.81	0
150.39	0
151.60	0
153.09	0
57.34	1
59.72	1
106.28	0
114.36	0
122.42	0
130.16	0
132.64	0
146.06	0
76.88	1
100.55	1
113.03	0
115.43	0
118.66	0
120.81	0
126.28	0
131.73	0
3.57	1
3.72	1
8.86	1
19.66	1
37.28	1
38.58	1
38.86	1
91.85	0
138.55	0
142.19	0
142.86	0
146.71	0
148.00	0
151.31	0
153.61	0
153.76	0
151.13	0
155.15	0
156.42	0
156.93	0
157.38	0
157.98	0
158.77	0
159.44	0
147.42	0
154.64	0
154.70	0
159.89	0
160.62	0
161.92	0
162.75	0
164.62	0
109.63	0
110.10	0
118.69	0
123.94	0
126.84	0
135.64	0
137.95	0
138.18	0
124.44	0
154.67	0
169.80	0
171.17	0
176.70	0
179.74	0
182.99	0
184.58	0
131.32	0
151.81	0
165.96	0
168.66	0
171.92	0
172.98	0
173.81	0
173.82	0
86.18	1
105.32	0
107.49	0
107.51	0
114.60	0
124.39	0
127.40	0
132.62	0
6.72	1
82.62	0
85.04	0
86.12	0
88.14	0
88.84	0
92.54	0
96.35	0
6.73	1
57.48	1
96.12	0
96.16	0
98.31	0
98.67	0
98.86	0
100.53	0
63.48	0
69.38	0
71.31	0
72.42	0
78.92	0
79.93	0
81.21	0
81.85	0
6.35	1
8.37	1
9.97	1
17.14	1
18.26	1
29.71	1
33.45	1
33.59	1
72.46	1
140.18	0
141.43	0
149.18	0
149.86	0
153.37	0
154.80	0
157.24	0
11.91	1
97.75	0
106.40	0
108.67	0
109.71	0
111.52	0
113.47	0
118.17	0
13.34	1
117.80	0
142.37	0
142.55	0
159.21	0
161.35	0
168.73	0
172.12	0
9.61	1
142.01	0
164.76	0
177.97	0
181.94	0
182.60	0
185.75	0
186.16	0
44.25	1
127.34	0
130.85	0
134.25	0
139.00	0
141.59	0
141.91	0
143.16	0
4.98	1
14.23	1
87.60	0
89.47	0
90.08	0
93.70	0
93.84	0
93.85	0
4.82	1
12.36	1
62.36	1
91.95	0
97.94	0
102.07	0
103.60	0
103.63	0
105.22	1
138.17	0
139.43	0
139.91	0
141.24	0
143.48	0
144.56	0
147.09	0
120.21	1
127.10	0
147.86	0
151.01	0
151.16	0
153.74	0
156.32	0
162.11	0
201.90	0
206.25	0
206.59	0
208.63	0
212.08	0
212.33	0
219.96	0
221.06	0
180.84	0
184.60	0
185.23	0
191.04	0
191.59	0
195.95	0
197.25	0
197.82	0
166.22	0
196.57	0
197.31	0
201.13	0
201.85	0
202.41	0
206.95	0
210.45	0
200.16	0
207.11	0
207.81	0
211.12	0
211.32	0
212.53	0
215.24	0
215.91	0
232.49	0
234.18	0
244.76	0
248.34	0
248.93	0
249.15	0
254.01	0
254.42	0
122.56	0
125.16	0
131.34	0
137.70	0
139.07	0
140.47	0
142.25	0
142.73	0
203.49	0
216.13	0
221.23	0
223.50	0
224.75	0
229.58	0
231.74	0
233.36	0
183.82	1
189.44	1
235.02	0
236.86	0
244.55	0
251.82	0
253.63	0
253.90	0
254.32	0
255.41	0
256.14	0
260.37	0
261.86	0
266.54	0
269.08	0
269.51	0
179.71	0
183.48	0
183.50	0
186.57	0
187.99	0
188.21	0
190.19	0
192.67	0
91.64	0
93.89	0
95.23	0
96.93	0
99.28	0
101.12	0
105.20	0
109.83	1
253.50	0
254.19	0
255.90	0
257.55	0
258.42	0
261.20	0
261.55	0
266.15	0
242.69	0
242.86	0
248.27	0
250.91	0
257.63	0
260.94	0
261.53	0
262.94	0
123.14	0
127.35	0
140.69	0
141.12	0
145.34	0
148.27	0
148.76	0
149.13	0
163.50	0
167.06	0
176.37	0
177.23	0
187.10	0
191.79	0
196.69	0
199.26	0
150.83	0
152.22	0
153.51	0
163.31	0
165.49	0
168.19	0
169.01	0
169.89	0
129.42	1
148.35	0
153.10	1
158.78	0
159.47	0
161.90	0
164.65	0
170.38	0
169.44	0
177.05	0
178.20	0
179.97	0
181.16	0
183.80	0
184.12	0
186.20	0
145.59	0
151.16	0
152.79	0
164.20	0
166.92	0
168.16	0
169.77	0
169.97	0
171.13	0
182.43	0
196.98	0
197.82	0
198.24	0
198.39	0
198.81	0
199.37	0
240.99	0
241.34	0
248.99	0
255.03	0
256.86	0
261.96	0
262.78	0
262.85	0
162.54	0
182.32	0
182.98	0
183.05	0
190.46	0
191.33	0
192.76	0
194.90	0
162.90	0
177.96	0
178.69	0
181.57	0
181.98	0
184.62	0
188.12	0
191.43	0
120.85	0
133.10	0
139.54	0
144.26	0
150.75	0
151.69	0
153.14	0
154.86	0
104.04	1
155.70	0
164.00	0
164.88	0
168.45	0
173.73	0
176.21	0
182.22	0
290.60	0
292.26	0
296.90	0
308.38	0
310.00	0
310.83	0
312.17	0
313.78	0
178.36	0
180.54	1
185.18	0
192.11	0
194.32	1
198.44	0
199.70	1
200.67	0
182.36	0
184.31	0
195.12	0
196.69	0
196.79	0
197.16	0
199.83	0
201.37	0
117.02	0
118.31	0
142.71	0
143.11	0
144.39	0
144.44	0
145.83	0
148.17	0
165.59	0
166.46	0
168.44	0
169.06	0
174.53	0
184.96	0
184.99	0
185.01	0
25.19	1
27.57	1
64.30	0
67.50	1
79.69	0
82.44	0
84.58	0
86.89	0
50.89	1
70.88	0
72.36	1
74.29	0
75.03	0
75.68	0
84.20	0
85.20	0
6.41	1
6.44	1
8.45	1
11.59	1
12.60	1
24.78	1
42.01	1
43.97	1
64.16	1
145.09	0
155.85	0
165.53	0
174.24	0
174.83	0
180.09	0
181.27	0
70.52	1
174.21	0
176.60	1
192.10	0
195.81	0
200.83	0
202.34	0
208.45	0
51.09	1
124.74	1
197.22	0
197.46	0
200.81	0
204.85	0
205.11	0
210.81	0
2.68	1
7.23	1
98.49	0
108.03	0
108.89	0
108.98	0
110.10	0
112.50	0
5.16	1
7.46	1
114.21	0
142.38	0
145.70	0
147.97	0
159.22	0
160.37	0
4.31	1
7.42	1
133.32	0
156.54	0
171.35	0
173.62	0
175.89	0
177.49	0
34.51	1
57.44	1
118.51	0
119.45	0
126.08	0
128.55	0
130.43	0
134.32	0
2.28	1
5.25	1
8.99	1
85.06	0
85.61	0
88.38	0
89.34	0
90.50	0
2.54	1
4.72	1
9.12	1
59.09	1
88.66	0
90.25	0
97.38	0
98.68	0
161.66	0
199.00	0
199.30	0
201.30	0
205.12	0
207.76	0
208.15	0
208.58	0
103.96	0
131.18	0
133.09	0
135.89	0
137.75	0
138.60	0
139.31	0
140.57	0
33.00	1
72.56	0
76.00	0
77.19	0
78.14	0
80.12	0
86.67	0
87.28	0
1.37	1
6.04	1
7.36	1
9.16	1
10.66	1
15.97	1
17.99	1
30.97	1
6.41	1
73.44	1
123.84	1
143.31	0
143.59	0
149.00	0
151.64	0
153.88	0
0.48	1
2.56	1
10.66	1
99.72	0
107.94	0
110.09	0
110.89	0
113.78	0
0.91	1
3.98	1
10.60	1
118.46	0
140.99	0
142.02	0
142.34	0
143.08	0
1.68	1
7.33	1
9.77	1
143.31	0
164.69	0
177.33	0
181.48	0
181.68	0
8.07	1
55.25	1
65.05	1
81.48	0
142.56	0
144.31	0
145.04	0
147.61	0
1.00	1
4.49	1
4.77	1
14.22	1
86.99	0
88.48	0
89.52	0
89.64	0
0.64	1
4.35	1
4.60	1
12.76	1
62.90	1
89.33	0
91.41	0
91.90	0
11.96	1
83.45	0
104.73	1
119.46	0
133.64	0
135.51	0
139.53	0
139.89	0
15.50	1
124.52	1
130.86	0
138.75	0
140.52	0
141.65	0
145.10	0
150.29	0
33.20	1
140.08	0
181.71	0
213.09	0
223.86	0
227.15	0
233.18	0
238.34	0
122.29	0
163.72	1
179.04	0
214.57	0
219.64	0
220.33	0
228.57	0
228.71	0
96.14	0
138.36	0
141.94	0
142.33	0
143.84	0
147.37	0
147.96	0
150.65	0
302.47	0
307.02	0
313.14	0
319.08	0
321.51	0
325.35	0
325.65	0
326.68	0
126.46	0
132.79	0
143.46	0
145.28	0
147.06	0
152.83	0
152.84	0
156.08	0
256.05	0
257.34	0
261.08	0
266.84	0
266.90	0
271.38	0
272.26	0
273.40	0
199.30	0
204.12	0
209.33	0
209.71	0
210.50	0
214.00	0
215.42	0
215.86	0
134.89	1
179.25	0
184.47	0
205.27	0
228.57	0
234.52	0
237.57	0
242.14	0
18.09	1
183.11	1
187.92	1
189.45	1
195.68	1
229.58	0
241.35	0
244.44	0
7.32	1
273.12	0
276.37	0
277.34	0
280.14	0
280.50	0
281.66	0
282.11	0
87.84	1
201.06	1
220.64	0
222.97	0
237.06	0
246.24	0
248.15	0
251.33	0
169.78	1
210.52	0
214.54	0
220.56	0
232.96	0
234.04	0
244.75	0
249.50	0
31.07	1
56.15	1
68.65	0
79.07	0
79.67	0
87.23	0
89.22	0
90.13	0
4.33	1
13.23	1
14.75	1
15.98	1
17.30	1
17.39	1
18.51	1
33.93	1
128.45	0
137.00	0
140.37	0
146.49	0
187.41	0
191.90	0
192.38	0
193.30	0
80.68	1
101.37	1
108.31	0
187.10	0
188.13	0
188.61	0
193.65	0
193.69	0
209.73	0
212.41	0
229.73	0
234.50	0
235.53	0
243.71	0
244.42	0
244.52	0
128.72	0
135.71	0
137.26	0
138.54	0
152.70	0
159.77	0
160.56	0
163.20	0
126.96	1
138.10	1
146.62	0
156.52	0
157.73	0
157.82	0
158.23	0
166.46	0
161.57	0
206.26	0
208.79	0
208.88	0
211.00	0
214.12	0
215.48	0
217.35	0
40.85	1
47.64	1
48.00	1
89.88	0
90.51	0
95.84	0
96.22	0
100.18	0
267.89	0
272.28	0
272.42	0
273.16	0
284.62	0
310.08	0
310.44	0
316.46	0
294.69	0
295.50	0
296.10	0
298.11	0
308.12	0
322.54	0
324.41	0
325.30	0
509.53	0
512.87	0
517.02	0
521.16	0
522.79	0
524.31	0
526.35	0
528.40	0
331.45	0
336.22	0
338.63	0
341.90	0
343.19	0
344.73	0
349.27	0
349.92	0
186.58	0
199.33	0
201.46	0
202.53	0
202.70	0
210.17	0
210.54	0
211.14	0
45.12	1
96.55	0
102.02	0
113.97	0
115.57	0
116.68	0
117.74	0
117.96	0
214.90	0
216.61	0
223.11	0
233.29	0
235.30	0
236.02	0
236.32	0
237.51	0
228.51	0
230.88	0
234.14	0
237.01	0
240.65	0
241.40	0
244.43	0
248.79	0
226.19	0
226.68	0
227.10	0
230.82	0
231.62	0
232.30	0
233.46	0
243.89	0
139.25	0
178.60	0
188.16	0
215.21	0
216.61	0
222.16	0
228.22	0
231.32	0
146.55	0
176.47	0
183.92	0
184.42	0
187.87	1
195.13	0
199.32	0
199.84	0
243.08	0
264.98	0
265.11	0
266.28	0
267.09	0
277.92	0
278.47	0
278.74	0
430.33	0
435.20	0
444.48	0
446.82	0
446.94	0
449.60	0
450.84	0
451.14	0
234.01	0
255.24	0
279.54	0
279.89	0
283.51	0
291.02	0
291.35	0
291.42	0
122.12	0
129.98	0
139.99	0
147.20	0
151.53	1
153.69	0
158.32	0
161.91	0
149.13	0
151.42	0
156.70	0
162.19	0
178.92	0
179.72	0
180.64	0
180.92	0
224.41	0
225.27	0
226.29	0
230.22	0
232.47	0
235.27	0
237.68	0
237.69	0
83.28	0
88.03	0
95.94	0
103.35	0
118.10	0
136.40	0
141.27	0
142.01	0
41.32	1
48.00	1
55.49	1
79.25	1
80.02	0
88.16	0
94.06	0
94.07	0
164.43	0
179.75	0
188.25	0
189.83	0
200.08	0
208.02	0
209.57	0
210.88	0
80.73	1
86.67	0
102.86	1
173.05	0
183.56	0
185.40	0
185.94	0
191.66	0
104.95	0
110.49	1
111.47	1
138.17	0
144.23	0
144.81	1
148.99	0
149.50	0
204.72	0
214.84	0
223.10	0
224.56	0
235.11	0
239.32	0
239.95	0
240.24	0
250.16	0
268.51	0
276.92	0
277.03	0
277.68	0
278.20	0
278.29	0
278.93	0
191.60	0
193.99	0
210.07	0
218.63	0
222.82	0
223.12	0
223.38	0
226.18	0
173.76	0
174.59	0
175.42	0
176.04	0
179.57	0
183.38	0
183.81	0
184.87	0
205.02	0
205.21	0
205.42	0
216.99	0
218.84	0
220.93	0
222.26	0
225.33	0
321.79	0
330.73	0
334.23	0
336.48	0
338.12	0
338.31	0
338.76	0
339.80	0
343.70	0
361.44	0
379.36	0
380.68	0
382.64	0
382.87	0
386.96	0
391.17	0
69.61	1
104.05	0
105.71	0
108.07	0
108.95	0
109.23	0
110.43	0
113.97	0
165.69	0
167.45	0
168.76	0
168.98	0
170.46	0
173.76	0
177.25	0
177.78	0
149.18	1
153.71	0
159.23	1
162.12	0
180.55	0
182.54	0
183.17	0
184.66	0
197.78	0
199.85	0
201.10	0
204.11	0
226.00	0
226.71	0
227.64	0
229.26	0
120.83	1
123.76	1
128.88	1
132.36	1
147.82	0
160.12	0
170.10	0
171.83	0
135.03	0
137.73	0
142.73	0
145.34	0
145.58	0
147.25	0
148.62	0
149.41	0
138.58	1
142.97	0
145.36	0
159.01	0
160.32	1
160.66	0
173.92	0
174.03	1
245.54	0
248.93	0
249.33	0
249.36	0
249.63	0
254.40	0
256.18	0
256.44	0
89.45	0
97.11	1
104.48	1
104.67	0
104.99	0
105.60	1
114.70	0
122.50	0
107.42	0
112.69	1
128.67	1
136.36	0
146.15	1
146.91	0
147.78	0
149.78	0
170.90	0
175.66	0
184.13	0
184.20	0
184.72	0
198.15	0
199.10	0
199.18	0
42.58	1
44.40	1
52.97	1
76.90	0
81.90	0
91.31	0
92.27	0
93.00	1
12.83	1
14.72	1
17.54	1
20.25	1
20.41	1
21.95	1
24.49	1
25.55	1
59.15	0
83.87	0
144.59	0
145.36	0
145.99	0
146.70	0
147.66	0
148.42	0
110.45	0
141.95	0
156.18	0
185.10	0
190.82	0
192.92	0
214.22	0
217.14	0
24.00	1
50.00	1
81.11	1
82.66	1
150.17	0
155.95	0
157.65	0
160.09	0
2.22	1
3.52	1
6.16	1
7.32	1
104.14	0
107.73	0
113.15	0
115.99	0
1.77	1
5.43	1
8.47	1
11.06	1
124.30	0
154.41	0
154.61	0
155.37	0
2.58	1
3.20	1
5.80	1
6.56	1
134.27	0
155.79	0
169.27	0
173.74	0
72.01	1
75.00	1
93.64	1
100.75	1
168.89	0
169.31	0
169.83	0
171.91	1
0.95	1
2.06	1
4.86	1
5.51	1
7.69	1
83.80	0
85.52	0
87.66	0
0.77	1
2.23	1
4.50	1
4.88	1
7.21	1
56.89	1
85.75	0
87.12	0
210.36	0
218.21	0
232.91	0
235.67	0
236.40	0
237.94	0
238.98	0
242.95	0
36.50	1
37.74	1
78.24	0
78.90	0
79.98	0
82.89	0
84.18	0
85.67	0
1.53	1
1.69	1
4.54	1
6.73	1
8.34	1
11.04	1
17.11	1
18.16	1
9.14	1
12.06	1
70.56	1
76.28	1
123.66	1
129.29	0
132.54	0
138.95	0
3.02	1
3.90	1
4.48	1
5.10	1
6.95	1
105.43	0
111.21	0
113.42	0
4.99	1
5.11	1
7.05	1
7.47	1
8.40	1
124.97	0
148.93	0
149.29	0
8.51	1
12.17	1
14.93	1
21.22	1
22.17	1
158.21	0
180.27	0
189.83	0
12.64	1
21.45	1
69.93	1
78.36	1
87.35	0
94.93	0
103.04	1
166.42	0
1.41	1
2.08	1
5.06	1
5.49	1
6.03	1
14.66	1
90.56	0
90.71	0
1.27	1
1.81	1
4.73	1
5.03	1
5.52	1
12.67	1
61.79	1
89.14	0
12.45	1
15.79	1
79.77	0
86.14	1
87.30	0
97.90	1
112.47	0
122.78	0
20.14	1
22.40	1
127.91	1
138.34	0
143.20	0
145.71	0
146.96	0
149.66	0
27.05	1
40.70	1
96.13	1
97.23	1
124.30	0
168.65	0
169.36	0
179.45	0
49.82	1
52.77	1
71.76	1
75.00	1
89.53	0
92.37	0
97.68	1
98.13	0
2.68	1
3.79	1
4.73	1
4.87	1
5.59	1
5.86	1
5.89	1
11.51	1
119.23	0
187.90	0
188.99	0
189.46	0
190.25	0
193.60	0
201.16	0
215.37	0
170.72	0
183.84	0
192.52	0
193.13	0
195.65	0
204.78	0
205.16	0
206.75	1
85.93	1
128.23	1
134.93	1
140.66	1
158.56	0
174.71	1
179.15	0
193.50	0
115.63	0
179.84	0
181.44	0
190.86	0
203.14	0
221.92	0
231.94	0
236.32	0
92.15	0
131.91	0
132.88	0
137.59	1
141.60	0
143.01	1
143.76	0
147.90	0
91.27	0
109.70	1
132.86	0
136.86	0
150.51	1
175.81	0
176.13	0
180.41	1
112.46	0
115.76	0
130.90	0
133.37	0
135.76	1
136.80	0
139.65	0
140.16	0
116.09	1
122.54	1
142.21	0
143.60	1
148.96	0
150.56	1
153.29	0
159.59	1
147.58	0
151.08	0
155.29	0
166.55	0
185.73	1
194.52	0
200.47	0
204.91	0
102.80	1
161.75	0
171.26	0
171.89	0
174.04	0
175.25	0
178.31	0
179.45	0
104.99	1
159.09	0
193.23	0
196.50	0
196.63	0
196.73	0
196.89	0
196.94	0
181.12	0
193.16	0
193.95	0
199.78	0
200.24	0
205.07	0
211.35	0
211.82	0
175.83	0
178.37	0
183.95	0
187.45	0
187.88	0
191.43	0
192.91	0
193.25	0
58.27	1
65.89	1
75.86	1
94.68	0
98.04	0
102.53	0
105.04	0
105.47	0
175.91	1
192.80	0
193.74	0
195.41	0
206.03	0
207.34	0
210.01	0
210.98	0
180.66	0
187.71	0
189.92	0
190.75	0
191.06	0
194.79	0
194.85	0
195.18	0
227.30	0
231.81	0
240.15	0
240.83	0
241.31	0
244.67	0
249.43	0
251.65	0
150.40	0
150.78	0
166.23	0
173.19	0
174.68	0
179.15	0
197.04	0
199.46	0
199.17	0
203.48	0
221.17	0
221.56	0
221.66	0
221.99	0
222.62	0
222.72	0
18.63	1
25.64	1
25.68	1
26.72	1
60.60	1
65.44	0
66.29	0
75.54	0
132.43	0
184.62	0
192.93	0
199.61	0
200.40	0
203.08	0
208.85	0
211.91	0
230.78	0
231.65	0
232.64	0
233.50	0
233.50	0
233.59	0
234.71	0
235.43	0
136.16	1
154.14	0
156.71	0
158.68	0
161.14	0
162.27	0
163.73	0
164.23	0
128.18	1
128.71	1
135.93	0
137.58	0
139.07	0
140.23	0
142.52	0
143.05	0
235.50	0
257.99	0
264.12	0
264.59	0
265.40	0
265.75	0
266.78	0
267.03	0
199.94	0
202.76	0
204.57	0
206.21	0
206.34	0
206.49	0
208.81	0
209.23	0
220.63	0
220.90	0
221.19	0
222.00	0
222.14	0
222.84	0
224.52	0
224.93	0
57.66	1
66.76	1
70.00	1
99.49	0
106.83	0
106.91	0
108.16	0
110.34	0
207.40	1
208.52	0
209.65	0
210.16	1
210.65	0
211.57	1
211.64	0
213.23	1
245.23	0
259.86	0
264.20	0
270.48	0
277.35	0
277.41	0
284.24	0
287.21	0
241.30	0
244.36	0
248.72	0
257.94	0
260.77	0
261.39	0
266.08	0
267.38	0
27.95	1
31.01	1
33.92	1
45.80	1
71.93	0
75.58	0
78.77	0
82.04	0
178.12	0
200.46	0
204.50	0
209.67	0
210.28	0
211.93	0
212.10	0
212.57	0
52.25	1
55.94	1
59.82	1
63.75	1
69.45	1
79.69	0
85.12	1
87.95	0
106.16	1
131.14	0
139.56	0
140.43	0
149.54	0
155.61	0
156.83	0
157.34	0
140.34	0
257.63	0
272.42	0
272.84	0
275.72	0
282.06	0
282.43	0
282.87	0
105.19	1
153.57	0
158.27	1
162.48	1
174.86	1
176.51	0
184.18	0
184.23	0
42.23	1
114.22	0
171.10	0
174.90	0
179.79	0
181.19	0
185.99	1
190.99	0
32.97	1
42.37	1
45.27	1
54.14	1
69.70	1
82.87	0
83.63	0
85.86	0
4.73	1
5.15	1
6.65	1
7.48	1
7.61	1
9.36	1
9.87	1
11.19	1
140.23	0
155.22	0
157.24	0
171.39	0
172.40	0
181.09	0
183.97	0
189.22	0
230.34	1
233.04	0
233.62	0
240.63	1
242.06	1
251.25	0
268.66	1
276.26	1
281.29	0
312.81	0
314.00	0
314.18	0
318.96	0
324.57	0
324.79	0
324.96	0
104.06	1
133.16	0
133.39	0
143.99	0
147.84	0
150.46	0
150.76	0
155.27	0
156.60	0
182.92	0
183.61	0
189.04	0
189.06	0
189.07	0
189.46	0
190.55	0
127.45	0
127.46	1
139.18	1
164.02	0
169.61	1
170.24	1
182.39	0
185.58	0
80.22	0
92.34	1
104.31	1
114.99	0
141.28	0
170.31	0
171.55	1
174.13	0
191.80	0
199.93	0
201.78	0
202.68	0
204.84	0
206.05	0
208.12	0
208.38	0
231.86	0
239.72	0
250.61	0
251.19	0
253.91	0
255.96	0
259.75	0
260.04	0
112.77	1
120.97	0
124.43	0
125.13	0
128.01	0
131.68	1
131.75	0
132.00	0
77.92	0
115.24	0
124.89	0
143.53	1
155.37	1
157.98	0
165.63	1
168.00	0
70.45	1
115.53	1
154.55	0
184.97	0
190.96	0
193.37	0
195.17	0
198.05	0
14.12	1
20.92	1
168.53	1
170.38	1
171.65	1
171.86	1
173.26	1
173.44	1
5.49	1
10.11	1
248.23	0
250.97	0
251.16	0
253.47	0
253.47	0
254.58	0
56.27	1
109.85	1
142.20	1
179.83	0
184.85	0
194.78	0
197.80	0
198.47	0
120.41	0
130.94	1
134.48	0
137.81	0
140.01	0
141.18	0
141.40	0
142.58	0
129.83	1
165.28	0
176.27	1
184.06	0
188.10	0
188.14	0
190.12	0
194.08	1
70.89	1
81.72	0
120.16	0
126.02	0
126.74	0
145.01	0
162.77	0
172.37	0
28.15	1
86.46	0
132.53	0
153.77	0
154.08	0
155.43	0
160.33	0
166.76	0
85.09	0
114.38	0
125.91	0
140.54	0
156.03	0
165.40	0
169.10	0
170.54	0
154.23	0
216.81	0
223.23	0
229.21	0
229.84	0
234.68	0
238.54	0
240.54	0
170.09	0
170.36	0
176.83	0
179.89	0
180.07	0
180.24	0
181.59	0
183.35	0
77.13	1
103.31	0
103.72	0
106.55	0
109.09	0
110.91	0
112.52	1
113.04	0
59.85	1
223.51	0
234.68	0
237.33	0
237.48	0
240.02	0
253.10	0
258.12	0
85.31	0
151.12	0
152.06	0
162.44	0
166.07	0
168.09	0
169.00	0
174.87	0
76.01	1
148.98	0
161.43	0
167.54	0
172.90	0
175.99	0
181.16	0
185.40	0
15.01	1
219.22	0
220.04	0
220.49	0
220.86	0
221.47	0
223.16	0
225.11	0
163.44	0
170.28	0
171.09	0
171.53	0
171.85	0
172.41	0
172.83	0
173.26	0
177.23	0
182.29	0
184.14	0
187.40	0
188.30	0
188.73	0
189.13	0
189.45	0
91.62	0
94.11	0
94.97	0
97.73	0
102.56	0
104.26	0
106.48	0
106.72	0
179.78	0
191.92	0
196.87	0
198.09	0
199.52	0
200.90	0
210.78	0
213.18	0
264.82	0
270.45	0
270.57	0
275.36	0
275.52	0
278.37	0
278.70	0
282.40	0
264.03	0
276.48	0
278.43	0
281.51	0
283.20	0
285.23	0
287.20	0
288.53	0
201.06	0
203.24	0
211.22	0
218.64	0
219.51	0
220.86	0
224.65	0
225.34	0
186.38	1
237.38	0
245.73	0
247.96	0
256.17	0
263.31	0
268.10	0
268.52	0
38.18	1
121.90	1
171.02	0
178.38	1
189.97	0
201.84	1
203.10	1
203.80	0
19.14	1
45.81	1
121.40	0
169.12	0
173.84	0
175.70	1
189.65	0
189.79	0
107.60	1
148.96	1
155.65	1
161.88	0
162.98	1
163.21	1
175.42	1
176.65	0
3.24	1
8.00	1
8.26	1
10.06	1
10.88	1
11.04	1
11.47	1
11.60	1
29.83	1
62.56	0
79.52	0
131.25	0
132.92	0
134.31	0
140.82	0
141.12	0
124.13	0
138.26	0
148.09	0
155.19	0
158.01	0
159.96	1
177.96	0
183.71	0
35.06	1
50.43	1
64.77	1
103.79	1
108.47	1
108.88	1
171.84	0
182.64	0
1.22	1
2.92	1
3.01	1
4.28	1
5.33	1
6.11	1
103.56	0
109.54	0
1.78	1
2.70	1
5.08	1
5.54	1
7.60	1
9.62	1
126.24	0
152.38	0
2.15	1
3.51	1
4.12	1
5.86	1
6.59	1
15.57	1
138.37	0
159.85	0
63.66	1
66.67	1
82.96	1
92.16	1
98.73	1
100.73	1
145.77	0
145.84	0
1.46	1
1.66	1
2.44	1
3.85	1
4.30	1
4.53	1
8.92	1
83.45	0
1.78	1
2.01	1
2.83	1
3.79	1
4.00	1
4.25	1
9.12	1
58.19	1
118.67	1
175.22	0
176.31	0
176.87	0
178.23	0
181.46	0
183.24	0
187.39	0
234.07	0
239.29	0
244.02	0
246.84	0
248.83	0
250.52	0
252.47	0
252.48	0
24.15	1
31.79	1
35.35	1
72.65	0
73.64	0
75.77	0
78.63	0
81.06	0
0.50	1
1.70	1
1.78	1
4.26	1
4.62	1
6.39	1
8.05	1
11.16	1
139.79	0
139.81	1
155.00	0
160.30	0
163.20	0
174.78	0
177.22	0
187.60	0
157.14	0
158.87	0
159.04	0
160.85	0
161.54	0
161.57	0
161.63	0
162.40	0
192.26	0
211.00	0
215.43	0
218.60	0
219.13	0
219.70	0
223.15	0
224.90	0
122.35	0
124.55	0
125.96	0
127.63	0
128.75	0
129.92	0
130.35	0
133.10	0
243.05	0
245.26	0
251.50	0
266.01	0
267.38	0
269.95	0
270.55	0
271.64	0
250.60	0
256.17	0
258.06	0
261.48	0
264.27	0
267.78	0
269.14	0
269.33	0
250.72	0
252.57	0
255.34	0
257.62	0
259.81	0
261.82	0
265.82	0
267.36	0
233.37	0
233.53	0
233.64	0
234.18	0
234.79	0
235.45	0
235.64	0
241.40	0
129.25	0
131.79	0
141.84	0
149.30	0
153.43	0
155.57	0
159.02	0
159.07	0
305.36	0
312.60	0
314.28	0
323.66	0
325.97	0
334.53	0
342.72	0
347.53	0
265.80	0
285.56	0
286.79	0
290.46	0
290.55	0
292.48	0
293.22	0
298.62	0
298.53	0
305.71	0
311.25	0
314.11	0
320.91	0
327.60	0
328.14	0
328.91	0
234.99	0
236.07	0
236.81	0
237.93	0
240.69	0
240.90	0
241.42	0
243.44	0
131.23	1
133.37	0
136.13	0
143.50	0
148.70	1
149.85	0
151.71	0
153.46	1
264.24	0
268.91	0
273.68	0
276.79	0
277.30	0
277.73	0
278.38	0
278.79	0
138.72	0
142.76	0
146.77	0
152.77	0
159.91	0
162.05	0
163.24	0
163.30	0
133.39	0
137.65	0
142.32	0
147.04	1
148.53	0
158.95	1
159.32	0
164.29	1
192.06	0
194.55	0
195.63	0
201.65	0
206.46	0
210.51	0
210.57	0
210.71	0
69.34	1
75.06	1
79.64	1
88.72	1
92.57	1
98.74	1
111.40	0
113.08	0
105.76	0
109.49	1
119.58	0
123.99	0
125.88	0
129.59	0
130.57	0
133.65	0
265.76	0
290.93	0
294.07	0
294.07	0
298.17	0
302.61	0
303.93	0
306.62	0
200.94	0
218.44	0
221.65	0
226.70	0
229.79	0
231.67	0
233.31	0
235.20	0
186.03	0
187.49	0
193.81	0
194.45	0
198.30	0
199.89	0
204.06	0
204.55	0
143.97	0
154.62	0
159.39	0
163.57	0
167.31	0
168.01	0
168.93	0
172.12	0
116.28	1
116.42	1
119.38	0
120.98	0
128.91	0
129.38	1
132.01	1
138.99	0
62.15	1
64.65	1
67.13	1
67.84	1
94.39	1
104.79	0
156.07	0
169.16	0
35.88	1
37.16	1
45.70	1
46.97	1
49.23	1
52.83	1
71.16	0
77.96	0
1.63	1
2.97	1
3.43	1
3.85	1
5.12	1
5.52	1
5.52	1
5.70	1
109.16	0
137.07	0
160.80	0
171.02	0
176.81	0
182.06	0
188.46	0
196.54	0
326.75	0
333.80	0
340.61	0
342.42	0
346.88	0
361.72	0
376.77	0
379.90	0
181.58	0
184.08	1
202.93	0
208.65	0
211.45	0
212.09	0
214.54	1
218.68	0
191.29	0
201.72	0
217.07	0
222.57	0
230.82	0
232.08	0
232.38	1
234.97	0
157.44	1
174.16	1
174.77	1
181.53	0
194.77	0
197.70	1
206.05	1
211.82	0
128.72	1
166.66	1
178.65	0
190.65	0
193.10	0
197.36	0
198.95	0
204.04	1
89.86	0
99.06	0
110.64	0
137.99	0
143.87	0
151.26	0
167.50	0
179.32	0
46.12	1
47.59	1
49.32	1
54.17	1
57.25	1
66.46	0
99.96	1
101.35	0
35.59	1
114.82	0
123.47	1
127.79	0
129.41	0
136.28	1
144.88	1
145.12	0
26.18	1
58.32	1
61.16	1
66.49	1
80.58	1
99.58	1
103.54	0
140.40	0
112.75	1
137.20	0
144.60	0
147.39	0
147.97	0
147.98	1
152.07	0
152.08	0
73.47	1
120.92	1
128.37	1
141.77	1
145.24	0
155.85	1
160.60	0
173.23	0
130.17	0
139.64	0
141.90	0
144.62	0
145.35	0
146.55	0
150.36	0
152.18	0
162.76	0
167.07	0
170.03	0
170.43	0
171.13	0
172.24	0
172.40	0
172.57	0
70.99	1
72.75	0
73.29	1
98.31	0
100.33	0
103.52	0
106.48	0
108.16	0
223.93	0
227.13	0
233.16	0
235.49	0
236.91	0
238.56	0
239.60	0
240.60	0
182.27	1
196.08	0
201.89	0
206.49	0
210.87	0
211.51	0
240.00	0
243.64	0
102.84	0
191.59	0
244.47	0
248.95	0
263.57	0
271.55	1
274.12	0
274.25	0
118.89	1
216.85	0
231.16	0
246.71	0
253.62	0
254.67	0
255.96	0
256.06	0
33.82	1
136.32	0
138.23	0
140.89	0
141.31	0
144.14	0
153.00	0
154.42	0
91.09	1
120.58	0
147.72	0
151.13	1
153.44	0
158.88	0
160.00	0
160.45	1
33.41	1
154.91	0
158.35	0
158.82	0
165.07	0
165.91	0
168.00	0
170.88	0
63.93	0
104.77	0
113.35	0
118.14	0
122.74	1
125.13	0
127.44	0
130.48	0
252.31	0
254.28	0
255.11	0
256.02	0
256.09	0
259.60	0
262.66	0
263.09	0
21.70	1
22.57	1
27.72	1
30.48	1
40.76	1
45.40	1
59.46	1
68.36	1
71.06	1
111.81	0
117.02	0
118.49	0
128.70	1
142.91	0
143.46	0
148.67	0
109.38	1
262.46	0
271.83	0
273.54	0
282.28	0
288.27	0
291.38	0
295.37	0
158.28	0
193.90	0
215.90	0
225.42	0
236.49	0
236.72	0
239.38	0
240.14	0
100.93	0
102.51	0
107.50	0
114.87	0
121.65	0
124.57	0
125.59	0
130.13	0
122.89	0
127.84	0
137.66	0
137.67	0
138.36	0
145.30	0
145.37	0
145.44	0
22.13	1
30.47	1
34.17	1
44.16	1
47.68	1
48.18	1
56.45	0
62.63	1
1.50	1
2.70	1
3.25	1
3.35	1
4.46	1
5.45	1
6.72	1
6.83	1
172.85	0
174.72	0
184.86	0
185.42	0
186.75	0
195.20	0
195.64	0
204.06	0
166.78	0
231.84	0
232.55	0
233.83	0
236.32	0
236.81	0
239.01	0
240.26	0
142.51	0
258.12	0
258.34	0
260.28	0
261.61	0
263.67	0
264.61	0
266.97	0
132.36	1
132.75	1
137.49	1
150.20	0
158.10	0
163.75	0
163.89	0
165.15	0
200.27	0
202.31	0
209.34	0
210.09	0
210.77	0
211.57	0
211.78	0
211.83	0
26.85	1
28.25	1
31.77	1
32.81	1
41.66	1
50.87	1
91.70	0
91.80	0
174.88	0
209.74	0
213.81	0
216.05	0
237.19	0
247.66	0
250.50	0
250.82	0
88.12	0
140.47	0
222.92	0
237.35	0
238.04	0
240.59	0
241.95	0
244.19	0
210.85	0
227.19	0
233.33	0
235.23	0
236.67	0
238.76	0
240.34	0
241.00	0
251.67	0
253.13	0
263.50	0
263.85	0
268.00	0
268.21	0
269.17	0
269.40	0
235.83	0
237.53	0
237.55	0
237.61	0
238.86	0
239.34	0
240.65	0
241.70	0
124.91	0
128.93	0
129.02	1
137.12	1
147.78	1
150.47	0
151.96	0
155.80	1
78.29	1
171.38	0
182.06	0
186.76	0
188.71	0
188.76	0
191.15	1
195.44	0
72.70	1
77.43	1
78.74	1
80.09	1
91.40	1
100.55	1
104.88	1
105.82	0
38.75	1
44.31	1
71.52	1
78.26	1
83.75	1
85.53	1
88.20	1
146.56	0
2.78	1
3.08	1
3.14	1
7.03	1
7.16	1
8.29	1
14.37	1
99.15	0
5.40	1
5.54	1
6.51	1
10.18	1
10.82	1
12.22	1
16.40	1
123.18	0
8.80	1
9.99	1
11.21	1
11.94	1
11.96	1
15.02	1
17.99	1
151.05	0
51.34	1
54.80	1
58.01	1
64.36	1
64.95	1
92.08	1
100.44	1
150.14	0
4.54	1
5.02	1
5.50	1
6.00	1
6.49	1
6.76	1
7.01	1
14.00	1
3.13	1
3.32	1
3.59	1
3.68	1
4.25	1
4.27	1
4.50	1
11.44	1
67.73	1
80.58	1
86.26	1
87.75	0
93.73	0
94.31	0
96.73	0
101.65	0
257.78	0
286.45	0
287.06	0
287.35	0
289.60	0
293.50	0
298.96	0
304.62	0
128.99	0
141.35	0
155.24	0
172.48	0
196.96	0
197.23	0
201.08	0
201.45	0
136.32	0
180.00	0
192.50	0
193.11	0
195.66	0
204.03	0
210.89	0
212.45	0
256.28	0
258.30	0
258.44	0
259.65	0
260.88	0
260.95	0
261.05	0
261.54	0
203.99	0
206.16	0
208.44	0
213.10	0
213.47	0
216.16	0
216.56	0
219.08	0
91.19	1
93.69	0
104.10	0
107.08	0
107.93	0
108.36	0
113.71	0
114.01	1
371.75	0
372.22	0
372.30	0
373.83	0
375.01	0
377.06	0
377.22	0
380.23	0
365.04	1
369.79	0
396.16	1
398.96	1
401.30	0
401.48	0
401.95	1
402.45	1
272.29	1
322.02	0
326.79	0
343.51	0
349.25	0
350.40	0
352.09	0
354.31	0
88.13	1
102.93	1
112.63	0
114.21	0
118.83	0
119.01	0
120.43	0
122.27	1
385.75	0
395.94	0
400.08	0
402.03	0
404.45	1
408.97	0
409.59	0
410.64	0
552.91	1
622.45	0
624.41	0
627.03	0
632.31	0
638.88	0
640.11	0
644.30	0
495.92	1
688.33	0
694.61	0
706.66	0
708.96	0
710.25	0
710.32	0
710.44	0
456.71	1
762.88	0
785.07	0
789.83	0
794.21	0
794.57	0
795.02	0
796.69	0
354.67	1
388.84	0
396.18	0
400.38	0
421.32	0
425.01	0
428.74	0
429.31	0
279.99	0
285.43	0
291.64	0
299.16	0
308.10	0
315.01	0
323.36	0
324.79	0
339.83	0
361.25	0
366.32	0
368.55	0
368.62	0
371.60	0
372.53	0
373.14	0
312.97	0
313.25	0
314.67	0
317.50	0
318.60	0
318.84	0
320.62	0
320.82	0
282.58	0
287.01	0
288.52	0
292.24	0
296.75	0
297.63	0
297.76	0
298.29	0
246.38	1
357.75	0
366.42	0
367.44	0
369.61	0
369.67	0
370.49	0
371.41	0
346.21	0
374.16	1
382.01	0
384.25	0
396.79	0
400.86	1
405.11	1
407.92	0
306.55	1
311.10	1
334.34	1
355.34	1
369.38	0
370.24	0
382.22	0
382.74	0
136.66	1
138.40	1
178.36	1
182.31	1
182.62	1
194.65	1
196.33	1
197.34	1
9.98	1
11.13	1
11.42	1
12.03	1
12.55	1
13.88	1
15.28	1
15.52	1
78.77	1
113.47	0
116.56	0
119.98	0
122.69	0
125.36	0
130.05	0
132.33	0
148.11	0
148.94	0
152.15	0
153.25	0
156.63	0
158.11	0
158.81	0
169.85	0
150.93	0
153.65	0
153.73	0
155.42	0
156.07	0
157.46	0
161.63	0
164.42	0
143.83	0
145.93	0
151.69	0
152.29	0
153.20	0
154.15	0
159.34	0
159.48	0
141.26	0
142.95	0
148.24	0
153.50	0
155.36	0
156.45	0
162.68	0
163.05	0
185.91	0
194.17	0
196.04	0
202.32	0
203.63	0
203.86	0
204.15	0
204.26	0
79.14	0
80.23	0
80.46	0
84.65	0
87.50	0
88.12	0
89.66	0
92.95	0
127.16	0
129.36	0
132.50	0
133.39	0
134.24	0
136.01	0
137.26	0
138.10	0
132.26	0
133.13	0
136.19	0
139.61	0
139.85	0
140.99	0
142.47	0
142.60	0
96.21	0
96.40	0
96.84	0
97.59	0
99.61	0
100.33	0
100.69	0
102.59	1
134.46	0
139.01	0
143.77	0
144.20	0
144.68	0
145.83	0
146.84	0
147.14	0
114.15	0
115.37	0
121.14	0
122.62	0
122.78	0
123.18	0
125.57	0
130.27	0
75.78	0
78.17	0
78.90	0
83.53	0
85.77	0
86.24	0
87.13	0
89.05	0
133.32	0
133.70	0
135.64	0
137.77	0
138.41	0
138.96	0
139.09	0
139.65	0
109.09	0
115.43	0
118.03	0
123.82	0
124.68	0
125.39	0
127.20	0
127.45	0
103.78	0
107.53	0
107.96	0
114.93	0
114.95	0
115.38	0
117.77	0
119.24	0
89.95	0
97.74	0
98.83	0
101.11	0
103.73	0
111.35	0
112.38	0
112.96	0
84.53	0
85.18	0
85.59	0
86.35	0
86.72	0
89.89	0
91.94	0
92.20	0
87.31	0
87.70	0
88.29	0
88.39	0
88.67	0
89.07	0
89.67	0
90.44	0
95.74	0
99.54	0
101.61	0
102.13	0
103.30	0
104.63	0
108.82	0
110.22	0
219.36	0
223.63	0
224.20	0
227.82	0
228.72	0
233.13	0
233.33	0
234.06	0
219.63	0
222.74	0
227.20	0
229.47	0
251.51	0
251.85	0
252.61	0
254.47	0
90.47	1
91.08	1
96.10	1
108.93	1
110.42	1
112.08	0
113.09	1
113.17	0
21.35	1
23.05	1
23.21	1
24.11	1
24.59	1
24.63	1
24.80	1
25.23	1
193.05	0
217.62	0
220.86	0
224.77	0
225.77	0
225.91	1
226.60	0
228.35	0
167.03	0
168.41	0
174.77	0
178.98	0
180.50	0
180.65	0
183.00	0
183.27	0
196.30	0
196.76	0
197.64	0
198.54	0
199.11	0
200.38	0
201.12	0
201.36	0
87.17	0
93.23	0
98.36	0
99.22	0
99.76	0
102.89	0
103.07	0
109.36	0
20.24	1
21.30	1
29.57	1
32.26	1
35.98	1
56.96	0
58.36	1
71.90	1
148.39	0
149.67	0
152.07	0
155.68	0
156.30	0
157.65	0
157.98	0
160.61	0
119.38	0
119.88	0
120.13	0
125.23	0
126.56	0
127.91	0
130.87	0
133.15	0
152.97	0
154.35	0
157.76	0
159.96	0
161.31	0
161.37	0
161.70	0
162.31	0
90.66	0
90.96	0
102.38	0
105.02	0
105.94	0
108.48	0
113.11	0
113.94	0
171.69	0
173.03	0
173.28	0
179.79	0
180.45	0
182.01	0
183.32	0
183.43	0
83.33	1
97.87	0
99.18	1
99.19	0
100.67	1
101.89	0
102.98	0
104.98	0
151.97	0
161.77	0
163.15	0
164.46	0
164.95	0
172.70	0
173.05	0
177.92	0
124.19	0
125.58	0
130.89	0
135.25	0
135.55	0
139.59	0
140.90	0
141.11	0
89.68	0
95.60	0
97.43	0
98.63	0
99.96	0
103.40	0
104.72	0
110.67	0
15.12	1
16.02	1
26.69	1
29.10	1
30.54	1
55.28	0
57.46	1
67.72	1
155.38	0
161.76	0
162.80	0
165.08	0
167.54	0
168.76	0
169.22	0
171.04	0
117.58	0
122.49	0
124.28	0
131.10	0
131.88	0
132.74	0
135.10	0
138.97	0
156.87	0
159.12	0
159.61	0
163.72	0
165.65	0
167.25	0
168.41	0
169.97	0
113.89	0
135.52	0
135.94	0
137.99	0
142.63	0
142.74	0
143.28	0
149.57	0
128.03	1
149.28	0
150.64	0
152.33	0
155.98	0
157.24	0
160.29	0
160.45	0
171.88	0
171.89	0
172.43	0
180.60	0
184.35	0
185.83	0
187.05	0
187.36	0
137.70	0
138.52	0
148.27	0
150.99	0
151.19	0
154.75	0
155.02	0
156.82	0
105.62	0
111.06	0
111.46	0
111.51	0
114.43	0
119.34	0
119.58	0
121.27	0
144.28	0
144.41	0
151.62	0
153.26	0
154.27	0
163.48	0
164.34	0
166.60	0
104.14	0
109.78	0
111.57	0
116.68	0
120.33	0
121.37	0
121.41	0
123.11	0
230.38	0
232.71	0
232.82	0
233.51	0
233.61	0
234.80	0
235.89	0
236.62	0
156.87	0
166.32	0
181.20	0
182.69	0
185.52	0
187.98	0
190.97	0
191.06	0
407.90	0
410.55	0
414.01	0
417.20	0
418.43	0
419.49	0
419.66	0
419.69	0
218.56	0
218.95	0
221.10	0
221.39	0
221.95	0
225.22	0
226.26	0
226.35	0
354.26	0
359.36	0
361.23	0
361.91	0
364.12	0
364.41	0
364.52	0
365.38	0
730.08	0
731.07	0
737.54	0
744.75	0
757.82	0
758.48	0
758.51	0
759.76	0
160.67	0
162.59	0
163.58	0
168.32	0
171.44	0
172.41	0
173.88	0
173.92	0
59.24	0
64.53	0
65.10	0
70.56	0
71.18	0
76.48	0
79.41	0
79.46	0
25.11	1
44.98	1
47.34	0
47.96	1
50.82	0
62.80	0
64.60	0
69.91	0
27.69	1
48.64	1
49.14	0
51.62	1
51.79	0
63.39	0
66.69	0
69.35	0
141.11	0
148.24	0
153.55	0
156.76	0
157.31	0
160.42	0
161.45	0
164.95	0
348.22	0
348.36	0
350.47	0
350.52	0
351.55	0
352.17	0
352.98	0
355.52	0
535.05	1
538.37	0
543.65	1
549.08	0
552.58	0
555.09	1
556.42	0
557.23	0
275.56	0
284.20	0
284.34	0
284.55	0
284.83	0
286.86	0
287.58	0
287.81	0
151.43	0
160.89	0
174.97	0
175.44	0
176.94	0
184.49	0
184.77	0
185.42	0
429.89	0
432.40	0
434.77	0
435.99	0
439.01	0
439.53	0
440.72	0
441.70	0
210.75	0
210.97	0
212.90	0
215.84	0
216.47	0
217.45	0
218.38	0
219.68	0
384.06	0
386.38	0
386.67	0
386.72	0
387.26	0
388.99	0
389.09	0
389.50	0
668.43	0
674.45	0
674.73	0
676.64	0
681.03	0
683.91	0
685.08	0
690.46	0
148.73	0
148.79	0
149.66	0
159.92	0
160.00	0
160.83	0
162.94	0
164.20	0
98.02	1
111.24	1
125.89	0
127.37	0
127.82	0
134.63	0
134.91	0
140.37	0
34.97	1
77.37	1
203.53	0
209.69	0
211.01	0
213.10	0
214.07	0
214.63	0
7.05	1
11.18	1
145.74	0
150.44	0
157.52	0
161.14	0
162.02	0
164.59	0
30.38	1
162.95	0
163.32	0
167.65	0
173.51	0
175.01	0
175.31	0
175.36	0
53.63	1
54.55	1
95.59	0
96.40	0
96.59	0
97.42	1
99.06	0
99.13	0
113.14	0
117.71	0
119.31	0
120.13	0
125.25	0
126.87	0
127.46	0
127.50	0
41.14	1
42.82	0
43.70	1
45.45	0
51.58	0
53.12	0
54.23	0
54.25	0
7.17	1
7.36	1
8.15	1
8.17	1
9.00	1
9.38	1
10.18	1
10.31	1
133.94	0
165.31	0
166.63	0
168.27	0
168.81	0
168.94	0
169.48	0
170.64	0
297.60	0
299.09	0
299.35	0
299.85	0
300.19	0
300.57	0
300.67	0
300.93	0
152.21	0
159.01	1
176.31	1
177.07	1
178.38	0
182.05	0
186.12	0
188.17	1
215.21	0
229.00	0
238.03	0
269.16	0
271.67	0
272.28	0
272.30	0
273.43	0
171.91	0
176.15	0
178.94	0
178.99	0
179.35	0
180.72	0
182.24	0
186.71	0
238.46	0
245.89	0
252.31	0
255.11	0
258.62	0
262.32	0
262.64	0
263.16	0
97.47	1
99.83	1
104.09	0
115.68	0
120.33	0
120.92	0
122.68	0
124.89	0
161.98	0
179.70	0
181.89	0
184.11	0
185.20	0
188.55	0
190.77	0
193.97	0
97.97	0
121.85	1
132.02	1
132.71	0
135.42	0
138.59	1
142.41	1
144.97	0
297.31	0
299.99	0
303.44	0
309.66	0
313.52	0
317.71	0
327.69	0
333.75	0
170.64	0
171.05	0
175.57	1
176.34	0
179.16	0
181.48	0
184.32	0
184.73	0
215.10	0
239.17	0
240.03	0
250.05	0
252.63	0
255.43	0
258.87	0
259.30	0
44.40	0
53.75	1
59.33	0
70.89	1
143.39	0
151.19	0
152.22	0
156.31	0
213.98	0
216.35	0
244.05	0
255.24	0
255.58	0
268.54	0
272.74	0
274.23	0
105.62	1
161.32	0
181.44	0
183.12	0
186.36	0
187.96	0
189.03	1
190.47	0
39.90	1
49.60	1
66.76	1
72.00	1
73.82	1
122.94	1
127.32	1
129.04	1
1.56	1
1.92	1
2.60	1
2.91	1
3.96	1
4.63	1
4.65	1
10.03	1
3.58	1
4.15	1
4.62	1
5.29	1
5.61	1
5.69	1
5.76	1
9.58	1
7.60	1
9.72	1
10.25	1
11.11	1
12.08	1
12.19	1
13.16	1
20.13	1
56.49	1
76.74	1
83.63	1
91.44	1
94.58	1
100.92	1
104.56	1
109.07	1
1.87	1
2.71	1
2.77	1
3.18	1
3.97	1
4.22	1
4.58	1
4.96	1
2.05	1
2.39	1
3.00	1
3.03	1
3.23	1
3.65	1
3.90	1
4.23	1
183.83	0
208.79	0
220.16	0
227.83	0
228.50	0
229.05	0
230.95	0
231.81	0
105.50	0
106.83	0
116.72	0
119.40	0
120.06	0
125.09	0
128.99	0
130.56	0
137.01	0
140.50	1
141.35	1
150.27	1
156.21	0
158.02	0
160.27	0
161.44	0
228.61	1
242.54	0
245.01	0
254.57	0
262.22	0
263.12	0
263.55	0
267.65	0
64.20	1
82.63	1
83.72	1
87.37	1
102.45	0
103.65	0
105.75	0
109.34	0
1.03	1
1.17	1
1.82	1
2.22	1
3.96	1
4.06	1
4.76	1
5.42	1
138.60	0
147.80	0
152.56	0
182.45	0
182.71	0
183.27	0
183.44	0
201.69	0
174.81	0
181.58	1
230.72	1
245.12	0
249.86	0
253.04	0
257.77	0
260.58	0
135.15	0
153.28	0
174.19	0
177.61	0
181.14	0
183.11	0
188.09	0
194.98	0
66.44	1
71.04	1
78.89	1
83.88	1
87.38	1
88.81	1
90.92	1
114.52	0
105.70	1
130.14	0
143.91	1
154.13	1
157.89	1
163.78	1
173.69	1
173.80	0
118.22	0
119.12	1
126.55	1
161.81	0
163.57	1
164.91	0
165.67	0
168.24	0
42.11	1
115.56	0
153.96	0
176.78	0
180.06	0
189.97	0
190.65	1
193.87	0
160.92	0
183.91	0
189.01	0
189.78	0
193.65	0
193.67	0
196.74	0
196.98	0
83.96	0
105.54	1
110.42	0
123.84	0
128.71	0
132.15	0
134.03	0
137.25	0
89.29	1
89.35	1
89.51	1
95.44	1
107.85	1
116.37	1
118.26	0
125.96	1
141.65	0
147.20	0
151.26	0
155.86	0
161.11	0
165.75	0
165.94	0
171.58	0
113.96	1
116.61	0
119.58	1
124.93	1
126.45	1
134.48	1
135.67	0
148.73	0
145.92	0
159.17	0
166.03	0
179.42	0
181.02	0
183.48	0
183.62	0
184.00	0
83.81	0
84.85	1
92.17	0
92.62	0
102.31	0
103.44	0
107.19	0
107.67	0
43.68	1
73.23	1
98.63	0
105.27	1
119.88	1
142.07	0
143.75	0
148.17	0
83.26	1
86.01	1
86.02	1
91.51	1
95.48	1
99.88	1
103.84	1
111.67	0
153.58	0
176.22	0
176.36	0
176.87	0
177.26	0
180.36	0
180.76	0
182.75	0
131.46	1
161.63	0
171.04	1
192.65	0
206.87	0
208.06	0
215.01	0
218.58	0
39.91	1
42.86	1
44.85	1
46.24	1
66.02	1
78.08	1
79.22	1
96.80	0
186.76	0
196.45	0
198.54	0
200.03	1
202.86	0
213.70	0
213.71	0
222.61	0
158.37	1
176.99	1
212.80	0
214.90	0
220.61	0
222.75	0
225.48	0
226.94	0
226.95	0
248.12	0
250.68	1
254.33	0
265.65	0
265.98	0
266.74	0
268.15	0
55.10	1
63.27	0
86.10	1
86.55	1
98.55	1
101.86	1
101.95	0
104.42	1
74.13	1
199.71	0
247.23	0
248.43	0
251.00	0
254.34	0
254.37	0
256.40	0
121.43	0
136.34	0
147.12	0
151.35	0
152.08	0
165.66	0
169.32	1
174.86	0
118.69	0
118.96	0
120.62	0
121.54	0
122.97	0
124.16	0
124.39	0
124.98	0
114.07	1
125.64	1
158.33	1
160.65	0
161.11	0
161.61	0
162.05	0
175.62	0
33.20	1
44.05	1
49.18	1
140.03	0
176.20	1
187.30	0
188.06	0
193.80	0
93.49	0
99.37	0
101.14	0
103.75	0
104.26	0
105.39	0
105.95	0
106.66	0
194.47	0
204.40	1
206.51	0
207.53	0
207.92	1
216.31	1
217.26	0
222.75	0
235.82	0
238.44	0
238.71	0
238.96	0
240.76	0
241.64	0
243.95	0
246.16	0
57.86	1
63.99	1
64.28	1
65.44	1
66.62	1
70.51	1
76.12	1
93.00	0
73.85	1
132.62	0
140.05	0
163.49	0
195.02	1
211.95	1
212.67	1
213.55	0
38.85	1
141.76	0
191.04	0
199.05	0
202.34	0
209.25	0
213.54	0
214.36	0
11.47	1
30.65	1
32.62	1
37.64	1
46.17	1
50.45	1
52.39	1
78.49	0
31.47	1
210.71	0
219.15	0
225.66	0
230.24	0
237.00	0
247.37	0
247.64	0
12.22	1
319.37	0
319.42	0
320.49	0
320.92	0
321.21	0
322.93	0
324.55	0
21.65	1
411.00	0
473.28	1
558.78	0
558.85	0
560.95	0
563.55	0
563.93	0
16.01	1
333.16	0
339.47	0
339.92	0
344.91	0
350.65	0
351.48	0
351.48	0
22.21	1
112.30	1
116.63	1
140.44	1
169.82	0
175.81	1
181.35	0
185.07	0
79.58	1
96.62	1
98.61	1
100.26	1
102.90	1
104.36	1
108.82	1
113.48	1
24.87	1
25.51	1
25.59	1
26.01	1
26.26	1
26.41	1
26.44	1
26.80	1
27.77	1
52.98	1
59.05	0
65.66	0
82.03	1
153.23	0
156.64	0
162.67	0
134.39	1
155.56	1
180.98	1
188.35	0
198.18	1
202.50	1
217.76	1
218.05	0
115.59	0
123.49	1
123.80	0
126.62	0
128.57	1
138.18	0
138.67	0
139.62	0
194.90	0
203.06	0
206.43	0
208.31	0
210.29	0
212.80	0
212.86	0
213.66	0
163.68	0
170.23	0
171.31	0
171.60	0
178.74	0
178.89	0
180.42	0
189.39	0
79.95	0
84.29	1
84.99	0
86.84	0
87.24	0
87.57	0
87.88	0
90.29	0
24.86	1
32.86	1
35.31	1
67.63	1
68.19	1
72.29	1
88.80	1
92.89	1
0.93	1
1.51	1
1.66	1
2.64	1
2.76	1
3.88	1
4.74	1
4.79	1
1.70	1
3.41	1
3.63	1
5.06	1
5.60	1
6.27	1
6.68	1
7.13	1
6.01	1
9.34	1
11.17	1
13.27	1
14.08	1
14.77	1
15.73	1
16.48	1
13.63	1
32.48	1
39.29	1
44.17	1
53.75	1
65.01	1
68.50	1
74.69	1
2.13	1
2.17	1
2.20	1
2.22	1
2.47	1
3.35	1
4.21	1
4.27	1
2.07	1
2.33	1
2.35	1
2.42	1
2.53	1
2.92	1
4.15	1
4.41	1
30.38	1
42.71	1
43.25	1
53.26	1
64.81	0
70.41	0
73.30	1
74.14	0
1.01	1
1.06	1
1.13	1
1.18	1
1.34	1
5.14	1
5.16	1
6.34	1
171.30	0
187.21	0
198.49	0
199.46	0
200.35	0
200.61	0
202.97	0
205.32	0
186.82	0
189.23	0
189.40	0
191.18	0
191.79	0
194.28	0
196.91	0
198.16	0
159.48	1
173.88	1
183.74	0
186.05	0
186.99	0
188.40	0
189.02	0
189.36	0
51.17	1
51.50	1
56.17	1
58.10	1
61.88	1
69.22	1
73.48	1
79.18	1
112.75	1
159.48	1
167.98	0
184.80	0
186.25	0
191.89	0
192.14	0
192.87	0
146.33	0
167.30	0
192.13	0
195.81	0
196.80	0
197.48	0
198.67	0
199.11	0
228.77	0
277.85	0
283.63	0
286.49	0
289.47	0
289.52	0
294.44	0
294.82	0
246.14	0
250.58	0
250.96	0
257.33	0
257.79	0
258.80	0
259.94	0
260.14	0
225.03	0
228.37	0
230.13	0
233.82	0
237.71	0
238.03	0
239.96	0
240.09	0
275.86	0
277.32	0
281.27	0
281.43	0
284.98	0
287.11	0
288.43	0
289.51	0
281.13	0
282.29	0
283.64	0
286.56	0
287.78	0
292.39	0
292.52	0
293.07	0
129.68	0
131.67	0
133.42	0
139.11	0
139.58	1
139.90	0
148.88	0
153.89	0
223.81	0
232.95	0
233.00	0
234.47	0
243.07	0
243.30	0
244.82	0
244.93	0
144.98	1
145.64	1
152.85	0
159.10	0
160.00	0
167.67	1
168.76	1
169.60	1
167.65	0
174.48	0
176.68	0
178.58	0
179.61	0
180.53	0
180.77	0
181.94	0
25.86	1
28.62	1
29.91	1
34.01	1
36.74	1
38.50	1
48.39	1
57.39	1
234.21	0
236.21	0
238.86	0
239.27	0
242.63	0
243.36	0
243.62	0
245.63	0
237.49	0
240.79	0
244.55	0
245.65	0
247.67	0
247.68	0
249.65	0
253.34	0
256.82	0
264.40	1
265.67	1
270.00	0
275.50	0
276.51	0
278.47	0
278.62	0
238.21	0
240.87	0
245.74	0
249.87	0
252.83	0
252.87	0
253.09	0
254.46	0
290.59	0
294.07	0
300.54	0
300.89	0
300.99	0
301.21	0
301.31	0
301.88	0
313.18	0
313.98	0
315.62	0
318.58	0
321.70	0
321.91	0
324.19	0
325.31	0
106.27	0
114.04	0
114.44	0
115.03	0
121.89	0
123.68	0
128.32	0
132.43	0
129.03	1
132.43	1
134.72	1
139.88	1
139.92	1
141.27	0
141.71	1
144.43	0
241.50	0
245.38	1
249.77	0
259.17	0
260.88	0
262.42	0
264.28	0
266.99	0
192.22	0
247.40	0
324.11	0
324.94	0
330.05	0
330.80	0
332.66	0
334.47	0
218.93	0
220.93	0
223.16	0
223.92	0
224.13	0
224.18	0
225.06	0
225.71	0
72.25	0
80.98	0
91.17	0
91.50	0
96.00	0
108.94	0
110.93	0
111.02	0
202.95	0
205.15	0
210.41	0
210.50	0
214.00	0
215.95	0
218.80	0
220.26	0
178.70	0
184.27	0
190.90	0
204.54	0
205.54	0
206.92	0
208.49	0
209.12	0
78.61	1
95.09	1
102.98	1
108.44	1
110.28	1
114.39	0
119.06	0
119.51	0
246.10	0
248.08	0
251.52	0
252.20	0
254.09	0
254.31	0
260.24	0
261.65	0
262.50	0
264.30	0
269.74	0
273.44	0
278.01	0
278.26	0
278.34	0
280.05	0
124.64	0
126.38	0
127.39	0
128.34	0
128.88	0
130.17	0
132.57	0
132.86	0
172.01	0
185.86	0
188.12	0
197.40	0
199.71	1
200.11	0
201.34	0
203.51	0
190.25	0
192.11	0
192.93	0
194.65	0
196.36	0
197.32	0
197.42	0
197.93	0
210.94	0
211.56	0
212.78	0
215.43	0
215.85	0
216.56	0
217.06	0
217.28	0
20.41	1
21.61	1
26.87	1
27.51	1
30.51	1
34.47	1
35.88	1
37.43	1
108.60	0
111.30	0
114.24	0
115.18	0
122.35	1
123.05	0
123.68	0
123.99	1
171.90	0
177.79	0
179.63	0
183.82	0
183.92	0
186.09	0
188.24	0
188.40	0
369.43	0
369.63	0
381.09	0
386.43	0
387.03	0
388.14	0
388.59	0
389.83	0
207.83	0
217.62	0
218.93	0
220.74	0
224.71	0
225.23	0
225.34	0
225.58	0
215.42	0
216.73	0
216.89	0
219.79	0
222.02	0
228.13	0
229.85	0
230.72	0
126.09	0
141.43	0
144.57	0
146.61	0
147.22	0
148.29	0
149.25	0
150.57	0
143.08	0
143.59	0
153.10	0
153.19	0
153.33	0
154.12	0
156.48	0
156.56	0
113.52	0
134.35	0
134.62	0
138.01	0
140.50	0
140.91	0
142.53	0
142.79	1
85.18	0
86.14	0
86.29	0
88.58	0
88.97	0
89.35	0
91.19	0
94.13	0
107.12	0
108.85	0
109.36	0
111.78	0
113.30	0
115.49	0
118.71	0
118.87	0
114.64	0
116.57	0
116.76	0
118.22	0
119.16	0
124.23	0
130.56	0
131.67	1
13.42	1
14.20	1
15.05	1
17.81	1
19.47	1
20.57	1
23.89	1
24.22	1
162.89	0
175.59	0
175.78	0
182.85	0
186.52	0
187.38	0
187.87	0
188.78	0
148.48	1
160.32	1
162.99	0
163.52	1
174.37	1
180.11	0
180.59	0
182.92	1
197.23	0
202.82	0
205.52	0
209.50	0
218.49	0
222.06	0
224.62	0
224.81	0
190.87	0
198.32	0
201.62	0
207.58	0
210.03	0
214.13	0
215.20	1
215.57	0
18.05	1
86.07	0
86.96	0
89.23	0
89.54	0
93.10	1
97.35	0
97.96	0
192.63	0
244.96	0
249.62	0
250.48	0
252.00	0
254.54	0
254.82	0
256.95	0
52.15	1
56.07	0
69.66	1
71.61	1
73.12	1
87.78	0
88.40	0
88.90	0
137.62	0
208.72	1
234.33	0
242.78	0
272.87	0
273.85	0
274.06	0
275.18	0
211.75	0
213.45	0
214.02	0
214.20	0
214.65	0
215.02	0
216.34	0
216.76	0
20.32	1
24.76	1
25.82	1
32.49	1
37.96	1
43.60	1
45.84	1
49.19	1
1.23	1
1.26	1
2.28	1
2.62	1
4.18	1
4.55	1
4.73	1
4.78	1
156.45	0
170.76	0
172.81	0
185.87	0
185.95	0
186.92	0
192.77	1
198.86	0
131.19	0
149.10	0
154.54	0
155.33	0
158.84	0
159.04	0
160.00	0
160.11	0
136.20	0
137.72	0
141.38	0
142.06	0
147.54	0
149.75	0
152.12	0
153.29	0
166.83	0
183.80	0
207.47	0
210.67	0
210.72	0
211.77	0
215.28	0
216.02	0
243.46	0
279.29	0
303.63	0
304.44	0
307.23	0
308.91	0
309.99	0
312.49	0
186.56	0
190.96	0
193.15	0
196.72	0
196.82	0
197.63	0
197.64	0
197.69	0
133.50	0
149.09	0
153.09	0
153.36	0
154.47	0
159.87	0
160.38	0
163.92	0
281.99	0
288.54	0
293.84	0
295.02	0
295.41	0
297.62	0
298.16	0
298.75	0
112.99	0
125.81	0
142.72	0
154.69	0
158.82	0
158.84	0
161.42	0
165.13	0
138.34	0
157.72	0
185.22	0
201.04	0
201.18	0
202.20	0
205.92	0
211.30	0
62.04	1
67.75	1
84.86	0
91.21	0
97.39	0
99.78	1
101.85	1
102.48	0
48.48	1
84.60	0
114.08	0
122.60	0
122.74	0
123.11	0
124.85	0
126.11	0
10.40	1
104.81	0
107.78	0
109.64	0
110.99	0
111.22	0
113.42	0
117.25	0
29.97	1
106.17	1
116.02	0
116.29	1
119.68	0
121.42	0
122.18	1
122.85	0
7.66	1
8.15	1
9.03	1
9.38	1
10.80	1
12.08	1
12.45	1
12.46	1
42.89	1
47.64	1
72.49	1
77.32	0
89.89	1
94.11	0
140.93	0
142.75	0
199.11	0
239.38	0
247.69	0
247.99	0
248.13	0
249.07	0
251.45	0
251.57	0
162.44	1
176.81	0
181.44	1
185.78	1
188.82	1
199.21	0
200.29	0
201.02	1
225.04	0
243.94	0
253.49	0
255.59	0
256.82	0
257.21	0
258.49	0
259.81	0
246.38	0
249.56	0
249.92	0
250.46	0
252.62	0
252.76	0
254.09	0
254.47	0
161.07	0
164.75	0
164.82	0
166.66	0
169.73	0
171.95	0
172.02	0
177.94	0
201.56	0
216.39	0
223.07	0
223.95	0
226.40	1
226.40	0
226.61	0
229.58	0
228.48	0
236.15	1
238.87	1
239.50	0
240.63	1
242.23	0
242.43	1
242.72	1
282.32	0
298.85	0
307.08	0
319.90	0
323.60	0
323.75	0
325.95	0
326.86	0
234.84	0
238.21	0
243.85	0
248.36	0
249.39	0
251.99	0
252.61	0
253.22	0
202.17	0
230.53	0
254.42	0
276.98	0
277.88	0
283.95	0
285.84	0
287.16	0
181.26	1
181.51	1
191.12	1
201.08	0
203.46	1
204.08	0
204.66	1
206.11	1
93.65	0
195.44	0
195.55	0
202.63	0
208.25	0
211.28	0
211.44	0
224.22	0
73.03	1
86.96	0
95.34	0
103.78	0
104.86	0
107.48	0
108.15	0
108.52	0
248.52	0
271.97	0
273.60	0
273.88	0
275.03	0
275.86	0
276.90	0
280.77	0
137.09	0
137.76	0
148.23	0
150.38	0
151.62	0
154.39	0
161.85	0
162.26	0
162.26	0
176.38	0
176.53	0
178.08	0
178.77	0
182.33	0
183.10	0
186.02	0
21.16	1
29.59	1
64.88	1
85.61	0
88.98	0
90.50	0
90.73	0
90.96	0
91.63	1
103.40	0
119.68	1
121.97	1
128.09	1
129.15	1
130.67	0
132.25	1
122.80	1
128.63	0
163.23	1
170.27	0
177.19	0
177.84	0
184.81	0
185.12	0
48.85	1
52.96	1
53.37	1
54.70	1
61.72	0
63.16	1
67.78	0
70.95	0
2.41	1
2.92	1
3.28	1
3.31	1
3.39	1
4.16	1
4.79	1
4.91	1
119.74	0
162.10	0
182.82	0
183.66	1
188.84	0
195.59	1
202.58	0
202.89	0
134.40	0
140.98	0
155.64	0
163.82	0
172.70	0
172.93	0
175.80	0
180.07	0
72.67	1
80.22	1
87.40	1
88.76	1
90.39	1
93.36	1
95.34	1
96.60	1
212.82	0
214.54	0
227.32	0
227.57	0
227.60	0
228.95	0
228.95	0
231.25	0
244.84	0
244.95	0
244.96	0
250.58	0
251.01	0
252.23	0
255.10	0
257.34	0
202.52	0
205.72	0
205.85	0
206.08	0
206.36	0
207.67	0
207.75	0
209.15	0
312.37	0
326.73	0
327.07	0
327.48	0
329.72	0
330.19	0
330.64	0
331.24	0
265.08	0
266.55	0
268.47	0
271.16	0
272.30	1
272.99	0
273.17	0
274.11	0
201.39	1
209.41	1
214.81	0
215.09	0
219.09	0
219.45	0
219.70	0
220.99	0
91.96	1
207.14	0
263.62	0
324.58	0
325.21	0
327.40	0
328.15	0
329.08	0
64.63	0
80.47	1
83.99	0
84.31	1
85.36	0
85.57	0
100.68	1
104.04	0
263.95	0
277.87	1
279.57	0
281.08	0
287.56	0
287.98	0
288.08	0
288.33	0
263.91	0
299.64	0
308.19	0
340.27	0
341.11	0
347.90	0
348.63	0
349.16	0
147.26	0
158.36	0
160.47	0
162.90	0
168.81	0
174.55	0
176.83	0
177.09	0
48.39	1
64.50	0
77.32	0
78.81	1
84.30	0
85.64	0
90.13	0
90.72	0
289.38	0
292.54	0
295.69	0
296.84	0
297.70	0
298.32	0
298.42	0
299.57	0
454.02	0
458.57	0
459.03	0
459.21	0
460.79	0
462.57	0
462.76	0
465.10	0
229.80	1
241.37	0
242.54	0
243.83	0
244.22	0
245.14	0
246.63	0
248.81	0
141.98	0
143.72	0
146.26	0
148.71	0
149.57	0
151.27	0
153.38	0
153.58	0
115.62	0
115.79	0
115.98	0
116.83	0
123.52	0
127.24	0
127.68	0
127.82	0
177.48	1
195.34	1
202.64	0
221.05	0
223.85	1
236.70	0
249.49	0
257.16	1
171.67	0
210.02	0
257.73	0
266.88	0
273.52	0
275.95	0
279.84	0
283.00	0
253.69	0
272.54	0
274.11	0
275.22	0
279.11	0
280.94	0
287.32	0
288.28	0
270.72	0
285.15	0
286.53	0
317.24	0
318.36	0
324.54	0
326.10	0
328.18	0
151.47	0
153.82	0
162.94	0
162.98	0
163.19	0
168.52	0
170.05	0
170.12	0
84.52	1
84.69	1
88.63	1
99.68	1
103.37	0
108.83	0
117.13	0
119.82	1
245.81	0
248.04	0
254.15	0
259.10	0
259.56	0
259.61	0
261.85	0
262.15	0
153.53	0
161.55	0
170.44	1
176.04	0
181.65	1
182.53	1
193.55	1
195.81	1
291.41	0
304.12	0
322.98	0
324.51	0
326.05	0
327.37	0
328.97	0
329.59	0
306.48	0
310.89	0
318.69	0
319.21	0
320.10	0
321.33	0
323.82	0
325.00	0
289.95	0
290.48	0
290.98	0
291.32	0
293.22	0
293.56	0
294.92	0
295.14	0
214.20	0
217.25	0
218.56	0
222.06	0
222.94	0
226.64	0
226.89	0
227.86	0
40.91	1
58.15	0
62.80	1
67.88	0
75.53	0
77.64	0
80.70	0
80.90	0
195.86	0
196.93	0
198.03	0
199.89	0
202.06	0
205.20	0
206.60	0
209.38	0
115.44	0
116.60	0
121.94	0
122.36	0
122.41	0
122.76	0
127.80	0
129.88	0
80.14	0
106.78	0
125.19	1
128.46	1
132.83	0
145.40	1
148.89	1
159.65	1
164.46	0
171.36	0
221.46	0
222.98	0
223.09	0
223.32	0
226.17	0
226.25	0
220.33	0
224.30	0
228.96	0
228.96	0
229.40	0
230.53	0
233.07	0
234.33	0
39.50	1
52.03	1
52.77	1
53.67	1
54.13	1
58.56	1
61.89	1
62.53	1
6.23	1
7.19	1
9.34	1
9.93	1
10.08	1
10.50	1
10.56	1
12.99	1
59.50	0
75.39	1
76.51	1
81.67	0
85.37	1
103.61	1
107.70	1
147.15	0
208.24	1
226.27	1
235.16	0
235.33	1
280.81	0
283.22	0
283.76	0
284.30	0
100.53	1
137.99	1
139.73	1
142.00	1
159.79	0
161.17	1
161.74	1
164.38	0
290.04	0
296.71	0
308.29	0
313.38	0
320.57	0
323.24	0
325.20	0
325.25	0
331.47	0
341.40	0
344.68	0
348.84	0
351.37	0
351.38	0
351.73	0
351.78	0
247.81	0
249.63	0
255.31	0
256.55	0
256.65	0
256.90	0
257.37	0
257.90	0
188.57	0
217.59	0
219.87	0
220.50	0
221.16	0
224.73	0
226.00	0
227.51	0
168.96	1
190.63	1
190.66	1
197.15	1
197.97	0
207.19	1
209.52	0
211.72	0
94.52	1
199.99	1
200.34	0
201.39	1
220.56	0
229.93	0
237.59	0
246.68	0
145.95	0
151.72	0
174.24	0
180.42	0
181.33	0
182.45	0
183.06	0
189.14	0
149.80	0
167.99	0
168.92	0
173.57	0
173.85	0
175.29	0
175.61	0
176.47	0
187.11	0
238.48	0
242.91	0
243.61	0
244.06	0
244.30	0
244.89	0
244.90	0
312.20	0
314.65	0
315.01	0
316.38	0
322.38	0
323.27	0
323.48	0
329.05	0
203.62	0
206.59	0
206.61	0
208.42	0
209.46	0
212.11	0
212.99	0
213.34	0
61.19	1
65.73	1
74.91	0
76.91	0
77.52	1
78.19	1
79.65	0
88.78	1
239.68	1
241.77	1
251.19	0
252.12	0
252.19	1
258.73	1
258.92	1
259.56	0
142.75	0
185.34	0
185.35	0
189.00	0
189.73	0
190.26	0
191.00	0
191.02	0
231.40	0
236.68	0
240.00	0
240.09	0
243.50	0
246.21	1
248.26	0
249.22	0
69.83	1
74.97	1
76.20	0
110.87	0
115.36	0
116.58	0
119.81	0
120.26	0
160.94	0
179.23	0
179.56	0
184.35	0
184.64	0
187.20	0
187.24	0
189.80	0
226.53	0
226.69	0
228.71	0
230.52	0
231.01	0
232.34	0
233.45	0
233.53	0
63.25	0
67.36	1
77.45	0
77.60	0
78.10	0
79.88	1
80.45	1
82.04	1
273.40	0
280.37	0
280.48	0
281.22	0
281.44	0
284.04	0
284.20	0
284.76	0
194.45	0
195.81	0
200.61	0
200.67	0
200.69	0
202.00	0
204.89	0
206.34	0
24.78	1
29.56	1
31.63	1
32.52	1
33.38	1
35.47	1
41.28	1
44.12	1
33.49	1
38.07	1
42.19	1
42.57	1
43.76	0
44.27	1
44.33	0
46.50	1
1.77	1
2.59	1
3.21	1
3.24	1
3.34	1
3.53	1
4.66	1
5.06	1
131.89	0
132.13	0
132.25	0
132.54	0
132.56	0
133.00	0
133.71	0
134.04	0
137.62	0
146.25	0
148.28	0
153.50	0
156.23	0
156.49	0
156.87	0
158.02	0
181.16	1
181.40	1
211.33	0
211.89	0
222.83	0
223.09	0
224.13	0
229.64	0
59.62	1
60.53	1
63.95	1
71.99	1
72.29	1
72.58	1
72.88	1
73.78	1
5.41	1
51.27	0
69.02	1
75.82	1
76.19	0
80.41	1
100.94	1
101.54	1
7.41	1
224.32	1
240.53	0
246.66	0
249.61	1
253.81	0
256.89	1
287.54	0
3.78	1
94.76	1
132.12	1
133.52	1
137.24	1
151.17	0
153.74	1
155.97	0
10.18	1
226.55	0
245.20	0
271.14	0
282.51	0
295.35	0
300.61	0
307.98	0
8.46	1
329.27	0
330.28	0
333.90	0
335.90	0
336.66	0
342.14	0
352.61	0
31.26	1
234.09	0
234.16	0
238.36	0
239.61	0
240.54	0
241.49	0
241.99	0
141.84	1
195.07	0
202.87	0
208.85	0
212.45	0
212.68	0
228.23	0
232.53	0
141.14	0
184.55	0
189.50	0
198.40	0
213.42	0
215.28	0
216.84	0
220.40	0
167.87	1
191.90	0
195.99	0
201.46	0
203.70	0
205.04	0
208.75	0
208.75	0
73.30	1
178.74	0
183.05	0
185.85	0
190.13	0
193.20	0
193.54	0
193.83	0
129.05	0
202.18	0
220.00	0
226.79	0
228.61	0
240.45	0
244.40	0
246.98	0
129.71	0
140.41	0
166.79	0
177.72	0
184.80	0
186.23	0
186.35	0
190.66	0
108.19	1
124.19	0
147.25	1
166.12	0
169.70	0
171.13	0
173.35	0
174.14	1
68.89	1
96.08	1
141.69	0
145.34	0
176.95	0
182.46	1
183.23	1
195.42	0
67.96	0
84.94	1
116.91	1
118.28	0
119.05	0
122.93	0
123.78	0
126.98	0
19.83	1
166.88	0
178.18	0
184.10	0
200.16	0
209.53	0
213.06	0
213.45	0
19.36	1
162.77	0
230.90	0
231.73	0
232.18	0
234.62	0
235.72	0
236.87	0
18.17	1
32.62	1
38.07	1
39.03	1
43.97	1
44.45	0
49.28	1
49.90	1
1.50	1
1.77	1
3.39	1
3.98	1
4.21	1
4.29	1
4.32	1
5.33	1
61.03	0
66.38	0
68.32	0
69.82	0
80.41	0
87.69	0
91.98	0
96.82	0
52.47	1
125.09	1
147.98	0
149.35	0
154.66	0
158.54	0
161.05	0
162.61	0
25.20	1
42.60	1
47.69	1
58.53	1
65.60	1
66.70	1
67.36	1
113.38	1
1.74	1
2.11	1
2.21	1
2.40	1
2.82	1
3.14	1
3.64	1
4.64	1
2.66	1
2.72	1
2.98	1
3.90	1
4.01	1
4.10	1
5.23	1
6.26	1
2.92	1
3.92	1
4.41	1
5.21	1
7.53	1
7.62	1
8.37	1
8.70	1
24.23	1
66.48	1
73.22	1
83.28	1
84.32	1
95.38	1
99.94	1
100.63	1
1.20	1
1.70	1
1.85	1
2.19	1
2.27	1
2.28	1
4.20	1
4.83	1
1.52	1
1.66	1
1.82	1
2.10	1
2.26	1
2.28	1
3.10	1
3.87	1
67.87	1
123.18	1
129.18	0
174.16	1
177.68	0
179.06	0
183.67	0
184.83	0
215.05	0
222.96	0
225.08	0
225.21	0
226.69	0
229.82	0
230.66	0
231.07	0
20.08	1
41.35	1
43.78	1
44.85	1
45.09	1
47.79	1
48.10	1
59.15	1
0.79	1
1.17	1
1.31	1
1.37	1
1.54	1
1.83	1
3.27	1
3.52	1
124.23	0
130.44	1
148.74	1
149.11	0
151.41	0
162.34	0
162.83	0
166.13	0
52.96	1
97.91	0
205.45	0
210.79	0
226.75	0
243.60	0
280.26	0
285.57	0
26.78	1
112.69	0
118.34	0
123.85	0
126.83	0
127.74	1
130.69	0
132.77	0
39.22	1
291.01	0
295.35	1
310.67	1
346.54	1
351.27	0
356.92	0
372.36	0
14.19	1
171.41	0
181.22	0
183.29	0
204.20	0
213.28	0
227.25	0
273.59	0
61.65	1
456.34	0
459.24	0
463.68	0
503.64	0
530.98	0
542.35	0
549.94	0
5.59	1
112.59	0
139.82	0
141.04	0
142.47	0
144.37	0
146.77	0
148.44	0
58.58	1
169.17	1
212.71	1
216.08	0
228.77	0
229.78	0
230.59	0
232.69	0
46.44	1
386.70	0
436.84	0
453.23	1
476.50	0
480.83	0
486.43	0
487.43	0
16.60	1
131.22	1
219.47	0
225.13	0
248.88	0
250.52	0
250.80	0
251.45	0
67.19	1
579.11	0
593.03	0
604.61	0
674.98	0
685.82	0
711.46	0
715.25	0
141.64	1
142.20	1
148.55	1
150.98	1
155.22	0
156.28	1
161.27	0
162.19	1
16.39	1
114.95	0
127.67	0
131.08	0
144.71	0
153.26	0
154.30	0
154.63	0
5.31	1
10.08	1
55.83	1
91.30	0
91.51	0
91.75	0
92.02	0
92.31	0
7.69	1
13.27	1
157.10	0
158.00	0
162.00	0
164.24	0
165.70	0
166.29	0
3.15	1
13.01	1
13.39	1
18.60	1
18.91	1
21.68	1
27.87	1
28.40	1
209.53	0
213.86	0
218.26	0
233.41	0
234.87	0
237.77	0
244.70	0
245.98	0
79.77	1
95.87	0
97.40	1
101.04	0
101.61	0
105.12	0
106.48	0
108.58	0
110.35	1
147.16	1
147.45	1
148.77	0
158.20	1
160.21	1
168.04	0
169.15	0
166.35	0
167.11	0
180.80	0
184.08	0
208.42	0
221.72	0
227.52	0
228.57	0
116.60	1
130.21	1
133.19	1
135.45	1
141.39	1
154.06	1
155.83	1
158.31	1
26.45	1
28.13	1
42.95	1
54.32	1
75.48	1
75.89	1
76.93	1
77.74	1
1.87	1
4.04	1
4.17	1
4.30	1
4.92	1
4.97	1
8.14	1
10.72	1
5.04	1
6.58	1
6.97	1
7.97	1
8.56	1
9.40	1
13.46	1
15.93	1
7.56	1
8.42	1
10.00	1
10.32	1
10.47	1
10.54	1
10.68	1
13.74	1
62.72	1
70.18	1
77.52	1
81.55	1
83.45	1
83.87	1
100.55	1
102.77	1
4.93	1
9.19	1
9.95	1
10.52	1
10.78	1
11.48	1
11.73	1
11.98	1
3.96	1
5.52	1
5.93	1
5.98	1
6.20	1
6.41	1
6.51	1
6.70	1
168.97	0
169.52	0
169.80	0
178.09	0
179.11	0
180.40	0
180.68	0
181.47	0
383.03	0
385.21	0
388.26	0
388.85	0
389.02	0
389.63	0
391.65	0
394.73	0
170.28	1
174.45	1
174.75	1
176.07	1
178.10	0
178.58	0
179.91	1
180.49	1
145.24	0
196.99	0
200.25	0
204.02	0
213.12	0
218.05	0
219.92	0
220.15	0
140.70	0
174.24	0
177.96	0
182.66	0
184.56	0
188.71	0
191.88	0
194.68	0
188.96	0
193.15	0
218.89	1
223.82	0
234.19	1
237.10	0
239.43	1
242.28	1
199.50	1
216.90	0
220.33	0
225.37	0
229.01	0
230.64	0
232.80	0
233.24	0
29.29	1
31.09	1
31.24	1
31.89	1
34.04	1
36.33	1
36.79	1
38.64	1
65.23	1
149.49	0
182.27	1
216.08	1
228.39	0
233.94	0
236.91	0
239.95	0
18.14	1
25.54	1
26.67	1
135.51	1
136.26	1
138.19	1
139.08	1
139.18	1
8.74	1
16.35	1
18.43	1
282.30	0
284.81	0
285.97	0
286.77	0
287.52	0
40.14	1
127.66	1
133.02	1
222.80	0
233.33	1
243.94	0
250.56	0
250.67	0
73.46	1
192.34	1
200.40	1
203.23	0
209.75	1
215.91	0
216.80	1
219.55	0
93.52	0
102.81	1
103.78	0
106.80	0
119.99	0
120.71	0
121.30	0
121.93	0
39.40	1
42.48	1
52.63	1
92.86	1
106.12	0
106.14	1
106.48	1
123.81	0
60.86	1
61.21	1
62.05	1
66.34	1
77.70	1
81.31	1
87.92	0
88.24	0
219.06	0
220.08	0
220.80	0
225.51	0
225.65	0
225.75	0
226.06	0
226.14	0
228.94	1
263.51	0
263.73	0
264.75	0
265.36	0
274.10	1
280.01	0
291.77	0
252.88	1
268.80	0
273.31	1
276.42	0
286.66	1
288.66	1
296.47	1
297.28	0
4.72	1
7.30	1
7.47	1
7.49	1
8.45	1
8.47	1
11.99	1
14.76	1
11.78	1
13.59	1
14.28	1
15.40	1
16.41	1
17.13	1
22.17	1
24.99	1
15.15	1
15.49	1
17.37	1
17.77	1
17.79	1
17.84	1
17.98	1
21.45	1
96.53	1
100.68	1
102.33	1
104.28	1
107.65	1
112.99	1
115.41	1
118.66	1
13.60	1
14.50	1
14.96	1
15.08	1
15.58	1
16.03	1
16.49	1
16.53	1
9.54	1
9.59	1
10.15	1
10.60	1
10.82	1
10.95	1
11.03	1
11.18	1
185.24	1
190.08	0
193.97	0
194.71	0
205.34	0
206.33	0
206.56	0
211.69	0
115.36	0
241.80	0
265.82	0
271.32	0
273.41	0
274.10	0
275.09	0
275.75	0
313.03	0
328.70	0
330.03	0
331.10	0
331.62	0
331.76	1
332.67	0
334.72	1
337.67	0
417.56	0
418.85	0
420.06	0
421.70	0
421.81	0
424.10	0
425.58	0
264.38	0
313.12	0
314.18	0
314.78	0
315.52	0
317.59	0
317.74	0
318.30	0
150.24	0
212.99	0
214.17	0
214.50	0
218.84	0
219.75	0
220.34	0
222.32	0
97.05	1
98.78	1
104.74	1
108.08	1
109.08	1
113.22	1
116.35	1
121.62	1
2.04	1
2.10	1
2.71	1
3.29	1
3.34	1
3.96	1
4.53	1
4.71	1
164.07	0
188.16	1
193.21	0
196.16	0
196.21	0
196.95	0
199.64	0
202.88	0
235.75	0
242.09	0
273.99	0
274.71	0
275.24	0
278.93	0
280.18	0
280.48	0
276.73	0
290.71	0
291.47	0
291.50	0
293.19	0
293.20	0
294.12	0
294.19	0
402.05	0
406.69	0
407.76	0
407.86	0
408.77	0
410.07	0
411.68	0
411.93	0
209.80	0
216.93	0
217.14	0
217.41	1
219.33	0
227.47	0
228.90	0
229.33	0
162.67	0
170.91	0
171.63	0
172.93	0
173.48	0
174.27	0
174.45	0
174.95	0
106.38	0
108.83	0
111.92	0
124.35	0
127.25	0
127.48	0
127.94	0
128.89	0
107.94	1
125.50	1
134.14	0
142.78	0
143.53	0
144.31	0
144.46	0
144.82	0
203.38	0
205.63	0
205.75	0
209.13	0
210.68	0
212.83	0
213.27	0
213.91	0
70.80	0
85.28	0
95.68	0
97.17	0
101.03	0
103.11	0
103.69	1
105.39	0
158.09	0
174.18	0
178.15	0
181.58	0
197.32	0
197.42	0
197.98	0
198.63	0
235.87	0
236.36	0
236.68	0
237.33	0
237.87	0
238.88	0
239.07	0
240.22	0
109.82	0
112.01	0
112.68	0
112.89	0
117.24	0
118.30	0
119.30	0
119.69	0
73.99	1
78.81	0
87.37	1
88.01	1
91.20	1
91.81	1
92.42	1
93.73	1
77.13	0
98.84	0
116.11	0
127.09	0
138.72	0
140.17	0
140.32	0
140.92	0
76.18	1
132.82	0
133.84	1
176.28	0
182.43	0
188.02	0
196.70	0
197.09	0
12.30	1
26.25	1
41.34	1
125.72	0
146.32	0
149.30	0
149.89	0
150.61	0
43.17	1
44.55	1
45.88	1
45.96	1
46.55	1
52.56	1
56.54	1
58.92	1
1.78	1
1.80	1
2.02	1
2.03	1
2.15	1
2.80	1
3.09	1
3.16	1
103.92	0
132.33	0
159.05	0
165.20	0
168.25	0
169.78	0
170.39	0
173.95	0
101.81	1
108.08	1
154.22	0
172.83	0
174.86	0
175.12	0
175.46	0
176.59	0
44.63	1
75.90	0
112.20	0
113.08	0
115.52	0
118.55	0
118.99	0
121.90	0
37.33	1
37.89	1
43.51	1
45.60	1
46.06	1
73.97	1
75.10	1
75.57	1
3.01	1
3.48	1
3.73	1
3.93	1
3.95	1
3.98	1
4.66	1
6.19	1
4.48	1
6.52	1
7.28	1
8.34	1
8.80	1
9.80	1
9.95	1
10.41	1
7.00	1
8.99	1
11.19	1
12.21	1
15.22	1
17.68	1
18.33	1
19.24	1
36.94	1
52.22	1
72.70	1
74.02	1
80.47	1
81.93	1
84.34	1
104.47	1
2.23	1
2.46	1
2.96	1
3.48	1
3.90	1
4.04	1
4.95	1
6.56	1
1.47	1
2.35	1
3.48	1
3.74	1
4.01	1
4.71	1
5.15	1
5.72	1
105.75	0
108.91	0
116.87	0
118.56	0
119.33	0
119.39	0
121.36	0
123.05	0
9.62	1
10.45	1
10.69	1
10.92	1
11.62	1
11.96	1
12.07	1
12.08	1
127.01	0
137.70	1
139.69	0
140.42	0
143.84	0
148.25	1
151.64	0
155.63	0
163.39	1
185.06	1
223.26	0
227.03	0
227.43	0
228.08	0
228.71	0
230.01	0
111.91	0
113.13	0
113.63	0
115.05	0
116.76	0
118.54	0
119.65	0
122.23	0
193.76	0
221.96	0
235.07	0
239.05	0
248.30	0
250.68	0
255.41	0
256.49	0
208.00	0
209.74	1
226.31	0
258.35	0
262.63	0
264.34	0
269.18	0
289.90	0
137.82	1
304.94	0
339.48	0
353.45	0
385.32	0
392.42	0
444.87	0
455.45	0
50.60	1
251.95	0
282.52	0
282.98	0
284.12	0
293.55	0
299.85	0
300.68	0
16.45	1
158.51	0
203.61	0
207.98	0
211.07	0
214.44	0
215.38	0
215.92	0
161.09	0
162.98	0
164.76	0
171.47	0
176.80	0
177.45	0
177.49	0
178.99	0
255.34	0
257.58	0
258.50	0
261.79	0
263.89	0
265.30	0
266.15	0
267.08	0
131.02	0
143.22	0
147.68	0
155.21	0
155.31	0
158.59	0
159.33	0
160.01	0
80.99	1
103.17	1
115.30	1
118.33	0
119.41	0
120.40	0
120.48	0
120.48	1
126.86	1
154.28	1
166.49	0
170.72	0
170.92	0
170.99	0
171.29	0
171.36	0
139.08	0
139.11	0
140.36	0
141.73	0
142.20	0
144.01	0
144.14	0
144.15	0
139.14	0
142.18	0
142.22	0
143.41	0
145.09	0
146.38	0
149.41	0
150.55	0
233.56	0
234.02	0
240.15	1
246.59	0
248.17	0
248.45	0
250.10	0
250.18	0
94.29	1
101.58	1
102.07	1
115.88	1
131.40	1
132.05	1
135.79	1
146.02	1
2.47	1
2.86	1
2.92	1
2.94	1
3.21	1
3.41	1
3.47	1
4.00	1
5.36	1
5.60	1
5.69	1
5.95	1
6.11	1
6.49	1
6.58	1
7.76	1
7.49	1
9.52	1
9.58	1
9.60	1
10.64	1
10.86	1
12.79	1
13.52	1
50.30	1
54.89	1
61.75	1
66.96	1
77.38	1
77.66	1
86.88	1
90.01	1
6.45	1
8.05	1
8.31	1
8.75	1
9.34	1
9.42	1
9.49	1
9.69	1
7.13	1
7.60	1
8.02	1
8.73	1
8.84	1
8.87	1
9.20	1
9.56	1
133.69	0
145.07	0
145.12	0
148.75	0
151.26	0
152.17	0
152.43	0
153.62	0
185.58	0
205.32	0
207.90	0
208.53	0
211.91	0
216.34	0
217.57	0
218.87	0
90.37	0
98.23	0
98.82	0
98.97	0
99.26	0
99.67	0
99.74	0
99.82	0
241.81	0
249.46	0
260.01	0
262.93	0
266.36	0
268.24	0
269.47	0
269.61	0
194.78	0
198.52	0
198.59	0
199.62	0
199.91	0
200.07	0
200.44	0
202.28	0
149.83	0
150.26	0
158.37	0
158.40	0
159.32	0
159.91	0
160.46	0
160.81	0
51.88	1
113.79	0
114.90	0
117.67	0
119.05	0
121.43	0
121.61	0
121.92	0
59.09	1
60.31	1
61.42	1
62.36	1
64.68	1
73.49	1
80.99	1
81.45	1
12.53	1
12.74	1
15.65	1
15.94	1
17.11	1
17.22	1
17.53	1
17.67	1
158.12	0
172.83	0
175.36	0
193.08	0
195.39	0
202.00	0
212.35	0
214.60	0
51.12	0
52.30	0
69.24	1
127.64	0
128.54	0
131.30	0
136.66	0
139.34	0
126.42	0
145.44	1
149.44	1
161.07	1
164.92	1
166.24	1
167.46	0
170.16	1
232.05	0
238.05	0
258.16	0
264.95	0
269.48	0
273.31	0
275.97	0
276.12	0
156.43	0
161.04	0
161.70	0
165.69	0
182.82	0
184.60	0
185.03	0
186.21	0
47.76	1
60.09	1
63.14	1
64.83	1
72.26	1
73.17	1
73.73	1
74.77	1
84.76	1
94.67	0
95.79	0
105.14	0
109.10	0
112.56	0
114.90	0
119.55	0
92.82	0
106.01	1
208.43	0
211.41	0
212.18	0
215.05	0
219.01	0
220.52	0
66.68	0
141.04	0
143.53	0
150.05	0
151.14	1
155.29	0
155.34	0
155.86	0
41.50	1
138.70	1
148.72	1
156.77	0
161.26	0
165.22	0
165.47	0
166.28	0
84.17	1
204.52	0
248.85	0
252.22	0
260.65	0
264.06	0
265.27	0
271.94	0
65.12	0
107.63	0
123.36	0
124.01	0
129.80	0
129.89	0
131.95	0
131.95	0
93.98	0
97.47	1
101.93	0
103.51	1
111.10	1
112.19	0
112.63	1
118.16	1
99.34	1
192.09	0
192.62	0
193.91	0
194.16	0
197.12	0
197.58	0
198.84	0
29.65	0
46.19	0
53.31	0
58.27	0
73.41	0
74.34	0
76.70	0
78.72	0
215.09	0
276.99	0
280.54	0
284.51	0
286.21	0
287.33	0
292.07	0
293.88	0
150.81	0
167.25	0
171.89	0
174.25	0
176.09	0
178.00	0
179.59	0
180.91	0
295.92	0
297.93	0
298.55	0
301.03	0
302.90	0
303.05	0
304.12	0
305.40	0
89.24	1
100.71	1
103.19	1
103.36	1
105.98	1
106.89	1
108.32	1
110.30	1
2.04	1
2.63	1
3.24	1
3.44	1
3.62	1
3.67	1
4.07	1
4.19	1
79.69	1
96.00	1
129.42	0
135.94	0
139.00	0
139.80	0
140.27	0
140.50	0
124.57	1
156.39	0
175.81	0
198.92	0
202.61	1
222.32	0
222.53	0
224.15	0
21.14	1
29.73	1
246.03	0
250.06	0
251.86	0
252.19	0
253.00	0
257.37	0
110.89	0
132.55	0
141.00	0
144.63	0
145.76	0
146.89	0
147.45	0
149.24	0
162.65	0
163.22	0
166.88	0
167.78	0
167.82	0
168.99	0
170.99	0
171.16	0
182.85	0
183.17	0
184.30	0
186.56	0
187.73	0
190.72	0
191.02	0
191.66	0
120.76	0
148.27	0
162.34	1
168.69	0
169.78	0
173.35	0
176.66	0
176.93	0
59.34	1
199.92	0
225.32	0
229.93	0
230.19	0
231.78	0
232.09	0
235.53	0
12.85	1
151.02	0
151.69	0
157.81	0
157.92	0
159.45	0
159.61	0
159.84	0
13.64	1
40.76	1
99.03	0
100.56	0
104.17	0
107.37	0
109.37	0
109.71	0
20.68	1
30.85	1
32.80	1
34.83	1
37.69	1
38.76	1
45.77	1
46.07	1
1.74	1
2.56	1
2.78	1
3.15	1
3.44	1
3.56	1
3.69	1
4.26	1
167.08	0
171.46	0
171.79	0
172.76	0
173.61	0
175.56	0
178.12	0
179.00	0
80.03	1
88.13	0
89.58	0
98.86	0
99.89	0
100.07	0
102.89	0
103.24	0
61.64	1
69.68	1
74.03	1
75.67	1
84.24	1
90.61	0
95.31	0
95.76	0
34.66	1
72.36	0
73.02	0
74.34	0
75.16	0
75.91	0
78.60	0
79.55	0
80.87	1
151.51	0
153.78	0
158.45	0
163.62	0
166.61	0
168.68	0
168.72	0
97.37	0
113.99	0
115.25	1
116.74	0
116.95	0
117.84	0
121.74	0
124.06	0
15.78	1
131.12	0
131.72	0
132.99	0
134.00	0
136.43	0
137.39	0
139.74	0
8.90	1
99.24	0
107.04	0
109.08	0
112.47	0
114.32	0
114.51	0
114.55	0
41.98	1
50.55	1
65.47	1
83.02	0
85.42	0
85.61	0
85.97	0
94.95	0
28.22	1
30.04	1
32.65	1
35.63	1
36.13	1
36.93	1
37.27	1
37.55	1
