142.14	0
166.19	0
258.77	0
296.33	0
317.55	0
327.11	0
329.27	0
329.28	0
200.08	0
204.58	0
204.63	0
220.75	0
237.22	0
249.56	0
251.44	0
251.74	0
191.13	0
191.80	0
211.96	0
217.99	0
229.57	0
249.73	0
258.95	0
273.97	0
116.39	0
163.50	0
175.75	0
179.27	0
183.72	0
213.31	0
224.14	0
234.61	0
194.28	0
194.51	0
198.62	0
198.63	0
219.88	0
230.64	0
248.71	0
258.99	0
115.66	0
158.89	0
160.86	0
169.84	0
171.79	0
208.18	0
224.43	0
225.33	0
178.39	0
178.63	0
179.94	0
206.31	0
217.13	0
237.56	0
243.93	0
251.15	0
90.24	0
171.49	0
180.54	0
181.52	0
185.91	0
221.37	0
224.60	0
231.37	0
163.18	0
182.00	0
194.91	0
195.39	0
222.96	0
226.61	0
248.60	0
251.85	0
157.58	0
157.93	0
163.64	0
175.50	0
199.16	0
201.43	0
217.28	0
225.56	0
25.43	1
213.22	0
221.35	0
249.11	0
261.75	0
271.71	0
272.25	0
285.53	0
193.59	0
197.16	0
199.15	0
199.82	0
201.52	0
208.28	0
210.56	0
219.48	0
126.33	0
129.95	0
137.39	0
140.31	0
142.72	0
144.37	0
147.05	0
149.28	0
157.75	0
158.18	0
163.68	0
167.31	0
170.39	0
173.46	0
173.84	0
176.48	0
264.26	0
266.37	0
266.61	0
267.89	0
275.23	0
275.74	0
277.70	0
279.57	0
266.26	0
285.51	0
286.58	0
289.45	0
298.62	0
301.45	0
301.75	0
314.56	0
288.03	0
296.58	0
305.46	0
309.21	0
321.66	0
321.97	0
323.07	0
323.08	0
531.34	0
531.57	0
534.83	0
535.99	0
546.46	0
547.01	0
553.49	0
562.39	0
735.08	0
741.64	0
754.81	0
763.18	0
763.80	0
765.35	0
771.91	0
779.27	0
350.26	0
351.79	0
360.47	0
366.39	0
366.68	0
372.50	0
383.43	0
402.27	0
535.76	0
544.38	0
546.09	0
549.26	0
559.71	0
565.93	0
571.44	0
579.50	0
810.94	0
813.05	0
816.93	0
821.49	0
830.43	0
830.75	0
833.34	0
833.79	0
747.10	0
750.00	0
750.38	0
755.38	0
763.14	0
764.15	0
765.01	0
771.77	0
832.14	0
842.05	0
843.34	0
852.14	0
854.95	0
855.97	0
859.14	0
866.76	0
452.06	0
459.45	0
469.94	0
470.78	0
474.12	0
478.08	0
481.43	0
486.48	0
331.69	0
355.64	0
374.82	0
375.76	0
375.80	0
376.25	0
385.12	0
390.16	0
243.90	0
247.33	0
252.29	0
280.50	0
284.54	0
284.58	0
285.82	0
289.31	0
454.57	0
456.17	0
457.99	0
459.23	0
462.93	0
463.43	0
471.36	0
476.37	0
438.00	0
439.65	0
456.73	0
461.22	0
463.51	0
463.59	0
467.66	0
467.70	0
246.15	0
251.48	0
256.54	0
263.23	0
263.90	0
264.13	0
279.14	0
289.39	0
75.97	0
83.26	0
87.86	0
91.64	0
93.18	0
118.75	0
120.43	0
139.54	0
144.61	0
150.15	0
153.31	0
156.07	0
160.76	0
161.16	0
172.24	0
178.43	0
190.25	0
190.76	0
199.85	0
201.41	0
207.10	0
209.58	0
214.42	0
219.82	0
45.89	0
57.05	0
61.12	0
74.26	0
98.53	0
99.16	0
106.47	0
114.41	0
26.85	1
27.38	1
83.44	0
106.89	0
109.62	0
125.72	0
144.15	0
145.32	0
48.44	0
62.81	0
67.16	0
94.04	0
112.59	0
116.96	0
140.10	0
144.24	0
275.51	0
288.06	0
288.21	0
290.11	0
294.69	0
295.84	0
301.30	0
309.11	0
242.72	0
248.67	0
252.55	0
255.65	0
256.50	0
260.71	0
262.60	0
263.58	0
175.78	0
181.98	0
182.33	0
190.26	0
190.38	0
195.66	0
201.34	0
201.65	0
184.45	0
185.33	0
187.84	0
189.19	0
189.31	0
192.41	0
192.54	0
208.42	0
60.74	1
68.78	1
74.07	1
126.12	0
128.42	0
139.69	0
153.62	0
163.31	0
288.94	1
308.64	0
316.79	0
327.31	0
330.33	0
331.52	0
334.24	0
339.69	0
34.14	1
168.37	0
168.98	0
173.92	0
175.59	0
184.26	0
186.55	0
189.98	0
254.84	0
265.57	0
270.77	0
273.41	0
291.13	0
300.65	0
306.38	0
310.94	0
259.63	0
259.90	0
269.96	0
277.68	0
278.39	0
279.91	0
282.98	0
289.95	0
266.95	0
269.36	0
271.26	0
272.17	0
272.43	0
303.13	0
311.14	0
315.62	0
201.17	0
203.07	0
203.76	0
218.24	0
218.92	0
220.26	0
228.84	0
229.27	0
172.71	0
179.18	0
186.07	0
192.45	0
194.41	0
201.94	0
205.78	0
206.81	0
80.23	1
81.50	1
84.76	1
125.53	1
131.97	0
132.07	0
139.01	0
168.29	0
154.18	0
162.29	0
164.32	0
173.44	0
174.67	0
175.12	0
181.98	0
195.53	0
231.23	0
245.89	0
249.75	0
254.87	0
259.46	0
261.73	0
272.92	0
273.12	0
264.36	0
266.09	0
270.40	0
279.03	0
281.08	0
286.61	0
290.67	0
299.76	0
222.78	0
228.03	0
237.13	0
246.46	0
255.46	0
257.07	0
259.25	0
260.69	0
210.42	1
228.35	0
231.53	0
236.63	0
241.79	0
245.22	0
245.64	0
245.85	0
27.91	1
282.23	0
284.59	0
290.82	0
292.10	0
295.97	0
306.08	0
310.14	0
204.85	0
208.64	0
221.55	0
226.19	0
240.39	0
254.12	0
259.52	0
260.13	0
137.24	1
161.17	0
171.42	0
172.45	0
177.49	0
186.35	0
187.12	0
191.59	0
162.82	0
163.80	1
176.52	0
186.60	0
191.57	0
193.98	0
198.17	0
201.20	0
205.56	0
215.41	0
224.73	0
227.53	0
228.34	0
229.25	0
231.87	0
234.47	0
272.55	0
275.34	0
282.83	0
284.67	0
298.13	0
304.41	0
309.66	0
312.65	0
286.70	0
287.61	0
293.87	0
296.38	0
306.16	0
309.63	0
314.44	0
319.32	0
265.00	0
267.91	0
272.25	0
278.23	0
287.94	0
290.88	0
294.82	0
298.41	0
212.60	0
214.81	0
220.68	0
225.36	0
225.97	0
226.85	0
227.54	0
245.37	0
144.81	0
147.53	0
150.25	0
151.11	0
164.50	0
188.82	0
196.91	0
205.65	0
227.24	0
227.87	0
258.78	0
261.91	0
266.97	0
267.24	0
271.89	0
283.23	0
404.61	0
411.00	0
434.04	0
435.72	0
437.78	0
438.88	0
439.74	0
441.22	0
254.84	0
257.24	0
258.69	0
269.17	0
285.28	0
286.37	0
310.56	0
321.09	0
171.25	0
186.84	0
187.00	0
195.43	0
209.49	0
224.23	0
224.94	0
227.81	0
291.57	0
301.73	0
309.24	0
315.21	0
323.52	0
324.24	0
325.20	0
330.92	0
162.94	0
163.51	0
171.52	0
175.37	0
186.09	0
187.32	0
207.49	0
211.20	0
304.41	1
321.55	0
326.24	0
328.34	0
345.53	0
349.23	0
356.72	0
359.10	0
383.58	0
394.11	0
397.27	0
397.73	0
398.42	0
399.92	0
407.57	0
409.28	0
259.84	0
262.64	0
264.80	0
276.49	0
290.43	0
292.09	0
308.73	0
315.79	0
279.04	0
283.08	0
292.09	0
299.93	0
308.39	0
310.60	0
330.69	0
331.85	0
170.33	1
213.75	0
215.05	0
220.30	0
222.54	0
226.74	0
229.90	0
236.05	0
326.79	0
328.41	0
338.49	0
344.33	0
350.68	0
354.49	0
355.70	0
361.22	0
174.80	0
177.02	0
186.97	0
190.85	0
196.93	0
201.51	0
226.25	0
232.99	0
283.84	1
351.27	0
352.47	1
377.16	0
398.15	0
406.73	0
409.97	0
412.81	0
197.29	0
201.03	0
223.11	0
293.51	0
304.20	0
304.34	0
309.66	0
315.38	0
518.30	0
564.51	0
588.03	0
597.96	0
632.39	0
635.89	0
640.46	0
641.45	0
161.05	0
165.28	0
166.84	0
167.37	0
174.27	0
194.64	0
195.70	0
196.05	0
332.85	0
333.23	0
341.54	0
348.23	0
350.02	0
382.73	0
384.41	0
392.92	0
437.44	1
458.22	0
496.56	0
499.45	0
507.13	0
531.75	0
535.12	0
545.69	0
103.79	1
232.22	0
243.61	0
284.57	0
291.89	0
303.29	0
311.46	0
322.03	0
592.07	0
676.01	0
735.15	0
737.34	0
749.38	0
750.01	0
752.62	0
753.27	0
242.84	1
250.05	0
250.48	0
265.74	0
265.96	0
289.20	0
308.19	0
313.67	0
168.34	0
176.71	0
177.58	0
178.48	0
193.68	0
197.73	0
198.65	0
198.83	0
108.51	0
116.08	0
117.14	0
127.03	0
128.05	0
131.82	0
135.91	0
136.18	0
184.38	0
185.95	0
194.52	0
195.44	0
195.56	0
197.74	0
209.24	0
212.37	0
12.57	1
54.68	0
72.78	0
73.27	0
87.20	0
109.03	0
113.69	0
114.93	0
322.74	0
325.14	0
333.14	0
336.54	0
337.95	0
360.56	0
374.38	0
378.69	0
253.10	1
287.26	0
294.59	0
296.01	0
307.28	0
318.54	0
320.28	0
329.29	0
328.53	0
345.86	0
351.41	0
361.70	0
365.63	0
366.46	0
368.66	0
376.03	0
100.57	0
104.46	0
117.65	0
119.99	0
124.12	0
150.76	0
151.23	0
156.06	0
257.58	1
303.59	0
309.43	0
312.30	0
319.10	0
323.88	0
324.17	0
327.30	0
336.83	0
356.27	0
357.07	0
360.11	0
363.57	0
365.63	0
366.83	0
368.77	0
197.92	0
206.11	0
207.34	0
221.70	0
228.46	0
232.52	0
233.72	0
233.88	0
283.13	0
286.95	0
287.44	0
288.08	0
295.81	0
312.21	0
315.76	0
324.45	0
328.25	0
333.64	0
336.97	0
338.53	0
344.96	0
361.67	0
365.66	0
377.74	0
307.51	0
315.61	0
315.95	0
317.48	0
317.90	0
323.53	0
324.42	0
333.47	0
177.05	0
183.65	0
197.67	0
198.56	0
200.58	0
203.59	0
212.54	0
214.35	0
252.47	1
285.77	0
286.53	0
287.31	0
299.01	0
300.18	0
305.83	0
307.49	0
334.30	0
350.29	0
353.56	0
357.10	0
359.95	0
360.67	0
361.17	0
364.28	0
203.40	0
209.24	0
209.47	0
213.06	0
224.19	0
228.95	0
242.93	0
266.70	0
218.74	1
265.64	0
270.10	0
273.44	0
290.66	0
294.70	0
295.40	0
296.42	0
275.52	0
281.81	0
291.73	0
309.10	0
309.69	0
312.20	0
314.98	0
316.16	0
243.60	0
244.35	0
249.66	0
251.63	0
281.20	0
286.03	0
302.59	0
306.91	0
269.24	0
307.06	0
313.28	0
317.27	0
333.62	0
333.71	0
336.96	0
343.52	0
129.92	0
132.46	0
134.94	0
139.18	0
162.05	0
163.12	0
183.87	0
184.16	0
22.41	1
41.35	1
42.29	1
46.55	0
94.67	0
100.95	0
103.08	1
104.48	1
77.16	1
161.92	0
162.98	0
163.96	0
164.30	0
174.95	0
177.13	0
188.37	0
84.78	1
196.59	0
202.54	0
204.95	0
210.82	0
210.97	0
214.38	0
214.66	0
152.40	0
161.12	0
163.05	0
170.79	0
173.37	0
175.38	0
179.86	0
186.87	0
245.23	0
246.93	0
252.36	0
265.12	0
266.12	0
268.38	0
268.42	0
273.62	0
171.75	0
194.44	0
216.83	0
227.79	0
236.04	0
237.78	1
241.37	0
244.12	0
249.17	0
251.51	0
258.09	0
259.38	0
265.48	0
267.11	0
276.56	0
278.45	0
526.69	0
527.76	0
530.53	0
534.61	0
540.32	0
541.23	0
544.35	0
553.66	0
481.48	0
486.60	0
489.96	0
491.10	0
502.49	0
503.17	0
504.87	0
507.89	0
435.11	0
456.37	0
460.35	0
463.96	0
465.92	0
472.92	0
474.36	0
474.76	0
415.52	0
427.80	0
431.25	0
439.40	0
441.71	0
448.96	0
451.79	0
452.00	0
417.87	0
433.05	0
437.32	0
453.68	0
453.75	0
458.26	0
459.80	0
462.95	0
243.06	0
245.93	0
250.40	0
251.16	0
253.44	0
268.34	0
270.56	0
274.34	0
115.35	0
116.23	0
117.95	0
124.03	0
131.85	0
134.54	0
141.79	0
146.86	0
115.75	0
136.57	0
171.52	0
174.60	0
175.86	0
180.50	0
180.87	0
181.43	0
203.33	0
216.23	0
217.17	0
218.35	0
221.21	0
226.42	0
227.64	0
242.87	0
170.23	0
207.19	0
245.49	0
245.85	0
247.70	0
248.17	0
249.72	0
256.03	0
249.14	0
252.58	0
252.67	0
263.01	0
275.39	0
278.69	0
282.39	0
287.59	0
78.50	0
79.10	0
84.29	0
89.09	0
92.68	0
98.76	0
102.37	0
102.98	0
3.74	1
21.07	1
37.61	1
39.18	1
45.73	0
94.72	0
96.31	0
98.62	1
142.38	0
165.51	0
165.86	0
169.04	0
172.40	0
178.63	0
186.02	0
189.20	0
121.71	0
123.62	0
125.94	0
130.00	0
135.38	0
143.50	0
144.74	0
147.53	0
174.26	0
178.54	0
180.13	0
191.83	0
196.05	0
200.21	0
201.74	0
201.75	0
170.75	0
170.79	0
175.75	0
179.50	0
180.08	0
181.88	0
182.82	0
188.26	0
136.55	0
144.41	0
146.26	0
147.00	0
155.16	0
161.73	0
162.19	0
168.60	0
96.41	0
123.61	0
125.49	0
129.23	0
131.11	0
134.77	0
140.92	0
143.03	0
123.59	0
124.12	1
143.38	0
162.78	0
169.39	0
171.13	0
171.98	0
178.84	0
132.59	0
182.63	0
203.46	0
214.19	0
217.22	0
221.30	0
221.49	0
223.84	0
117.12	0
129.34	0
133.24	0
134.10	0
138.51	0
148.32	0
154.42	0
154.73	0
148.43	0
151.14	0
154.65	0
163.56	0
163.76	0
168.66	0
171.46	0
180.08	0
204.12	0
212.22	0
213.22	0
222.72	0
222.72	0
223.66	0
223.82	0
231.03	0
235.53	0
243.83	0
248.89	0
249.86	0
256.56	0
267.39	0
267.65	0
278.72	0
80.40	0
90.57	0
97.04	0
100.52	0
102.38	0
103.27	0
121.61	0
124.82	0
234.68	0
234.72	0
237.64	0
256.88	0
257.70	0
261.26	0
262.90	0
266.69	0
162.03	0
163.59	0
168.87	0
170.96	0
171.62	0
171.80	0
175.21	0
176.47	0
182.36	0
183.40	0
189.09	0
191.83	0
191.86	0
199.05	0
206.31	0
210.70	0
90.78	1
142.65	0
143.40	0
143.48	0
145.16	0
146.57	0
147.94	0
151.70	0
34.83	1
143.46	0
208.19	0
214.98	0
222.67	0
222.83	0
228.12	0
230.45	0
13.40	1
165.32	0
203.87	0
225.89	0
231.08	0
231.77	0
234.60	0
239.46	0
28.68	1
211.25	0
226.62	0
230.69	0
231.24	0
238.11	0
252.07	0
257.31	0
54.73	1
125.37	0
133.46	0
138.93	0
149.03	1
149.26	0
150.88	0
152.48	0
11.09	1
11.25	1
32.45	1
48.61	1
49.09	1
53.84	0
105.28	0
105.94	1
36.56	1
170.30	0
170.47	0
171.55	0
174.11	0
178.53	0
180.07	0
189.40	0
12.51	1
126.74	0
127.98	0
132.48	0
135.05	0
135.99	0
136.76	0
139.42	0
44.69	0
159.61	0
200.26	0
204.77	0
207.72	0
208.11	0
216.37	0
217.63	0
25.34	1
114.47	0
123.00	0
153.08	0
162.50	0
166.60	0
167.09	0
168.61	0
23.77	1
111.18	0
121.52	0
139.30	0
139.66	0
146.25	0
146.45	0
151.49	0
46.00	0
125.84	0
132.01	0
138.47	0
143.35	0
144.04	1
156.21	0
158.13	0
112.98	1
118.96	0
123.42	0
145.01	1
162.95	1
171.92	1
175.37	0
176.33	1
211.51	0
216.27	0
219.19	0
219.98	0
221.75	1
224.38	0
228.62	0
235.42	0
27.74	1
72.59	0
92.50	0
96.23	0
102.32	0
102.60	0
105.27	0
113.98	0
106.65	1
121.45	1
136.55	1
154.69	0
157.99	0
163.25	0
169.76	1
176.29	0
177.61	1
178.66	0
181.97	0
185.16	0
188.44	0
190.64	0
190.65	0
193.19	0
10.82	1
99.38	0
103.02	0
107.20	0
108.23	0
119.86	0
120.01	0
127.04	0
15.14	1
163.18	0
171.75	0
179.83	0
182.01	0
184.68	0
188.71	0
190.82	0
171.81	0
174.49	0
179.33	0
182.08	0
184.15	0
185.87	0
195.78	0
212.90	0
76.25	1
81.79	0
120.81	0
140.79	0
142.97	0
147.20	0
149.78	0
150.95	0
65.20	0
149.49	0
149.78	0
160.38	0
174.50	0
183.63	0
185.36	0
190.00	0
134.33	1
156.68	0
156.98	0
176.44	1
179.77	0
181.52	0
183.46	0
187.14	0
188.45	0
208.09	0
219.09	0
225.29	0
227.82	0
232.71	0
243.48	0
244.87	0
183.61	0
199.34	0
199.50	0
208.76	0
224.17	0
225.80	0
228.17	0
229.08	0
249.99	0
250.03	0
253.16	0
253.28	0
264.94	0
271.70	0
271.98	0
276.73	0
282.42	0
284.38	0
285.30	0
290.07	0
291.84	0
309.40	0
309.94	0
314.27	0
372.53	0
375.18	0
379.16	0
381.85	0
384.82	0
394.62	0
399.92	0
400.79	0
240.72	0
277.20	0
279.81	1
283.94	0
284.22	0
284.70	0
286.93	0
287.74	0
207.56	0
222.45	0
226.50	0
227.65	0
230.24	0
234.36	0
236.90	0
240.61	0
200.51	0
203.94	0
212.01	0
214.74	0
216.86	0
224.01	0
225.98	0
227.01	0
35.80	1
82.50	0
82.64	0
88.87	0
92.85	0
100.65	0
101.93	0
102.91	0
68.26	1
109.32	0
125.07	1
159.12	0
161.56	0
172.28	1
177.12	0
178.26	0
89.76	1
122.16	0
145.54	0
158.65	0
163.68	0
178.34	0
179.32	0
181.94	0
20.71	1
42.79	1
150.39	0
151.35	0
151.60	0
153.96	0
156.17	0
167.43	0
57.34	1
59.72	1
105.29	0
115.13	0
115.72	0
130.16	0
132.64	0
137.77	0
76.88	1
100.55	1
111.57	0
118.66	0
120.81	0
126.37	0
131.73	0
135.94	0
3.57	1
3.72	1
8.86	1
19.66	1
37.86	1
38.86	1
45.22	0
91.85	0
136.43	0
137.36	0
141.16	0
143.93	0
143.95	0
144.85	0
147.22	0
153.43	0
144.56	0
147.60	0
148.06	0
152.12	0
152.42	0
153.19	0
155.14	0
156.18	0
137.74	0
147.30	0
148.37	0
149.14	0
149.94	0
152.08	0
154.37	0
154.83	0
117.90	0
119.52	0
120.26	0
131.36	0
131.40	0
137.57	0
138.14	0
143.99	0
116.26	0
120.12	0
120.28	0
125.70	0
136.56	0
137.50	0
138.62	0
140.79	0
176.01	0
181.85	0
188.13	0
195.13	0
197.15	0
203.31	0
204.90	0
208.15	0
59.87	0
62.93	0
70.49	0
71.50	0
73.12	0
86.08	0
86.67	0
88.25	0
5.04	1
7.96	1
9.05	1
18.36	1
18.60	1
33.86	1
34.91	1
43.45	0
106.67	1
121.94	0
144.73	0
159.12	0
159.99	0
161.61	0
162.94	0
166.15	0
3.12	1
96.45	0
117.68	0
119.31	0
120.83	0
130.90	0
130.99	0
136.41	0
3.07	1
93.81	0
117.80	0
120.61	0
121.01	0
128.37	0
136.17	0
138.10	0
9.61	1
174.14	0
190.58	0
191.04	0
191.98	0
196.67	0
196.88	0
203.58	0
120.02	1
140.26	0
140.36	0
141.50	0
147.17	0
149.63	0
151.35	0
155.22	0
174.27	0
176.58	0
178.52	0
179.89	0
180.97	0
182.84	0
186.19	0
190.05	0
148.10	0
149.79	0
157.22	0
159.72	0
162.93	0
164.45	0
164.99	0
166.65	0
184.57	0
202.07	0
214.37	0
216.65	0
220.04	1
221.62	0
225.87	0
227.30	0
264.95	0
265.53	0
275.51	0
275.70	0
277.33	0
285.10	0
285.41	0
286.95	0
275.30	0
281.22	0
289.24	0
294.33	0
294.51	0
294.62	0
304.16	0
312.67	0
184.91	0
185.79	0
187.56	0
194.39	0
204.81	0
206.17	0
206.25	0
206.72	0
321.19	0
329.58	0
330.03	0
333.72	0
334.02	0
336.45	0
337.78	0
338.60	0
309.43	0
316.28	0
319.59	0
325.60	0
328.54	0
331.71	0
333.55	0
334.46	0
215.84	0
217.93	0
222.32	0
225.56	0
228.11	0
236.14	0
236.33	0
244.43	0
196.91	0
222.90	1
232.38	0
239.07	0
240.45	0
241.30	0
242.34	0
253.67	0
297.72	1
301.34	0
301.45	0
305.12	0
306.89	0
311.81	0
314.71	0
316.82	0
225.61	0
229.91	0
230.01	0
230.53	0
235.36	0
235.58	0
237.98	0
240.53	0
299.04	0
304.05	0
307.80	0
311.69	0
313.42	0
313.71	0
313.83	0
319.78	0
182.28	0
193.18	0
195.41	0
202.37	0
205.11	0
206.39	0
208.68	0
209.26	0
137.65	1
140.19	0
142.99	0
149.91	0
153.71	0
155.58	0
158.53	0
159.61	0
203.10	0
215.20	0
224.70	0
239.35	0
248.18	0
251.40	0
253.18	0
253.20	0
66.59	1
113.02	0
114.45	0
115.09	0
116.96	0
122.16	0
124.82	0
127.35	0
267.76	0
270.80	0
270.85	0
271.61	0
272.78	0
274.31	0
276.12	0
278.14	0
151.54	0
157.96	0
160.55	0
161.38	0
164.07	0
167.67	0
169.26	0
170.48	0
147.95	0
162.87	0
168.23	1
189.47	0
202.05	1
204.21	1
210.99	0
211.62	0
221.35	0
221.86	0
225.16	0
225.55	0
233.65	0
233.83	0
236.18	0
236.19	0
91.34	0
115.81	0
121.58	0
133.99	0
134.10	0
139.84	0
142.03	0
142.96	0
272.49	0
287.45	0
288.61	0
290.81	0
311.98	0
315.59	0
316.26	0
317.60	0
70.93	0
113.61	0
114.37	0
118.36	0
128.02	0
128.34	0
133.74	0
134.98	0
92.31	1
123.73	0
126.62	0
127.67	0
127.83	0
127.87	0
134.04	0
135.33	0
175.62	0
179.96	0
184.20	0
188.08	0
194.27	0
194.91	0
197.93	0
200.51	0
151.97	0
177.30	0
178.94	1
179.55	0
179.81	0
185.37	0
186.88	0
187.08	0
222.90	0
223.44	0
230.31	0
231.26	0
240.67	0
240.84	0
244.72	0
245.23	0
271.38	0
278.26	0
282.99	0
290.43	0
292.13	0
293.20	0
298.72	0
309.68	0
166.15	0
166.91	0
167.99	0
179.50	0
181.48	0
183.87	0
184.39	0
186.76	0
305.67	0
308.65	0
314.19	0
314.30	0
316.18	0
320.46	0
323.69	0
326.15	0
172.79	0
182.15	0
192.20	0
194.84	0
201.23	0
201.36	0
208.10	0
209.87	0
241.53	0
244.20	0
248.62	0
253.74	0
269.54	0
277.35	0
279.38	0
284.41	0
335.34	0
337.62	0
347.42	0
348.23	0
349.16	0
351.57	0
357.21	0
357.92	0
173.03	0
176.18	0
178.58	0
187.72	0
188.00	0
193.60	0
199.28	0
206.18	0
206.59	0
214.06	0
226.99	0
233.09	0
233.77	0
243.84	0
244.38	0
246.02	0
116.75	0
127.95	0
143.03	0
146.74	0
147.20	0
150.15	0
155.12	0
160.26	0
215.23	0
216.91	0
221.04	0
224.34	0
226.08	0
226.25	0
227.28	0
229.36	0
57.79	1
79.27	0
97.47	0
100.47	0
100.80	0
101.47	0
107.05	0
107.63	0
206.95	0
208.65	0
209.10	0
211.51	0
212.55	0
213.15	0
218.32	0
219.76	0
65.76	1
93.12	0
93.28	0
95.87	0
96.05	0
100.04	0
100.14	1
103.34	0
128.04	1
132.62	1
137.42	1
139.12	1
139.58	1
140.75	0
153.15	1
161.96	1
151.95	1
238.06	1
242.04	0
248.67	0
249.26	0
249.98	0
250.62	0
252.46	0
11.50	1
12.32	1
103.87	0
108.00	0
128.62	0
133.65	0
134.36	0
144.77	0
3.20	1
4.38	1
95.33	0
96.36	0
116.79	0
120.51	0
120.54	0
127.53	0
6.50	1
10.64	1
168.35	0
180.76	0
181.72	0
182.23	0
186.06	0
187.55	0
84.80	0
195.66	0
196.14	0
201.86	0
202.45	0
202.51	0
204.09	0
210.58	0
227.80	0
239.03	0
241.64	0
242.73	0
243.69	0
244.44	0
245.02	0
260.14	0
313.16	0
317.55	0
322.63	0
332.08	0
334.31	0
334.96	0
336.08	0
336.34	0
383.12	0
393.69	0
394.49	0
410.51	0
411.89	0
418.43	0
418.80	0
420.92	0
204.20	0
223.53	0
224.17	0
224.87	0
234.78	0
235.22	0
237.32	0
245.02	0
449.34	0
451.12	0
458.19	0
461.38	0
467.07	0
467.17	0
469.48	0
473.34	0
458.94	1
459.78	1
505.01	0
510.96	0
513.81	0
520.77	0
525.44	0
527.85	0
298.23	0
298.92	0
401.80	0
403.71	0
404.57	0
405.79	0
412.37	0
418.18	0
173.06	0
174.49	0
186.21	0
191.94	0
192.85	0
192.97	0
200.20	0
216.83	0
274.81	1
287.85	1
294.45	0
310.57	0
314.01	0
314.14	0
314.89	0
316.98	0
277.57	0
301.51	0
308.96	0
311.25	0
317.62	0
327.57	0
328.92	0
332.56	0
349.59	0
357.72	0
385.74	0
386.05	0
386.51	0
406.72	0
409.06	0
415.34	0
251.75	0
257.08	0
258.06	0
258.06	0
258.59	0
266.40	0
268.52	0
268.98	0
261.03	0
268.72	0
269.84	0
283.13	0
287.06	0
287.88	0
289.26	0
290.24	0
80.61	1
84.15	1
92.74	1
105.75	0
109.61	0
109.63	0
110.05	0
110.13	0
155.24	0
159.80	0
173.31	0
177.70	0
179.17	0
181.29	0
188.18	0
188.52	0
153.73	0
168.83	0
181.24	1
186.90	0
197.19	0
199.89	0
210.56	0
215.67	0
222.79	0
223.13	0
240.35	0
245.88	0
255.95	0
257.13	0
258.84	0
259.71	0
180.33	0
181.35	0
189.61	0
192.57	0
194.15	0
197.96	0
200.67	0
201.60	0
40.78	1
53.54	1
53.73	1
67.28	0
69.12	0
84.85	0
88.90	0
89.31	0
146.66	0
151.37	0
162.89	0
164.32	0
169.72	0
171.21	0
172.62	0
173.22	0
172.98	0
186.79	1
196.72	0
201.66	1
202.81	0
206.32	1
213.40	0
215.73	0
188.99	0
200.33	0
211.98	0
226.88	0
244.78	0
255.44	0
256.08	0
256.31	0
155.53	1
159.45	0
216.72	0
266.54	0
275.45	0
289.41	0
289.73	0
302.25	0
72.54	1
173.64	0
230.07	0
244.59	0
273.30	0
280.92	0
282.36	0
283.85	0
147.12	0
147.17	0
152.66	1
157.81	0
171.29	0
176.54	0
179.13	0
187.67	0
113.45	0
157.64	0
183.93	0
185.62	0
186.05	0
186.59	0
187.69	0
193.39	0
165.00	0
192.34	0
192.78	0
193.03	0
195.19	0
196.35	0
199.30	0
200.84	0
361.24	0
365.31	0
370.93	0
393.40	0
397.58	0
401.15	0
403.37	0
403.97	0
266.80	1
267.69	1
272.42	1
292.34	0
296.47	0
302.00	0
304.20	0
310.36	0
189.21	0
198.96	0
205.45	0
208.28	0
211.05	0
212.40	0
214.90	0
214.99	0
160.12	0
169.62	0
171.53	0
172.89	0
173.83	0
183.68	0
189.93	0
190.09	0
34.13	1
44.05	1
52.38	1
63.11	0
63.31	0
78.54	0
80.74	0
83.75	0
153.46	0
158.34	0
160.92	0
164.75	0
171.26	0
171.86	0
176.21	0
178.31	0
108.23	0
121.61	0
122.30	0
128.26	0
129.43	0
134.58	0
137.59	0
138.64	0
152.95	1
159.35	0
169.99	0
172.28	0
173.79	0
176.57	1
180.35	1
187.37	1
132.49	1
286.10	0
295.61	0
298.60	0
310.55	0
312.31	0
314.29	0
314.45	0
170.41	1
215.85	0
221.58	0
243.51	0
246.11	0
248.06	0
257.34	1
259.86	1
171.44	1
216.35	0
252.90	0
254.29	0
259.37	0
261.41	0
270.41	0
272.40	0
45.87	1
300.96	0
302.05	0
305.99	0
310.27	0
316.21	0
316.23	0
319.65	0
62.26	1
80.04	1
106.41	0
107.20	0
112.00	0
115.13	0
117.89	1
118.40	1
23.21	1
23.56	1
25.44	1
25.92	1
29.94	1
44.85	1
51.50	0
60.20	1
96.37	0
103.25	0
105.78	1
142.31	0
143.82	0
144.96	0
148.18	0
155.04	0
4.40	1
4.61	1
9.48	1
93.61	0
95.69	0
97.32	0
122.11	0
125.26	0
2.30	1
2.73	1
4.31	1
92.23	0
93.09	0
103.65	0
118.59	0
119.64	0
11.71	1
12.48	1
12.79	1
185.04	0
195.28	0
195.63	0
196.70	0
199.55	0
138.66	1
150.07	0
178.27	0
212.91	0
216.50	1
219.11	0
219.49	0
219.74	0
198.35	1
201.51	0
219.58	0
223.94	0
226.32	0
227.22	0
227.49	0
230.40	0
284.53	0
304.64	0
308.22	0
316.61	0
324.99	0
325.45	0
330.11	0
334.71	0
276.83	0
279.46	0
280.84	0
283.02	0
291.87	0
292.50	0
294.31	0
299.50	0
486.50	0
495.21	0
500.29	0
502.89	0
508.82	0
512.66	0
523.90	0
536.30	0
352.40	0
354.58	0
356.46	0
357.83	0
362.77	0
365.86	0
370.11	1
370.45	0
344.93	0
348.29	0
351.41	0
361.08	0
362.32	1
366.13	0
366.19	0
366.66	0
160.35	0
161.12	0
166.58	0
200.43	0
208.72	0
208.82	0
209.73	0
209.75	0
146.63	0
170.32	0
179.28	0
183.57	0
189.90	0
191.78	0
192.47	0
196.60	0
107.65	1
147.82	1
153.92	0
173.90	0
174.86	0
180.14	0
181.76	0
181.92	0
5.25	1
5.86	1
11.04	1
95.15	0
97.30	0
98.61	0
124.20	0
125.70	0
3.65	1
3.85	1
4.78	1
96.87	0
97.60	0
107.39	0
121.46	0
121.77	0
12.76	1
14.11	1
14.19	1
187.14	0
197.83	0
198.02	0
198.30	0
199.38	0
138.20	1
171.73	0
193.13	1
194.64	0
198.26	0
203.24	0
206.11	0
209.10	0
195.13	0
195.72	0
209.35	0
210.09	0
212.19	0
215.94	0
216.47	0
217.40	0
98.07	0
99.84	0
100.89	0
102.44	0
106.29	0
106.79	0
107.04	0
109.20	0
149.50	0
166.61	1
172.12	0
176.41	0
178.96	0
185.11	0
186.74	1
189.60	0
351.71	0
353.76	0
355.04	0
359.81	0
362.51	0
363.33	0
372.50	0
372.53	0
312.18	0
315.42	0
317.09	0
319.18	0
322.02	0
323.16	0
330.47	0
330.65	0
210.47	1
211.89	1
255.70	0
257.31	0
259.77	0
260.26	0
260.44	0
260.62	0
80.62	1
102.75	1
114.80	0
118.21	0
179.99	0
215.80	0
220.20	0
233.23	0
310.85	0
311.21	0
313.96	0
315.13	0
321.01	0
322.11	0
322.75	0
324.10	0
128.17	0
136.81	0
137.64	0
141.61	0
142.36	0
143.80	0
145.66	0
147.21	0
200.67	0
209.09	0
211.41	0
211.96	0
213.78	0
216.66	0
218.90	0
218.93	0
218.56	0
220.38	0
220.55	0
224.18	0
227.66	0
231.68	0
232.13	0
234.68	0
150.21	0
152.33	0
162.53	0
162.75	0
163.50	0
164.67	0
165.90	0
165.98	0
104.12	1
117.66	0
118.75	0
120.26	0
121.96	0
127.92	0
129.53	0
130.93	0
73.78	1
104.52	1
105.08	1
108.13	1
118.19	0
124.02	0
126.46	0
130.71	1
121.99	0
124.60	0
128.40	0
129.44	0
130.01	0
132.38	0
133.24	0
135.87	0
71.60	0
87.90	0
94.04	0
97.29	0
99.23	0
100.26	0
100.77	0
100.88	0
204.23	0
211.52	0
213.74	0
219.02	0
221.76	0
225.08	0
227.92	0
228.44	0
93.89	0
94.88	0
96.11	0
96.14	0
96.16	0
105.22	0
106.68	0
107.66	0
125.24	0
131.52	0
144.18	0
156.01	0
159.06	0
159.17	0
160.11	0
161.09	0
149.21	0
167.44	0
200.28	0
206.01	0
206.71	0
213.85	0
214.24	0
214.41	1
38.42	1
39.62	1
120.35	1
136.22	0
143.36	0
145.14	0
146.08	0
156.70	0
16.77	1
19.56	1
37.07	1
41.39	1
51.54	1
51.78	1
59.42	0
60.62	0
21.13	1
24.13	1
30.57	1
141.22	0
145.51	0
148.73	0
154.90	0
155.03	0
154.51	1
219.09	1
229.85	0
235.91	0
251.50	0
262.49	0
262.88	0
307.39	0
89.13	1
95.79	1
177.99	0
198.85	0
238.60	0
264.43	0
273.48	0
276.22	0
92.95	1
94.63	1
98.94	1
116.18	0
116.52	0
121.08	0
122.70	0
125.03	0
40.80	1
50.52	1
66.16	0
66.34	1
69.57	0
69.60	1
69.67	0
71.80	0
3.07	1
3.30	1
4.68	1
6.73	1
13.62	1
21.77	1
22.89	1
38.36	1
218.59	0
240.39	0
251.19	0
255.27	0
282.42	0
282.62	0
287.99	0
290.20	0
183.79	0
192.78	0
192.80	0
194.89	0
198.44	0
200.67	0
202.64	0
203.20	0
185.32	0
187.70	0
190.21	0
190.43	0
190.72	0
192.93	0
195.80	0
196.82	0
196.68	0
197.16	0
198.67	0
204.04	0
204.39	0
208.42	0
211.47	0
213.15	0
104.17	0
104.51	0
105.44	0
107.52	0
111.01	0
111.12	0
112.32	0
114.72	0
181.98	0
186.80	0
188.95	0
192.10	0
199.59	0
207.05	1
208.23	0
209.30	0
217.58	0
259.25	0
260.59	0
260.66	0
261.56	0
266.70	0
267.24	0
274.52	0
109.92	1
125.52	0
137.24	0
137.73	0
153.67	0
155.16	0
155.76	0
156.22	0
57.33	1
62.65	1
108.16	0
120.89	1
145.25	0
145.86	0
149.31	0
155.24	0
3.00	1
3.42	1
4.09	1
4.56	1
12.17	1
93.22	0
94.13	0
94.47	0
1.74	1
2.84	1
2.92	1
3.68	1
5.10	1
90.35	0
92.81	0
92.93	0
8.02	1
10.07	1
10.26	1
11.25	1
11.88	1
136.26	0
180.61	0
190.16	0
120.73	1
137.21	1
145.10	1
177.84	0
179.95	0
189.15	0
189.59	1
191.33	0
212.22	0
234.15	0
263.20	0
267.24	0
270.07	0
273.71	0
276.71	0
277.39	0
249.99	0
283.02	0
288.20	0
288.43	0
289.86	0
290.38	0
292.21	0
292.56	0
214.91	0
216.51	0
219.73	0
222.01	0
223.98	0
225.50	0
225.56	0
225.96	0
101.31	1
111.01	0
132.23	0
134.99	0
136.88	0
137.53	0
138.39	0
140.80	0
128.66	1
177.81	0
178.68	0
179.07	0
180.97	0
181.20	0
182.61	0
184.28	0
139.94	0
183.33	0
184.79	1
193.93	1
196.83	1
196.91	1
205.63	0
208.24	1
156.50	0
165.32	1
214.08	0
216.77	0
228.17	0
242.06	0
244.30	0
266.32	0
39.53	1
173.66	0
177.86	1
179.50	1
185.78	0
197.54	0
218.51	0
220.06	0
7.36	1
84.89	1
112.20	1
119.14	0
121.65	0
185.69	0
219.01	0
222.36	0
61.81	1
218.41	0
247.44	0
258.11	0
263.35	0
271.19	0
274.35	0
275.55	0
118.31	0
130.13	0
132.94	0
136.49	0
142.50	0
150.10	0
159.62	0
161.05	0
138.29	1
188.03	0
209.26	0
214.62	0
242.29	0
245.38	0
253.05	0
256.98	0
83.43	1
131.75	0
187.42	0
189.44	0
197.40	0
201.28	0
202.39	0
205.30	0
81.88	1
131.50	0
177.22	0
195.95	1
199.35	0
212.02	0
214.55	0
222.85	0
2.76	1
5.78	1
6.67	1
6.93	1
10.53	1
96.09	0
99.35	0
100.48	0
2.44	1
4.29	1
4.64	1
5.01	1
5.41	1
91.34	0
94.64	0
95.60	0
8.25	1
10.76	1
11.61	1
11.70	1
12.79	1
131.61	0
178.67	0
185.49	0
171.95	1
175.45	1
191.88	0
212.04	1
213.74	0
214.46	0
238.19	0
258.12	0
205.72	0
224.88	0
285.68	0
298.73	0
299.56	0
314.19	0
316.70	0
317.07	0
34.21	1
110.38	0
112.69	0
115.05	0
116.39	0
117.28	0
117.28	0
119.20	0
178.12	1
193.77	0
203.59	0
229.12	0
240.92	0
242.03	0
246.46	0
253.25	0
4.72	1
94.91	0
96.83	0
97.43	0
97.79	0
97.84	0
97.94	0
98.86	0
4.83	1
122.02	0
126.32	0
134.50	0
136.55	0
138.10	0
140.01	0
150.71	0
126.44	1
229.30	0
231.32	0
236.56	0
237.17	0
238.41	0
239.60	0
250.27	0
11.57	1
31.34	1
36.97	1
95.94	1
139.39	0
141.67	0
143.22	0
146.35	0
10.81	1
15.42	1
17.37	1
32.20	1
40.76	1
53.40	1
55.21	1
66.87	0
13.53	1
14.62	1
14.67	1
23.96	1
137.67	0
138.28	0
144.27	0
147.68	0
158.43	0
158.82	0
208.53	0
209.59	1
219.69	0
220.99	0
221.03	0
221.28	0
137.71	0
148.46	0
155.52	0
159.21	1
160.32	0
160.38	0
162.80	0
164.50	0
156.13	1
162.21	0
174.09	1
176.00	0
190.39	1
198.18	1
199.86	0
211.29	0
198.52	0
204.10	0
206.55	0
207.17	0
208.26	0
209.29	0
209.52	0
214.85	0
178.67	0
189.85	0
193.54	0
200.16	0
207.27	0
213.65	0
216.46	0
218.06	0
135.76	1
156.75	1
165.70	0
166.19	0
166.54	0
167.98	1
168.10	0
174.20	0
233.62	0
235.26	0
259.55	0
259.96	0
263.68	0
264.43	0
265.55	0
268.48	0
188.86	0
189.48	0
197.52	0
198.78	0
203.02	0
206.24	0
207.52	0
212.21	0
54.10	0
84.06	0
84.91	0
85.34	0
88.82	0
90.80	0
97.98	0
98.28	0
235.05	0
242.23	0
243.86	0
252.07	0
255.46	0
255.91	0
256.30	0
257.61	0
86.58	0
100.85	0
105.30	0
110.66	0
110.92	0
114.12	0
115.62	0
117.76	0
81.42	1
102.56	0
114.90	0
114.95	1
115.14	1
125.36	1
134.51	1
135.69	0
159.04	0
161.71	0
163.06	0
163.91	0
164.67	0
165.38	0
166.06	0
171.77	0
31.98	1
46.04	1
49.79	1
68.16	1
77.99	0
80.19	0
83.52	0
87.94	0
12.72	1
13.61	1
14.89	1
15.15	1
16.34	1
22.69	1
25.35	1
33.20	1
65.99	1
152.52	0
158.45	0
158.65	0
167.49	0
168.89	0
174.08	0
175.04	0
72.20	1
167.70	0
176.62	0
179.82	1
180.98	0
184.66	0
187.85	0
190.13	0
55.82	1
88.53	1
128.08	1
150.47	1
164.70	0
168.79	0
182.04	0
183.61	0
0.85	1
2.66	1
3.03	1
4.63	1
5.47	1
7.01	1
12.77	1
92.33	0
1.00	1
2.75	1
2.99	1
3.47	1
4.03	1
4.26	1
5.50	1
96.15	0
8.71	1
10.21	1
13.39	1
13.73	1
16.56	1
24.92	1
25.43	1
130.50	0
153.36	0
178.65	0
183.50	0
183.86	0
185.31	0
192.17	0
193.32	0
193.61	0
104.39	0
118.24	0
119.67	0
126.45	0
130.80	0
130.95	0
131.92	1
133.01	0
26.10	1
68.84	0
69.29	0
77.07	0
78.59	0
81.43	0
81.85	0
83.77	0
2.12	1
6.27	1
7.87	1
8.38	1
9.41	1
15.98	1
18.55	1
19.04	1
34.18	1
79.58	1
94.47	1
101.43	1
107.22	0
122.61	0
122.71	1
124.86	0
1.83	1
2.52	1
2.70	1
2.89	1
3.93	1
5.61	1
7.22	1
12.19	1
1.91	1
2.63	1
2.72	1
2.97	1
3.35	1
4.06	1
4.21	1
5.69	1
7.55	1
8.43	1
8.65	1
11.06	1
12.01	1
12.84	1
14.16	1
14.46	1
50.76	1
95.87	1
119.09	1
126.24	0
130.73	0
131.22	0
134.08	0
134.45	0
166.39	0
174.16	1
195.58	0
199.93	0
202.52	0
206.17	0
210.71	0
210.96	0
61.07	1
87.36	1
95.88	0
103.34	0
109.90	0
110.33	0
112.79	0
116.12	0
53.93	1
115.52	0
141.86	0
185.96	0
186.09	0
187.59	0
189.04	0
191.12	0
77.54	1
101.54	1
112.90	0
113.24	0
114.52	0
121.00	0
124.62	0
124.89	0
271.04	0
271.46	0
271.71	0
272.05	0
272.89	0
273.10	0
273.44	0
274.06	0
146.73	0
149.48	0
149.78	0
158.95	0
160.17	0
161.93	0
164.24	0
166.52	0
228.21	0
230.26	0
234.43	0
242.85	0
244.18	0
244.42	0
245.62	0
248.08	0
239.47	0
239.78	0
240.68	0
247.46	0
247.91	0
247.95	0
248.64	0
249.02	0
124.12	0
125.33	0
126.72	0
126.78	0
127.01	0
127.61	0
127.99	0
128.74	0
29.71	0
49.08	1
56.34	0
70.34	0
74.26	0
77.06	0
78.50	0
81.97	0
251.02	0
251.95	0
256.88	0
258.13	0
258.80	0
259.52	0
259.86	0
261.83	0
173.70	1
175.92	0
185.37	0
190.06	0
190.93	0
191.01	0
193.82	0
196.02	0
365.66	0
373.92	0
377.38	0
378.59	0
382.91	0
383.19	0
385.47	0
387.72	0
261.07	0
264.88	0
265.47	0
266.98	0
267.96	0
268.84	0
269.07	0
269.29	0
471.22	0
472.32	0
472.86	0
474.58	0
475.64	0
476.83	0
477.04	0
477.23	0
507.92	0
512.79	0
527.78	0
530.29	0
531.98	0
532.98	0
534.88	0
534.93	0
715.08	0
726.13	0
730.90	0
732.10	0
732.48	0
736.62	0
737.27	0
740.90	0
501.87	0
508.82	0
512.07	0
515.42	0
522.26	0
525.98	0
526.22	0
526.23	0
337.76	0
337.81	0
338.47	0
338.51	0
339.35	0
339.72	0
339.90	0
342.00	0
148.65	0
151.83	0
151.89	0
152.25	0
152.49	0
155.34	0
156.27	0
156.34	0
351.50	0
353.12	0
355.75	0
357.49	0
357.68	0
358.24	0
358.63	0
358.79	0
169.21	0
171.09	0
179.41	0
180.72	0
182.17	0
184.38	0
185.34	0
187.41	0
26.05	1
35.42	1
45.09	1
45.65	1
58.68	1
67.14	0
67.21	0
68.46	0
6.97	1
7.09	1
7.46	1
7.48	1
10.71	1
10.85	1
11.32	1
11.57	1
106.08	0
126.63	0
143.99	0
149.79	0
152.93	0
194.56	0
196.24	0
196.28	0
66.40	0
70.70	0
106.87	0
116.59	0
118.12	0
120.33	0
122.49	0
123.35	0
131.25	1
159.63	0
171.28	0
171.33	0
171.38	0
171.44	0
172.97	0
174.23	0
102.74	1
131.55	0
150.22	0
196.54	0
205.03	0
205.15	0
209.32	0
215.56	0
77.92	0
96.18	0
103.70	0
105.16	0
131.41	1
131.85	0
133.85	0
143.90	0
186.30	0
190.16	0
205.60	0
214.02	0
219.85	0
224.31	0
224.88	0
229.00	0
163.45	1
167.78	1
195.42	0
197.17	0
204.99	0
206.74	0
206.76	0
207.41	0
264.43	0
267.49	0
268.48	0
280.68	0
284.06	0
284.81	0
286.58	0
287.81	0
205.27	0
215.18	0
216.13	0
223.50	0
225.76	0
226.97	1
230.11	0
231.18	0
8.41	1
171.53	0
171.93	0
176.55	0
178.44	0
182.23	0
189.46	0
189.70	0
70.30	0
85.03	0
90.60	0
90.89	0
94.35	0
107.02	0
108.00	0
108.52	1
189.71	0
190.83	0
191.10	0
191.23	0
192.32	0
195.15	0
197.62	0
197.78	0
88.21	0
89.37	0
89.37	0
89.77	0
89.91	0
90.33	0
90.84	0
91.56	0
275.69	0
293.64	0
321.40	0
324.52	0
325.86	0
328.29	0
328.89	0
331.20	0
157.63	0
231.70	0
235.46	0
239.57	0
240.29	0
244.11	0
248.74	0
250.10	0
172.58	0
172.83	0
177.14	0
180.42	0
185.48	0
187.72	0
188.88	0
188.96	0
242.44	0
246.00	0
246.41	0
246.69	0
246.86	0
247.40	0
248.26	0
251.16	0
307.38	0
311.67	0
321.32	0
321.98	0
322.30	0
323.13	0
323.23	0
324.26	0
95.33	1
95.89	0
96.98	0
100.53	0
110.65	0
114.78	0
120.62	0
121.72	0
52.80	1
58.09	0
61.80	0
78.87	0
85.59	0
91.83	1
101.15	0
108.48	0
207.76	0
216.99	0
219.13	0
219.23	0
220.30	0
220.41	0
221.23	0
221.30	0
210.44	0
210.96	0
211.21	0
212.09	0
212.63	1
213.32	0
214.68	0
214.78	0
190.81	0
192.14	0
192.70	0
193.41	0
195.40	0
196.51	0
196.96	0
197.61	0
141.34	0
147.57	0
164.59	0
167.71	0
168.10	0
176.33	0
178.20	0
179.47	0
117.79	1
121.54	1
157.72	1
164.61	0
164.91	0
166.06	0
168.34	0
170.28	0
210.19	1
214.62	0
230.45	0
233.31	0
234.21	0
235.27	0
236.29	0
237.57	0
7.90	1
174.98	0
175.94	0
176.43	0
178.97	0
187.96	0
191.50	0
192.12	0
21.35	1
31.89	1
38.40	1
43.96	1
56.39	1
63.45	1
78.82	0
84.63	0
2.91	1
4.16	1
4.27	1
4.65	1
4.65	1
9.78	1
10.12	1
10.21	1
111.82	0
124.68	0
139.02	0
155.23	0
162.97	0
167.99	0
205.44	0
218.09	0
130.13	1
149.72	1
168.64	0
187.70	0
195.86	0
218.00	0
228.30	0
228.41	0
113.42	1
131.71	0
154.20	0
162.74	0
166.83	1
177.23	0
179.39	0
184.49	0
105.48	1
127.46	0
138.78	1
181.37	0
201.74	0
208.60	0
210.47	0
226.47	0
39.33	1
52.30	1
295.81	0
295.98	0
296.53	0
297.49	0
297.72	0
298.11	0
72.37	0
101.60	0
102.29	0
138.22	0
140.76	0
145.69	0
147.19	0
150.84	0
123.92	1
134.21	1
146.68	0
158.29	0
174.12	0
177.32	0
179.80	0
183.05	1
81.45	0
124.90	0
130.89	0
142.56	0
144.81	0
157.21	0
161.14	0
161.88	0
43.47	1
90.13	1
144.33	0
146.66	0
149.16	1
161.27	0
166.08	0
171.01	0
32.68	1
61.51	0
71.83	1
73.17	0
91.51	1
96.90	0
100.76	0
108.38	0
32.24	1
51.05	1
96.84	0
146.28	0
170.06	1
185.84	0
191.91	0
201.76	0
34.90	1
103.49	0
113.10	0
115.02	1
116.35	0
117.20	0
120.71	0
124.49	1
71.66	0
197.75	0
219.92	0
220.74	0
220.90	0
221.87	0
223.33	0
223.36	0
143.88	0
145.30	0
221.30	0
222.67	0
225.55	0
230.81	0
235.32	0
235.36	0
271.49	0
272.19	0
274.24	0
274.61	0
276.16	0
277.08	0
277.78	0
278.01	0
283.30	0
284.93	0
284.96	0
285.09	0
285.37	0
287.10	0
287.85	0
288.17	0
74.70	1
152.54	0
186.98	0
197.69	0
202.38	0
204.00	0
204.87	0
204.96	0
19.71	1
41.43	0
57.97	1
60.52	0
71.31	1
73.13	0
75.11	0
78.19	0
58.50	1
155.21	0
209.56	0
213.49	0
215.61	0
215.63	0
215.91	0
220.50	0
14.10	1
197.38	0
232.14	0
232.40	0
233.14	0
234.23	0
237.14	0
238.53	0
4.18	1
119.44	0
123.69	0
124.42	0
124.71	0
124.71	0
125.04	0
125.54	0
80.52	0
94.95	0
117.36	0
128.48	0
133.97	0
135.77	0
141.82	0
142.78	0
193.91	0
194.80	0
196.35	0
196.38	0
197.73	0
199.76	0
201.47	0
201.80	0
101.32	0
101.44	0
102.29	0
102.46	0
103.07	0
104.02	0
106.57	0
106.81	0
96.18	0
96.64	0
96.99	0
98.10	0
98.30	0
98.53	0
99.77	0
100.65	0
263.93	0
269.52	0
272.46	0
273.18	0
274.54	0
274.65	0
275.57	0
276.76	0
359.80	0
361.53	0
361.60	0
363.39	0
363.78	0
364.35	0
364.46	0
364.82	0
139.84	0
140.21	0
142.05	0
144.55	0
145.70	0
145.96	0
146.86	0
146.93	0
173.14	1
184.43	1
185.10	0
196.10	0
207.07	0
207.60	1
210.05	0
215.83	0
244.57	0
245.43	0
245.64	0
250.87	0
258.00	0
263.71	0
267.00	0
267.96	0
271.67	0
283.87	0
292.96	0
296.80	0
298.90	0
299.39	0
302.49	0
305.92	0
199.21	0
204.27	0
206.18	0
207.70	0
208.75	0
209.26	0
209.34	0
210.27	0
82.83	0
87.18	0
91.13	0
94.26	1
95.66	1
96.08	0
99.09	1
100.61	0
145.57	0
150.54	1
163.96	1
168.22	0
176.82	0
177.23	0
177.84	1
184.94	0
48.10	1
55.01	0
100.99	0
149.75	0
193.05	0
204.02	0
214.50	0
214.58	0
40.91	1
95.70	1
108.88	1
115.13	0
115.35	0
117.69	0
118.52	0
118.84	0
88.05	0
199.30	0
219.62	0
220.19	0
221.55	0
222.64	0
222.67	0
222.73	0
182.57	0
196.30	0
196.59	0
199.34	0
200.13	0
204.81	0
206.39	0
207.34	0
268.43	0
269.61	0
275.14	0
279.89	0
284.13	0
284.73	0
285.77	0
286.02	0
263.07	0
266.23	0
268.88	0
269.11	0
269.62	0
269.96	0
274.36	0
277.26	0
88.96	1
190.61	0
195.62	0
200.47	0
200.51	0
203.24	0
203.99	0
205.48	0
101.73	0
133.06	0
136.66	0
161.99	1
169.36	0
187.63	0
188.06	0
188.32	0
174.67	0
175.20	0
178.81	0
181.44	0
184.20	0
184.36	0
188.50	0
188.85	0
216.53	0
218.94	0
221.24	0
222.04	0
223.69	0
223.85	0
224.54	0
225.76	0
206.18	0
207.72	0
216.55	0
217.29	0
217.92	0
218.16	0
218.23	0
219.18	0
123.05	0
125.05	0
125.40	0
125.42	0
127.12	0
127.28	0
127.32	0
128.55	0
152.45	0
154.11	0
154.33	0
157.43	0
157.45	0
157.75	0
159.10	0
162.01	0
145.72	0
146.82	0
147.65	0
148.37	0
148.98	0
149.43	0
149.51	0
150.49	0
299.04	0
306.48	0
308.38	0
308.48	0
309.35	0
316.23	0
318.93	0
321.21	0
104.12	0
121.35	0
125.43	0
125.82	0
126.62	0
127.00	0
127.88	0
128.11	0
54.37	0
56.79	0
57.57	0
63.93	1
65.74	0
69.94	0
76.21	0
77.87	0
210.17	0
211.23	0
214.85	0
216.14	0
217.60	0
218.56	0
225.03	0
225.57	0
596.31	0
605.46	0
606.94	0
608.90	0
610.03	0
610.37	0
611.80	0
611.91	0
158.37	1
163.74	1
174.08	0
178.41	0
178.92	1
184.40	0
184.58	0
184.91	0
42.73	1
46.38	0
64.42	1
66.93	0
67.65	1
75.45	0
81.86	0
87.86	0
254.23	0
255.22	0
257.37	0
257.56	0
258.75	0
263.60	0
268.40	0
270.42	0
260.23	0
260.95	0
263.69	0
263.99	0
264.48	0
265.33	0
269.69	0
273.93	0
283.39	0
285.43	0
286.02	0
294.55	0
298.04	0
302.14	0
302.33	0
303.66	0
187.11	0
191.43	0
193.75	0
195.38	0
196.74	0
198.13	0
199.08	0
199.67	0
34.70	1
38.98	1
46.26	1
49.82	1
53.28	1
57.34	1
58.13	1
88.92	0
11.16	1
11.27	1
11.38	1
18.24	1
18.36	1
18.66	1
21.49	1
21.75	1
61.63	0
95.78	0
121.85	0
124.61	0
129.53	0
136.72	0
137.25	0
138.20	0
108.19	0
137.99	0
140.11	0
164.40	0
169.99	0
178.44	0
184.40	0
194.17	0
24.36	1
56.40	1
59.27	1
91.09	1
102.27	1
126.90	1
136.95	0
142.51	0
0.68	1
1.04	1
2.72	1
2.93	1
3.23	1
4.65	1
5.13	1
6.51	1
0.68	1
1.51	1
2.38	1
2.94	1
2.94	1
3.14	1
3.58	1
4.91	1
2.13	1
9.84	1
10.82	1
11.19	1
11.97	1
12.27	1
12.35	1
13.16	1
191.93	0
203.07	0
212.86	0
217.84	0
218.80	0
219.32	0
220.14	0
221.74	0
28.70	1
31.89	1
72.10	0
72.15	0
72.90	0
76.16	0
77.62	0
79.44	0
0.86	1
2.63	1
4.42	1
5.96	1
7.33	1
8.45	1
9.77	1
11.22	1
32.27	1
36.82	1
91.52	1
97.59	1
105.61	1
110.62	1
111.59	0
131.55	0
2.55	1
2.95	1
3.61	1
3.64	1
4.04	1
4.19	1
4.61	1
5.21	1
2.65	1
2.97	1
3.30	1
3.92	1
4.02	1
4.42	1
4.60	1
4.71	1
40.35	1
43.34	1
57.05	1
64.35	1
64.83	1
65.22	1
68.00	1
71.57	1
105.84	0
133.47	1
137.16	0
150.56	0
168.72	0
174.25	0
176.86	0
180.37	0
171.21	0
180.88	0
183.15	0
188.64	0
188.91	0
190.74	0
192.33	0
192.40	0
141.52	0
141.69	0
143.52	0
144.24	0
144.31	0
145.41	0
145.95	0
148.90	0
30.92	1
31.98	1
32.01	1
32.81	1
33.01	1
33.52	1
33.54	1
33.56	1
37.81	1
39.16	1
126.42	0
131.28	0
134.20	0
134.57	0
136.22	0
139.16	0
132.25	0
139.73	1
140.22	0
143.41	0
143.64	0
145.27	0
149.48	0
154.60	0
181.46	0
184.21	0
185.63	0
187.45	0
191.32	0
191.94	0
192.03	0
194.28	0
143.99	0
145.70	0
156.98	0
166.41	0
179.88	0
181.36	0
183.31	0
184.88	0
179.74	0
181.36	0
186.25	0
186.69	0
190.21	0
190.22	0
191.98	0
192.88	0
35.26	1
65.18	1
78.78	1
91.53	0
97.29	0
100.59	0
101.45	0
102.05	0
97.89	0
108.90	0
127.70	0
138.44	0
141.58	0
142.11	0
148.75	0
150.67	1
239.14	0
241.10	0
244.70	0
246.27	0
248.89	0
251.58	0
255.37	0
256.76	0
61.65	1
67.04	1
74.91	1
107.48	0
110.60	0
115.77	0
117.04	0
117.53	0
227.93	0
229.98	0
231.70	0
232.02	0
232.41	0
232.54	0
233.09	0
233.40	0
134.43	1
140.75	1
156.39	0
204.40	0
212.09	0
218.96	0
219.01	0
219.80	0
219.65	0
233.60	0
240.42	0
243.30	0
244.76	0
251.79	0
253.11	0
260.34	0
221.07	0
226.05	0
226.91	0
229.34	0
232.12	0
232.30	0
232.78	0
234.60	0
107.57	0
158.75	0
159.84	0
162.25	0
162.36	0
163.89	0
164.20	0
166.36	0
145.60	1
180.02	0
181.72	0
183.27	0
185.26	0
185.83	0
186.32	0
187.84	0
147.72	0
153.49	0
155.83	0
156.70	0
157.12	0
157.39	0
158.30	0
159.71	0
147.14	0
149.46	0
149.51	0
149.70	0
149.96	0
150.16	0
150.17	0
150.42	0
300.52	0
304.07	0
309.58	0
329.16	0
329.97	0
332.20	0
334.31	0
334.65	0
228.97	0
231.15	0
233.00	0
234.46	0
237.78	0
246.15	0
246.74	0
248.68	0
380.98	0
381.28	0
381.37	0
381.59	0
383.19	0
385.20	0
386.10	0
386.85	0
649.52	0
655.09	1
665.86	0
674.06	0
679.58	0
680.49	0
681.89	0
682.13	0
145.99	0
154.41	0
255.99	0
257.75	0
258.62	0
259.12	0
259.53	0
260.35	0
211.27	0
213.34	0
263.18	0
265.14	0
265.69	0
267.19	0
267.32	0
268.20	0
159.27	0
160.69	0
166.23	0
167.97	0
170.85	0
176.17	0
176.42	0
177.91	0
466.58	0
471.44	0
482.17	0
484.11	0
489.52	0
492.42	0
495.83	0
496.81	0
65.12	1
77.95	1
78.75	0
85.41	0
94.08	0
94.70	0
97.46	0
98.03	0
213.18	0
216.34	0
216.60	0
217.61	0
218.73	0
219.46	0
219.63	0
219.78	0
160.26	0
163.19	0
169.14	0
169.17	0
176.89	0
178.53	0
178.98	0
180.00	0
201.21	0
202.20	0
202.26	0
208.24	0
209.87	0
210.66	0
212.01	0
212.20	0
8.82	1
11.35	1
52.41	0
60.56	0
61.77	0
63.85	1
66.22	0
68.11	0
15.57	1
18.89	1
27.92	1
40.77	1
49.28	1
50.75	1
51.47	1
68.03	0
3.16	1
4.06	1
4.56	1
4.66	1
4.93	1
5.75	1
5.78	1
5.91	1
105.85	0
135.59	0
141.11	0
159.39	0
173.65	0
179.69	0
186.83	0
188.42	0
12.14	1
133.58	0
133.65	0
135.59	0
136.89	0
137.44	0
137.46	0
138.95	0
8.66	1
16.89	1
16.89	1
17.09	1
17.33	1
17.44	1
17.70	1
18.33	1
10.56	1
28.54	1
28.94	1
129.75	0
136.10	0
139.57	0
143.26	0
143.90	0
180.41	0
182.97	0
198.72	0
200.15	0
204.78	0
207.67	0
215.84	0
217.74	0
92.99	0
96.04	0
98.57	0
108.17	0
108.93	0
110.52	0
110.79	0
111.52	0
219.86	0
221.36	0
223.65	0
225.37	0
226.50	0
227.97	0
229.60	0
230.10	0
310.65	0
313.53	0
315.96	0
318.78	0
319.10	0
319.36	0
319.70	0
319.77	0
47.40	1
48.04	1
49.52	1
75.38	1
80.35	0
81.94	0
82.61	0
83.75	0
139.94	0
147.17	0
155.82	0
156.42	0
159.18	0
160.16	0
160.39	0
161.60	0
191.77	0
193.33	0
196.45	0
198.54	0
198.72	0
199.07	0
199.19	0
200.70	0
252.21	0
262.98	0
262.99	0
264.84	0
265.34	0
266.08	0
266.15	0
266.49	0
784.42	0
793.38	0
794.47	0
798.95	0
806.37	0
808.84	0
810.31	0
810.31	0
146.16	0
148.89	0
150.52	0
151.70	0
154.70	0
155.66	0
156.67	0
157.58	0
184.70	0
195.67	0
196.01	0
196.27	0
196.66	0
197.46	0
197.80	0
200.76	0
177.56	0
180.23	0
180.79	0
182.88	0
182.92	0
183.04	0
184.74	0
187.10	0
15.47	1
20.18	1
22.16	1
30.26	1
33.85	1
35.64	1
36.03	1
55.45	1
1.83	1
2.42	1
3.01	1
3.01	1
3.64	1
3.71	1
4.51	1
4.81	1
101.61	0
125.74	0
147.15	0
152.19	0
154.28	0
177.68	0
178.67	0
183.50	0
77.41	0
137.60	0
144.71	0
148.95	0
149.09	0
149.41	0
150.11	0
151.44	0
144.29	1
197.42	0
220.09	0
224.80	0
225.51	0
225.74	0
228.50	0
228.54	0
18.95	1
186.43	0
189.03	0
191.67	0
194.01	0
195.00	0
195.21	0
195.43	0
55.56	0
190.56	0
192.96	0
194.11	0
194.99	0
195.38	0
196.19	0
196.38	0
267.43	0
272.21	0
274.51	0
278.83	0
281.22	0
291.22	0
293.58	0
294.64	0
177.75	0
183.16	0
195.47	0
197.95	0
202.95	0
204.48	0
205.21	0
209.40	0
239.20	0
247.48	0
249.12	0
257.81	0
260.66	0
263.50	0
264.28	0
266.24	0
272.06	0
276.09	0
276.62	0
277.29	0
277.55	0
277.64	0
277.99	0
278.38	0
182.15	0
189.61	0
192.86	0
194.21	0
204.81	0
205.59	0
205.75	0
207.86	0
220.41	0
233.93	0
239.48	0
244.09	0
248.61	0
248.72	0
249.60	0
250.58	0
60.50	1
62.62	1
157.39	0
158.86	0
182.72	0
185.44	0
190.91	0
192.57	0
10.73	1
21.08	1
142.44	0
217.68	0
222.26	0
238.96	0
239.67	0
239.79	0
4.71	1
6.39	1
107.67	0
120.34	0
127.09	0
128.04	0
129.33	0
129.61	0
46.26	0
51.72	0
54.95	0
69.85	0
72.62	0
72.76	0
72.80	0
73.13	1
50.14	1
55.18	1
75.19	1
128.38	0
145.87	0
159.31	0
163.95	0
189.96	0
44.31	0
46.00	0
56.83	0
68.45	0
68.65	0
70.37	0
76.09	1
77.99	0
155.53	0
157.21	0
157.83	0
160.04	0
160.20	0
160.96	0
163.32	0
165.85	0
180.27	0
182.21	0
182.86	0
183.31	0
183.65	0
184.41	0
184.45	0
186.36	0
248.15	0
248.31	0
248.79	0
249.52	0
250.55	0
250.74	0
250.90	0
251.21	0
31.45	0
48.37	1
49.52	1
50.98	0
58.74	1
63.94	0
66.53	0
67.54	0
202.10	0
207.74	0
210.42	0
213.44	0
216.72	0
216.91	0
217.64	0
219.02	0
236.32	0
237.52	0
239.91	0
242.39	0
242.77	0
245.31	0
246.22	0
247.05	0
139.86	0
139.92	1
141.47	0
142.53	0
144.50	1
147.81	0
150.74	0
155.04	0
84.41	1
150.16	0
152.02	0
167.92	0
175.07	0
179.12	0
180.10	0
180.16	0
10.91	1
12.10	1
147.25	0
147.67	0
148.10	0
151.12	0
151.46	0
151.64	0
8.29	1
10.76	1
33.94	1
35.20	1
35.90	1
36.56	1
36.70	1
36.80	1
8.97	1
9.84	1
33.54	1
34.04	1
128.55	0
133.50	0
136.89	0
140.04	0
187.18	0
189.48	0
195.84	0
208.92	0
220.94	0
226.45	0
228.54	0
233.49	0
121.62	0
132.98	0
134.45	0
135.03	0
137.61	0
142.57	0
145.56	0
147.06	0
135.34	0
154.96	0
157.00	0
159.47	0
160.60	0
162.36	0
163.87	0
164.71	0
212.47	0
214.29	0
217.44	0
219.17	0
220.27	0
222.09	0
223.10	0
224.72	0
35.42	1
35.67	1
40.12	1
40.35	1
44.02	1
46.84	1
48.58	1
54.50	1
22.30	0
25.33	0
34.68	0
36.46	0
37.99	0
41.64	0
43.33	0
44.40	0
205.68	0
227.63	0
268.35	0
283.94	0
286.89	0
291.71	0
303.37	0
305.33	0
199.44	0
205.06	0
218.12	0
235.04	0
248.13	0
250.68	0
252.50	0
263.07	1
237.83	0
242.88	0
248.91	0
256.67	0
275.34	0
288.42	0
292.86	0
296.82	0
213.93	0
215.53	0
221.35	0
222.10	0
222.84	0
225.41	0
225.80	0
225.99	0
213.33	1
217.33	1
218.14	1
219.76	0
224.85	1
238.16	0
240.30	0
244.95	0
151.13	0
165.57	0
215.05	0
218.49	0
219.48	0
221.57	1
225.94	1
231.43	0
447.82	0
452.44	1
485.26	1
486.30	1
493.40	1
495.70	1
498.14	1
498.64	1
372.50	1
373.33	1
373.57	1
376.06	1
381.89	1
385.04	1
386.17	1
387.29	1
255.43	0
307.23	0
328.41	0
352.15	0
359.88	1
359.99	0
401.65	0
402.88	1
286.42	0
295.67	0
303.69	0
309.68	0
313.29	0
322.11	0
331.04	0
331.87	0
355.36	0
357.21	0
359.27	0
363.57	0
365.33	0
365.63	0
368.23	0
370.15	0
131.94	1
133.92	1
147.81	1
151.22	0
158.33	0
161.62	0
162.54	0
164.25	0
36.21	0
37.03	0
39.19	0
40.98	0
42.24	0
43.08	0
44.12	0
44.52	0
289.33	0
299.74	0
299.86	0
300.93	0
302.30	0
303.26	0
303.41	0
303.92	0
284.61	0
284.74	0
289.22	0
292.53	0
292.68	0
293.24	0
294.51	0
296.06	0
180.09	0
196.16	0
196.80	0
198.94	0
199.35	0
201.31	0
202.83	0
203.61	0
259.38	0
262.40	0
267.27	0
269.70	0
270.43	0
271.66	0
273.84	0
274.75	0
216.76	0
227.53	0
252.68	1
255.35	0
258.63	1
261.20	1
264.27	1
267.17	1
318.90	1
334.53	1
341.97	1
352.04	1
354.60	1
356.27	1
357.16	1
362.38	1
194.39	1
194.85	1
195.35	1
198.10	1
201.43	1
202.07	1
208.79	1
209.32	1
244.42	0
255.16	0
276.07	0
306.92	0
311.00	1
313.38	0
336.54	1
341.94	1
217.72	0
232.24	0
236.12	0
283.12	0
287.84	0
288.53	0
288.74	0
290.42	0
234.82	0
244.58	0
257.98	0
258.68	0
277.01	1
298.01	0
298.03	0
304.01	0
24.51	1
184.76	0
185.91	0
187.15	0
192.98	0
193.01	0
197.23	0
198.02	0
130.57	0
144.93	0
151.16	0
151.42	1
155.01	0
165.66	0
166.82	0
168.98	0
219.36	0
273.38	0
274.91	0
280.18	0
280.70	0
300.55	0
306.90	0
310.43	0
313.88	0
317.48	0
324.90	0
328.42	0
329.45	0
329.80	0
331.19	0
331.23	0
284.91	0
292.55	0
293.76	0
304.01	0
304.28	0
305.38	0
308.30	0
309.84	0
280.44	0
281.05	0
288.51	1
293.04	1
297.35	0
309.35	1
312.10	0
320.37	0
294.86	1
312.29	0
337.17	0
342.47	0
354.01	0
363.60	0
364.03	0
366.14	0
245.18	0
290.42	0
292.10	0
298.74	0
300.10	0
305.22	0
307.38	0
309.47	0
297.01	0
299.99	0
301.51	0
303.97	0
312.21	0
313.92	0
315.54	0
318.10	0
291.72	0
299.33	0
312.18	0
327.58	0
331.67	0
340.08	0
341.22	0
357.10	0
76.86	0
93.21	0
96.78	0
100.99	1
113.81	0
121.35	0
121.92	0
121.92	0
269.88	0
274.12	0
274.59	0
291.21	0
298.39	0
298.94	0
302.60	0
303.29	0
440.36	1
443.10	0
461.22	1
467.03	0
470.16	0
477.51	0
482.65	0
482.96	0
589.13	1
728.16	0
732.04	1
738.58	1
741.69	1
748.35	0
757.17	0
763.75	0
184.34	0
189.32	0
195.21	0
197.70	0
203.82	0
204.61	0
205.21	0
206.33	0
203.44	0
205.29	0
210.19	0
214.93	0
215.00	0
219.78	0
220.42	0
221.68	0
165.84	1
193.37	0
194.66	0
199.35	0
203.39	0
203.66	0
204.63	0
206.16	1
324.21	1
353.34	0
364.53	1
382.94	1
384.68	1
402.11	1
404.20	0
404.56	0
184.05	0
192.14	0
200.41	0
201.01	0
202.56	0
204.80	0
206.05	0
214.21	0
295.93	1
346.06	0
352.10	0
358.55	0
361.80	0
368.45	0
370.72	0
372.12	0
187.04	0
195.84	1
215.92	0
228.70	0
230.32	0
230.47	1
233.08	1
236.59	1
5.30	1
5.78	1
6.63	1
6.75	1
6.87	1
7.22	1
7.31	1
9.28	1
112.41	0
113.47	0
116.56	0
118.19	0
119.55	0
120.54	0
121.44	0
122.40	0
148.11	0
148.94	0
150.55	0
153.78	0
155.20	0
155.98	0
157.08	0
157.28	0
139.51	0
144.46	0
148.22	0
148.82	0
149.55	0
150.08	0
150.57	0
150.84	0
121.27	0
133.08	0
138.80	0
143.83	0
145.01	0
145.93	0
149.24	0
149.51	0
141.26	0
142.95	0
146.84	0
148.22	0
153.88	0
156.70	0
157.29	0
157.51	0
181.96	0
182.31	0
182.63	0
184.37	0
184.46	0
185.79	0
185.91	0
185.93	0
42.81	1
51.81	1
78.17	0
79.14	0
84.15	0
84.65	0
87.50	0
92.17	0
124.36	0
124.40	0
127.16	0
129.14	0
131.95	0
132.01	0
132.50	0
134.76	0
119.01	0
126.62	0
132.99	0
133.13	0
136.19	0
136.50	0
137.22	0
138.01	0
99.61	0
109.35	0
112.72	0
114.33	0
114.79	0
116.80	0
116.87	0
117.56	0
126.69	0
132.28	0
134.46	0
139.01	0
140.69	0
146.03	0
146.10	0
146.48	0
106.18	0
114.15	0
115.37	0
115.37	0
116.73	0
118.37	0
118.54	0
119.26	0
44.06	1
50.61	1
74.16	0
78.17	0
78.90	0
82.21	0
85.77	0
85.80	0
133.03	0
133.32	0
133.70	0
134.24	0
135.13	0
135.53	0
138.91	0
140.94	0
107.64	0
114.22	0
117.49	0
118.03	0
123.82	0
126.23	0
129.20	0
129.53	0
89.43	0
92.97	0
107.53	0
107.96	0
109.93	0
112.65	0
113.31	0
114.17	0
89.38	0
93.92	0
97.50	0
97.74	0
100.50	0
103.46	0
103.73	0
104.51	0
95.81	0
98.30	0
101.15	0
103.21	0
104.07	0
104.97	0
107.87	0
108.57	0
88.40	0
101.12	0
103.09	0
104.25	0
105.05	0
106.86	0
107.32	0
116.40	0
94.69	0
99.46	0
99.54	0
101.06	0
101.61	0
102.37	0
106.34	0
106.54	0
214.35	0
219.13	0
223.44	0
223.63	0
225.87	0
227.21	0
228.10	0
230.51	0
219.63	0
222.74	0
227.00	0
251.68	0
252.61	0
253.09	0
254.25	0
254.80	0
83.48	1
84.64	1
87.65	1
88.81	1
96.10	1
103.42	1
109.97	1
112.86	0
21.35	1
22.80	1
23.46	1
23.91	1
24.63	1
24.91	1
24.93	1
25.00	1
193.05	0
217.54	0
220.81	0
221.95	0
225.01	0
225.67	1
225.68	0
225.91	0
168.06	0
169.11	0
173.27	0
174.39	0
175.58	0
181.55	0
182.78	0
183.18	0
191.83	0
195.91	0
201.90	0
202.99	0
203.19	0
203.86	0
204.20	0
204.89	0
87.41	0
88.41	0
93.54	0
94.93	0
97.57	0
100.41	0
102.13	0
102.37	0
20.59	1
21.76	1
24.21	1
55.70	0
64.23	0
69.56	0
73.12	0
73.16	0
149.26	0
152.28	0
154.54	0
156.52	0
156.85	0
158.31	0
158.77	0
159.01	0
116.17	0
119.66	0
119.70	0
120.05	0
120.14	0
120.75	0
120.77	0
122.69	0
153.98	0
154.53	0
155.10	0
155.53	0
156.32	0
157.21	0
158.33	0
159.05	0
91.32	0
91.35	0
96.38	0
98.32	0
101.51	0
110.71	0
111.56	0
115.13	0
171.71	0
172.23	0
173.41	0
177.52	0
177.92	0
178.26	0
179.80	0
181.41	0
86.55	1
93.10	1
97.94	0
99.14	0
100.20	0
100.85	0
102.32	0
103.04	0
152.32	0
162.47	0
163.77	0
164.94	0
171.08	0
172.12	0
173.95	0
176.19	0
124.66	0
126.19	0
129.28	0
133.33	0
133.49	0
134.05	0
135.15	0
136.11	0
89.59	0
91.22	0
95.60	0
97.11	0
97.71	0
98.00	0
104.25	0
105.46	0
15.02	1
16.01	1
16.74	1
53.14	0
61.01	0
63.29	0
69.22	0
69.51	0
160.69	0
161.52	0
162.49	0
167.51	0
167.61	0
168.11	0
168.56	0
172.69	0
118.26	0
121.13	0
123.14	0
124.27	0
124.71	0
125.23	0
126.21	0
128.54	0
158.08	0
158.29	0
159.92	0
160.69	0
162.45	0
162.79	0
164.15	0
164.90	0
130.41	0
135.80	0
137.30	0
140.80	0
141.87	0
143.90	0
144.42	0
145.23	0
130.73	1
151.03	0
151.17	0
151.40	0
154.93	0
159.50	0
160.07	0
162.05	0
170.49	0
171.34	0
171.65	0
176.60	0
177.03	0
182.39	0
182.54	0
183.10	0
138.67	0
139.59	0
145.95	0
146.33	0
151.77	0
154.48	0
154.81	0
156.64	0
108.35	0
113.23	0
113.92	0
115.41	0
116.31	0
118.08	0
118.97	0
119.01	0
144.94	0
145.13	0
148.96	0
151.26	0
153.33	0
153.52	0
155.85	0
156.23	0
96.40	0
102.23	0
102.69	0
103.77	0
104.22	0
109.71	0
111.54	0
112.62	0
227.11	0
232.09	0
235.10	0
235.54	0
235.94	0
236.48	0
237.36	0
238.09	0
149.30	0
150.13	0
156.26	0
172.65	0
172.97	0
173.95	0
173.99	0
174.48	0
406.26	0
406.78	0
407.71	0
408.10	0
409.48	0
410.62	0
411.94	0
415.44	0
212.05	0
212.54	0
213.08	0
213.16	0
213.36	0
213.43	0
214.33	0
214.81	0
359.80	0
363.62	0
366.32	0
367.26	0
367.87	0
368.30	0
368.64	0
368.87	0
710.07	0
711.06	0
713.80	0
718.40	0
721.34	0
722.01	0
722.26	0
722.91	0
161.92	0
162.47	0
162.59	0
163.16	0
166.92	0
170.07	0
171.86	0
172.61	0
59.50	0
63.72	0
64.35	0
64.68	0
67.07	0
68.95	0
71.45	0
71.81	0
23.74	1
32.84	1
34.71	1
38.31	1
40.16	1
41.41	1
45.78	1
47.42	0
26.40	1
36.50	1
38.18	1
42.47	1
43.80	1
44.84	1
49.38	0
49.46	1
142.19	0
149.52	0
154.13	0
154.43	0
154.60	0
156.33	0
161.44	0
162.01	0
337.52	0
338.52	0
339.05	0
339.70	0
341.22	0
341.93	0
341.98	0
342.64	0
519.03	1
523.38	1
533.65	1
534.37	0
534.56	0
537.65	0
538.12	1
538.14	1
282.08	0
283.43	0
283.64	0
283.88	0
285.72	0
285.88	0
286.84	0
287.11	0
141.66	0
144.24	0
150.61	0
164.59	0
166.25	0
169.29	0
169.36	0
169.94	0
425.19	0
426.43	0
426.91	0
428.82	0
430.89	0
431.36	0
432.80	0
433.98	0
202.96	0
203.17	0
203.28	0
203.33	0
203.76	0
205.78	0
205.83	0
206.35	0
366.67	0
368.28	0
368.39	0
369.80	0
371.37	0
371.95	0
372.55	0
372.56	0
516.39	0
580.65	0
580.79	0
583.83	0
584.12	0
585.96	0
588.50	0
589.93	0
155.06	0
156.33	0
158.45	0
165.39	0
165.93	0
166.67	0
169.58	0
173.77	0
90.85	1
104.11	0
105.49	0
111.17	0
111.90	0
112.31	0
112.51	0
112.77	0
18.38	1
134.46	0
136.60	0
144.66	0
145.34	0
145.63	0
149.96	0
150.24	0
14.24	1
113.52	0
122.44	0
124.12	0
126.80	0
127.24	0
131.61	0
134.48	0
114.31	1
114.87	0
117.28	0
117.56	0
118.74	0
120.20	0
122.57	0
123.54	0
39.29	1
78.53	1
210.72	0
212.07	0
216.33	0
217.87	0
218.48	0
218.61	0
6.42	1
10.15	1
131.75	1
148.23	0
148.81	0
153.29	0
153.54	0
156.82	0
29.12	1
161.11	0
161.90	0
162.46	0
166.09	0
166.72	0
168.38	0
170.06	0
55.98	1
58.13	1
68.69	1
77.16	1
97.27	0
100.98	0
101.12	0
101.33	1
109.97	0
111.44	0
117.00	0
117.12	0
117.86	0
119.21	0
119.31	0
120.38	0
30.96	1
35.97	1
40.28	1
41.87	0
43.83	1
45.81	0
52.52	0
53.79	0
6.95	1
7.14	1
7.51	1
8.06	1
8.84	1
8.95	1
9.07	1
10.26	1
134.43	0
135.33	0
142.03	0
144.08	0
149.97	0
150.07	0
152.75	0
153.17	0
206.00	0
206.55	0
206.77	0
206.85	0
207.29	0
207.78	0
207.97	0
208.32	0
81.70	1
86.18	1
109.02	1
117.35	0
126.59	0
129.60	0
131.15	0
132.76	0
186.07	1
192.16	0
200.20	0
201.32	0
203.05	0
204.17	0
207.57	0
208.27	0
25.24	1
153.43	0
156.35	0
157.69	0
159.91	0
162.46	0
165.93	0
166.05	0
264.53	0
267.69	0
269.49	0
269.76	0
272.16	0
273.72	0
274.31	0
274.61	0
79.50	1
94.80	1
113.36	1
123.45	0
127.33	0
127.77	0
128.44	0
129.54	0
145.37	0
148.08	0
155.32	0
156.04	0
159.42	0
161.56	0
163.02	0
163.88	0
72.41	1
84.71	1
102.71	0
108.61	1
118.66	1
119.81	0
122.03	0
123.29	0
250.50	0
251.11	0
255.73	0
255.73	0
257.99	0
261.22	0
261.74	0
262.18	0
79.86	0
118.49	1
131.58	0
132.16	0
132.69	0
133.14	0
134.39	1
136.16	0
245.30	0
250.28	0
271.45	0
280.64	0
296.46	0
296.97	0
298.60	0
299.57	0
216.66	1
221.82	1
221.83	0
227.75	0
227.77	0
230.35	0
235.14	1
236.00	1
281.80	0
314.97	0
318.79	0
328.58	0
329.32	0
329.53	0
334.16	0
335.70	0
485.53	0
489.83	0
491.13	0
491.19	0
492.45	0
493.01	0
493.57	0
495.29	0
386.11	0
388.33	0
388.89	0
390.68	0
390.75	0
392.02	0
393.48	0
394.16	0
129.62	1
139.98	1
141.66	1
143.45	0
154.64	1
168.36	0
173.96	1
174.04	0
41.27	1
46.18	1
66.69	1
85.46	1
103.89	1
111.47	1
113.23	1
128.01	1
1.52	1
1.94	1
2.19	1
3.40	1
3.88	1
4.40	1
4.80	1
4.83	1
1.84	1
1.99	1
2.31	1
2.80	1
3.46	1
3.49	1
3.59	1
3.73	1
6.12	1
6.50	1
10.48	1
11.30	1
11.42	1
11.66	1
11.93	1
12.39	1
170.91	1
180.36	1
194.19	1
200.57	1
201.46	0
221.31	0
222.88	0
225.62	0
15.16	1
20.92	1
21.79	1
23.22	1
23.74	1
24.37	1
24.78	1
24.93	1
130.18	0
130.35	0
134.85	0
137.11	0
147.71	0
167.48	0
174.60	0
179.45	0
452.38	0
482.29	0
495.67	0
495.88	0
496.70	0
500.82	0
501.28	0
501.93	0
432.29	0
433.60	0
437.59	0
438.10	0
438.59	0
442.26	0
442.64	0
442.93	0
264.03	0
267.80	0
271.50	0
284.88	0
284.91	0
284.99	0
285.18	0
286.04	0
228.89	0
244.67	0
245.13	0
245.97	0
246.40	0
249.43	0
251.18	0
251.33	0
344.59	0
348.77	0
352.31	0
352.78	0
353.07	0
353.93	0
354.27	0
355.24	0
185.81	1
210.32	0
211.57	0
216.13	0
220.23	0
220.46	0
220.71	0
223.21	0
72.04	1
116.00	1
119.54	1
120.07	1
134.76	1
143.08	1
159.74	1
166.60	0
4.28	1
4.40	1
4.68	1
4.73	1
4.99	1
5.47	1
5.71	1
6.16	1
2.48	1
2.87	1
2.88	1
3.21	1
3.50	1
3.54	1
3.75	1
3.81	1
7.78	1
7.95	1
10.17	1
10.84	1
11.54	1
12.36	1
13.79	1
14.61	1
182.92	0
211.44	0
219.72	0
231.51	0
236.53	0
244.79	0
245.79	1
248.13	0
213.22	0
221.15	0
224.69	0
225.46	0
226.33	0
253.79	0
255.75	0
256.74	0
206.81	0
222.79	1
227.86	0
233.70	0
238.89	0
255.88	0
255.89	0
259.33	0
129.69	0
135.15	0
138.61	0
142.16	0
146.51	0
150.83	0
153.65	0
156.58	0
164.84	0
176.31	0
179.65	0
182.34	0
192.34	0
202.89	0
204.97	0
205.66	0
358.99	1
538.76	0
541.27	0
544.23	0
544.71	0
549.94	0
552.82	0
553.99	0
233.86	1
396.56	0
412.01	0
421.21	0
425.42	0
426.40	0
427.70	0
429.67	0
127.48	0
134.91	0
138.18	0
140.87	0
144.31	0
144.66	1
147.09	0
153.07	0
214.18	0
215.31	0
232.47	0
237.00	0
237.80	0
241.19	0
241.23	0
245.73	0
18.89	1
94.47	0
95.15	0
96.18	0
96.90	0
97.17	0
97.47	0
97.58	0
245.94	0
251.98	0
257.95	0
260.32	0
263.20	0
264.14	0
264.68	0
266.52	0
139.96	1
149.12	0
152.25	0
152.81	0
153.98	0
156.36	0
163.49	1
164.07	1
336.68	0
363.89	0
364.02	0
371.48	0
375.61	0
385.93	0
388.86	0
392.18	0
194.41	0
202.73	0
205.09	0
205.26	0
205.39	0
206.71	0
207.32	0
208.02	0
107.88	0
107.96	0
113.87	1
116.22	1
118.49	0
119.64	0
119.86	0
122.03	0
252.33	0
267.84	0
276.89	0
280.88	0
291.63	0
291.88	0
293.86	0
300.77	0
513.05	0
524.27	0
539.25	0
540.63	0
540.64	0
542.38	0
543.56	0
543.72	0
278.34	0
282.25	0
287.94	0
288.36	0
289.54	0
291.22	0
292.50	0
292.82	0
233.75	0
238.48	1
242.66	0
244.21	1
259.00	0
265.14	1
267.81	0
269.03	0
252.71	0
263.18	0
265.36	0
274.14	0
284.43	0
290.51	0
299.67	0
301.79	0
696.64	0
698.49	0
702.18	0
702.50	0
703.40	0
703.75	0
704.57	0
705.76	0
231.84	0
236.97	0
239.75	0
239.78	0
241.27	0
241.28	0
241.37	0
241.68	0
416.04	0
441.97	0
446.19	0
448.75	0
449.11	0
452.18	0
452.79	0
455.08	0
65.79	1
67.90	1
69.06	0
75.19	0
80.41	0
83.99	0
87.31	0
96.78	0
255.28	0
260.03	0
264.52	0
272.66	0
275.64	0
279.40	0
299.86	0
301.99	0
503.26	0
523.37	0
524.99	0
525.36	0
529.76	0
533.08	0
536.28	0
537.60	0
338.81	0
344.85	0
346.05	0
346.43	0
350.91	0
353.33	0
355.21	0
355.29	0
217.56	1
247.19	1
274.54	1
277.89	0
278.16	0
284.71	0
290.39	0
292.35	0
231.63	0
288.16	0
306.85	0
364.29	0
368.10	0
370.29	0
370.78	0
377.86	0
617.16	0
617.40	0
621.35	0
622.57	0
622.68	0
622.92	0
624.50	0
624.81	0
114.34	0
120.53	1
126.83	0
128.17	0
131.21	0
131.62	0
139.92	0
141.60	1
253.72	0
265.08	0
267.81	0
267.84	0
276.23	0
276.63	0
276.75	0
280.69	0
618.89	1
628.87	0
633.42	0
635.11	0
640.76	0
641.46	0
646.89	0
648.01	0
508.07	0
579.98	0
583.01	0
585.10	0
586.69	0
587.01	0
590.23	0
590.97	0
113.36	1
123.68	0
124.71	1
126.07	0
128.95	1
133.24	1
134.95	0
138.38	0
234.51	0
250.38	0
255.07	0
256.60	0
260.53	0
268.26	0
278.12	0
282.97	0
641.49	0
642.92	0
657.55	0
659.94	0
659.99	0
664.88	0
665.54	0
669.59	0
326.61	1
378.30	0
387.51	0
390.85	0
401.61	0
402.14	0
403.99	0
407.11	0
101.11	0
103.57	0
109.98	0
113.05	0
120.84	0
122.23	0
122.39	0
128.23	0
287.69	0
288.03	0
296.19	0
296.36	0
298.71	0
299.94	0
301.61	0
301.90	0
67.67	1
70.76	1
77.88	1
81.47	1
95.08	1
109.09	0
109.50	0
110.85	0
304.29	0
336.72	0
342.29	0
342.79	0
359.22	0
359.44	0
360.20	0
370.42	0
434.38	0
437.24	0
443.78	0
446.35	0
449.93	0
450.69	0
451.01	0
452.12	0
112.84	1
117.62	1
121.69	1
126.76	0
128.10	1
129.30	0
130.01	0
130.12	0
66.58	1
71.82	1
72.15	1
74.14	1
75.65	1
76.19	1
77.89	1
82.02	1
4.33	1
4.58	1
5.13	1
5.25	1
5.55	1
5.71	1
6.13	1
6.53	1
125.29	0
132.21	0
140.49	0
141.48	0
149.94	0
171.77	0
172.28	0
173.10	0
233.41	1
256.76	0
272.81	0
273.38	0
281.03	0
282.47	0
282.82	0
283.19	0
141.65	1
219.48	0
221.36	0
221.99	0
224.73	0
225.49	0
225.93	0
226.87	0
125.95	0
154.64	0
175.87	0
179.82	0
184.27	0
188.82	0
190.97	0
196.40	0
173.61	0
213.31	0
215.16	0
217.15	0
224.23	0
224.60	0
229.99	0
230.24	0
137.87	0
155.67	0
163.37	0
166.32	0
168.71	0
169.18	0
171.18	0
171.77	0
246.42	0
262.23	0
266.31	0
281.00	0
282.37	0
284.03	0
308.51	0
317.20	0
310.17	0
347.07	0
363.33	0
373.56	0
380.86	0
390.75	0
392.49	0
396.46	0
314.07	0
314.25	0
315.26	0
318.08	0
319.06	0
320.67	0
320.76	0
320.89	0
140.03	0
143.03	0
143.79	0
144.76	0
145.20	0
145.53	0
145.55	0
147.62	1
378.57	0
397.29	0
400.72	0
408.42	0
409.70	0
413.35	0
417.52	0
420.35	0
164.32	0
171.42	0
174.76	0
175.52	0
176.12	0
178.29	0
181.40	0
183.92	1
199.92	1
200.18	0
217.64	0
229.93	0
231.07	0
231.85	0
236.89	0
238.10	0
160.89	0
190.36	0
205.78	0
206.69	0
230.38	0
238.44	0
240.08	0
242.48	0
224.32	0
286.12	0
308.87	0
321.63	0
328.17	0
328.71	0
332.74	0
335.80	0
168.16	0
190.94	0
204.98	0
206.33	0
207.96	0
213.10	0
213.91	0
215.32	0
261.12	0
265.28	0
267.82	0
293.35	0
304.40	0
307.98	0
309.73	0
316.84	0
591.83	0
595.02	0
596.67	0
598.30	0
599.05	0
599.55	0
600.53	0
600.78	0
181.96	0
183.61	0
196.76	0
200.58	0
208.30	0
208.96	0
209.11	0
210.09	0
269.69	0
274.75	0
275.68	0
276.19	0
289.98	0
290.15	0
292.66	0
294.73	0
345.18	0
352.14	0
353.90	0
358.15	0
359.51	0
364.37	0
367.66	0
371.75	0
315.16	0
347.24	0
363.65	0
369.54	0
370.89	0
373.17	0
378.56	0
383.65	0
149.28	1
154.34	1
156.24	1
164.61	1
168.82	1
170.39	1
171.41	1
171.69	1
5.67	1
5.83	1
6.84	1
7.04	1
8.45	1
8.84	1
8.88	1
9.32	1
321.11	0
321.53	0
332.73	0
334.26	0
348.00	0
358.04	0
365.70	0
369.29	0
213.58	0
226.56	0
231.20	0
272.10	0
276.51	0
276.90	0
277.64	0
278.53	0
360.70	0
379.25	0
383.39	0
387.69	0
388.34	0
388.97	0
388.99	0
389.34	0
271.29	0
273.00	0
298.19	0
298.30	0
299.24	0
299.50	0
300.16	0
300.80	0
202.51	0
207.70	0
212.33	0
217.18	0
220.69	0
222.02	0
225.19	0
225.23	0
203.36	0
206.85	0
210.74	0
222.08	0
231.57	0
233.02	0
254.69	0
255.74	0
245.87	1
277.76	0
293.25	0
294.71	0
303.70	0
309.62	0
313.43	0
315.50	0
282.33	0
297.60	0
303.59	0
306.24	0
314.08	0
322.93	0
325.41	0
337.82	0
283.03	0
300.97	0
318.21	0
320.41	0
321.52	0
326.10	0
326.94	0
328.72	0
231.21	0
281.48	0
327.62	0
328.31	0
329.67	0
335.86	0
340.04	0
340.34	0
179.11	0
190.65	0
203.76	1
205.24	1
208.61	1
210.02	0
211.39	1
212.05	0
310.68	0
325.70	0
332.96	1
340.29	0
345.45	0
346.22	0
347.11	0
348.08	1
97.87	0
167.73	0
171.23	0
174.36	0
180.13	0
183.08	0
200.25	0
203.04	0
199.18	1
204.12	1
208.07	0
211.65	0
218.39	1
219.88	0
223.83	1
231.26	0
171.95	0
204.84	0
215.58	0
221.68	0
226.79	0
243.44	0
259.50	0
264.41	0
31.49	1
37.74	1
40.30	1
50.79	1
59.40	1
74.00	1
81.40	0
82.70	0
77.94	1
97.27	0
123.78	0
130.52	0
165.83	1
166.75	0
181.73	0
183.25	0
51.53	1
111.71	1
130.40	0
133.46	1
141.29	0
157.26	0
165.82	0
202.56	0
111.90	1
127.38	1
139.50	1
203.12	0
210.74	0
211.26	0
216.93	0
220.87	1
52.20	1
84.31	1
122.01	0
151.68	1
170.31	0
182.74	0
213.09	0
213.71	0
23.50	1
29.79	1
60.15	1
282.08	0
282.49	0
283.23	0
283.62	0
283.91	0
162.45	0
162.85	0
180.38	0
186.64	1
188.24	0
188.94	0
191.86	0
193.61	0
159.19	1
160.99	1
180.28	1
186.32	1
188.05	0
189.42	0
191.04	1
191.96	0
201.15	0
207.34	0
214.59	0
219.85	0
220.44	0
221.07	0
221.68	1
223.53	0
189.48	0
189.89	0
195.43	0
197.75	0
197.80	0
199.15	0
199.16	0
201.60	0
195.94	0
199.87	0
200.99	0
202.21	0
202.61	0
202.90	0
203.15	0
207.21	0
145.59	1
160.76	0
166.37	0
167.05	0
168.77	0
170.00	0
171.38	0
171.85	0
156.90	0
159.81	0
162.51	0
184.87	0
190.20	0
193.53	0
194.03	0
194.40	0
95.28	0
100.69	0
105.14	0
115.72	0
116.65	0
116.86	0
116.89	0
116.90	0
124.40	0
159.36	0
160.05	0
160.31	0
160.99	0
161.20	0
162.17	0
162.23	0
134.69	0
135.76	0
136.00	0
136.36	0
136.36	0
136.46	0
136.53	0
136.83	0
270.08	0
303.68	0
306.82	0
307.94	0
308.06	0
308.67	0
309.59	0
309.72	0
196.88	0
217.26	0
217.50	0
217.79	0
218.23	0
219.13	0
219.65	0
220.10	0
365.53	0
389.52	0
402.58	0
406.73	0
410.72	0
413.09	0
415.52	0
415.69	0
94.29	0
178.87	0
181.41	0
183.09	0
189.36	1
190.66	1
194.17	0
195.19	0
175.43	0
222.16	0
227.54	0
230.48	0
230.78	0
234.79	0
236.82	0
237.22	0
238.29	0
242.64	0
243.37	0
243.62	0
243.67	0
243.72	0
243.79	0
244.40	0
119.85	0
123.02	0
124.61	0
125.08	0
127.95	0
134.30	0
160.61	0
161.23	0
323.75	0
326.11	0
329.36	0
330.33	0
331.88	0
332.26	0
332.68	0
332.71	0
168.80	1
169.28	1
170.21	1
172.65	1
172.76	1
173.02	1
173.93	0
202.87	0
101.87	0
195.70	0
202.42	0
203.04	0
204.19	0
210.06	0
210.69	0
211.13	0
260.82	0
261.82	0
264.70	0
264.93	0
266.33	0
273.56	0
273.66	0
275.21	0
134.36	0
135.02	0
138.67	0
142.24	0
149.84	0
150.36	0
152.29	0
158.01	0
174.99	0
206.92	0
213.50	0
226.11	0
228.91	0
228.98	0
233.30	0
233.66	1
92.42	0
97.55	1
98.75	0
99.39	0
101.15	1
101.48	1
102.23	0
104.25	1
197.11	0
210.25	0
210.94	0
211.46	0
211.57	0
211.74	0
213.33	0
216.95	0
107.99	1
179.03	0
181.77	0
183.01	0
183.46	0
184.49	0
185.08	0
185.38	0
233.45	0
247.86	0
257.69	0
258.21	0
260.31	0
263.62	0
268.46	0
269.85	0
215.04	0
218.38	0
218.59	0
223.77	0
223.98	0
224.67	0
224.97	0
225.23	0
275.87	0
286.72	0
286.86	0
287.27	0
287.87	0
288.19	0
289.06	0
289.44	0
239.23	0
242.82	0
242.98	0
244.86	0
245.09	0
245.33	0
245.46	0
245.89	0
158.14	0
167.55	0
168.16	0
171.11	0
171.73	0
172.34	0
172.57	0
174.19	0
23.73	1
29.57	1
34.15	1
35.66	1
36.78	1
38.90	1
39.04	1
42.70	1
1.72	1
1.97	1
2.49	1
3.08	1
3.16	1
3.58	1
3.71	1
3.75	1
73.90	1
87.35	1
111.30	0
123.17	0
129.85	1
140.93	0
142.11	0
142.63	0
241.49	0
247.99	0
249.07	0
251.59	1
253.08	0
254.13	0
254.94	0
254.98	0
146.26	1
176.81	0
179.98	1
180.83	1
188.82	1
199.21	0
201.84	1
204.19	0
243.94	0
255.59	0
256.47	0
258.47	0
258.49	0
259.99	0
260.38	0
261.87	0
246.18	0
246.75	0
247.50	0
248.01	0
248.34	0
248.67	0
249.43	0
249.55	0
161.05	0
164.74	0
164.82	0
167.00	0
170.31	0
171.84	0
171.87	0
172.02	0
201.56	0
221.53	0
223.07	0
223.46	0
226.61	0
229.58	0
229.89	1
232.69	0
212.61	0
212.62	0
228.48	0
235.42	1
238.00	0
238.87	1
242.18	0
242.72	1
282.32	0
307.89	0
313.76	0
313.77	0
314.00	0
315.58	0
322.89	0
323.60	0
234.40	0
238.44	0
240.41	0
241.34	0
246.45	0
250.33	0
251.35	0
254.24	0
251.32	0
254.47	0
257.90	0
259.15	0
277.69	0
281.77	0
284.55	0
290.17	0
203.88	1
204.66	1
206.20	1
208.37	1
210.05	0
210.58	0
216.63	0
217.32	0
175.87	1
179.38	1
211.21	0
229.32	0
235.11	0
237.41	0
239.85	0
240.74	0
65.64	1
73.03	1
80.60	0
88.55	0
91.89	0
92.32	1
92.54	0
92.55	0
257.95	0
270.81	0
271.21	0
273.68	0
275.03	0
275.85	0
275.86	0
275.90	0
128.19	0
134.92	1
143.62	0
150.56	0
150.73	0
154.50	0
155.42	0
158.71	0
176.25	0
176.40	0
177.90	0
178.77	0
183.08	0
183.10	0
185.49	0
186.02	0
57.06	1
64.88	1
72.83	0
81.55	0
83.82	0
84.18	0
85.78	0
89.45	0
100.72	1
103.40	0
105.35	1
121.97	1
129.54	1
130.67	0
137.90	0
141.78	1
122.80	1
147.14	0
170.27	0
177.84	0
184.81	0
197.04	0
197.07	0
198.07	0
47.13	1
54.77	1
58.83	1
66.22	0
73.16	0
73.59	0
75.50	0
75.68	0
3.46	1
3.60	1
3.75	1
5.00	1
5.45	1
5.47	1
5.72	1
5.76	1
174.75	0
177.24	0
182.06	0
183.34	0
187.59	0
197.96	0
200.47	0
204.06	0
208.76	0
210.23	0
214.57	0
215.23	0
215.50	0
217.73	0
222.60	0
222.72	0
148.18	0
176.56	0
178.95	0
180.48	0
181.15	0
182.17	0
182.59	0
184.41	0
121.71	1
231.23	0
237.16	0
242.26	0
247.35	0
251.56	0
251.88	0
252.73	0
83.00	1
254.37	0
254.91	0
255.10	0
255.72	0
255.84	0
255.88	0
256.44	0
72.02	0
75.67	0
77.67	1
82.43	0
84.39	0
87.22	0
93.91	0
94.02	1
189.08	0
207.64	0
208.88	0
209.28	0
211.34	0
216.75	0
219.31	0
219.96	0
180.11	1
246.16	0
251.85	0
252.87	0
253.48	0
254.29	0
258.28	0
258.75	0
38.84	1
38.90	1
40.09	1
41.44	1
43.76	1
76.16	0
77.33	0
77.55	0
54.42	1
66.33	1
77.12	1
83.58	0
94.06	1
99.60	0
99.85	0
101.23	0
96.91	1
144.36	0
172.37	0
180.92	0
182.54	0
188.54	0
191.12	0
196.88	0
18.88	1
146.77	0
150.26	0
151.21	0
152.33	0
152.52	0
152.94	0
153.87	0
35.87	1
184.91	0
185.98	0
186.20	0
186.35	0
187.30	0
187.95	0
193.21	0
98.97	0
114.79	0
116.68	0
117.93	0
118.92	0
121.75	0
122.01	0
122.02	0
198.74	0
199.92	0
201.53	0
207.73	0
214.32	0
215.00	0
215.06	0
215.16	0
155.43	1
195.50	0
210.87	0
215.96	0
219.44	0
226.30	0
228.88	0
232.53	0
20.20	1
62.63	1
70.96	0
71.25	1
74.14	0
77.64	0
81.11	0
87.41	0
42.95	1
47.98	1
50.76	1
64.51	1
95.42	1
103.67	1
105.04	1
108.65	1
2.08	1
2.24	1
2.69	1
2.86	1
3.09	1
3.16	1
3.84	1
4.13	1
1.82	1
2.11	1
2.41	1
2.48	1
2.80	1
2.86	1
2.92	1
3.36	1
10.35	1
11.06	1
11.90	1
14.42	1
14.49	1
14.49	1
14.54	1
19.59	1
45.83	1
47.70	1
48.22	1
50.42	1
51.33	1
52.60	1
54.41	1
56.44	1
7.36	1
8.58	1
8.84	1
9.03	1
9.87	1
10.23	1
10.99	1
11.81	1
72.46	1
119.36	1
161.90	0
179.77	0
183.61	0
186.78	0
188.30	0
188.42	0
165.94	0
169.35	1
176.38	1
179.35	0
181.74	1
187.56	1
189.16	1
190.93	1
54.59	0
182.83	0
182.88	0
190.89	0
207.22	0
208.10	0
209.30	0
214.27	0
121.47	1
140.11	1
143.37	1
146.35	0
146.92	1
157.72	1
158.42	0
170.11	0
194.43	0
206.51	0
216.11	0
234.93	0
244.18	0
250.93	0
256.55	0
257.06	0
249.44	0
258.61	0
275.49	0
277.73	0
278.08	0
278.16	0
279.20	0
282.32	0
191.48	0
194.64	0
198.08	0
199.13	0
200.04	0
200.71	0
201.17	0
206.58	0
171.13	1
191.37	0
195.72	0
196.43	1
196.96	0
197.89	0
198.70	0
201.61	0
291.05	0
295.55	0
296.99	0
297.99	0
300.80	0
300.87	0
305.35	0
305.74	0
431.97	0
451.37	0
455.39	0
456.58	0
460.49	0
461.08	0
461.12	0
461.39	0
264.38	1
272.08	0
276.48	0
282.21	1
282.63	0
283.60	0
284.99	0
285.39	0
153.55	0
195.80	0
246.58	0
251.56	0
268.37	0
269.37	0
270.74	0
278.91	0
269.13	0
271.85	0
273.02	0
279.73	0
298.60	0
304.74	0
306.70	0
306.84	0
160.95	1
173.93	1
176.95	1
191.86	1
199.16	0
202.67	1
205.40	0
208.80	0
100.66	0
114.48	0
146.97	1
148.70	0
157.02	0
159.92	0
165.22	0
171.13	0
167.87	0
170.46	0
227.35	0
242.84	0
244.88	0
245.61	0
246.72	0
250.08	0
113.86	1
130.98	0
136.53	0
141.67	0
141.76	0
143.28	0
143.89	0
144.16	0
141.03	1
148.23	1
201.18	0
206.55	0
211.34	0
215.38	0
215.48	0
216.39	0
273.66	0
273.71	0
279.13	0
279.56	0
296.84	0
308.21	0
308.25	0
309.32	0
161.16	0
164.64	0
168.75	0
175.53	0
177.88	0
180.37	0
181.99	0
182.35	0
22.05	1
31.48	1
32.22	1
33.83	1
38.81	1
43.19	1
43.67	1
45.25	1
1.78	1
2.12	1
2.18	1
2.62	1
2.69	1
3.61	1
3.69	1
4.09	1
31.06	0
89.48	0
132.03	0
154.63	0
164.75	0
165.97	1
169.07	0
170.93	0
116.89	1
148.69	1
150.78	1
157.08	0
158.76	1
160.14	0
161.11	0
161.17	1
157.17	0
157.73	0
158.72	0
160.21	0
163.18	0
164.20	0
164.35	0
166.23	0
18.55	1
36.78	1
50.56	1
52.23	1
60.74	1
69.21	1
82.38	1
91.49	0
163.79	0
176.45	0
179.17	0
185.98	0
212.39	0
216.21	0
218.98	0
220.03	0
244.83	0
244.97	0
245.50	0
250.06	0
250.45	0
251.64	0
254.64	0
257.10	0
183.82	0
185.71	0
187.32	0
188.70	0
189.50	0
191.03	0
194.68	0
196.15	0
67.51	0
78.98	0
80.77	0
82.44	0
300.57	0
327.81	0
327.95	0
327.96	0
148.51	0
148.82	0
159.04	0
160.02	0
160.32	0
168.89	0
169.64	0
169.79	0
162.80	0
178.78	0
185.75	1
189.99	0
196.70	0
199.37	0
201.14	0
207.78	1
286.28	0
289.43	0
290.51	0
303.01	0
305.57	0
306.58	0
311.59	0
314.18	0
372.22	0
379.06	0
390.10	0
391.52	0
391.92	0
393.35	0
395.27	0
395.29	0
319.86	0
327.36	0
358.49	0
358.54	0
364.91	0
388.31	0
394.61	0
402.65	0
214.74	0
225.71	1
256.14	1
257.89	0
265.75	0
279.50	1
289.92	0
300.04	0
85.30	1
90.65	1
93.81	1
101.05	1
327.30	0
342.56	0
343.09	0
343.70	0
145.48	0
151.19	0
165.61	0
194.30	0
194.54	0
195.44	0
195.66	0
200.81	0
324.20	0
386.30	0
392.05	1
405.30	0
406.47	0
407.00	0
410.64	0
411.46	0
54.61	1
112.28	1
124.67	0
128.83	0
139.18	0
139.22	0
141.19	0
141.65	0
50.11	1
104.19	1
109.49	1
163.38	0
164.42	0
167.31	1
167.84	0
170.28	0
63.04	1
209.10	0
228.11	0
231.32	0
234.13	0
235.10	0
249.67	0
256.34	0
51.77	1
154.62	0
154.65	0
160.68	0
161.16	0
162.84	0
165.17	0
166.09	0
108.60	0
113.24	0
113.47	0
116.26	0
118.33	0
120.26	0
121.01	0
122.19	0
207.58	0
216.78	0
219.69	0
225.65	0
227.33	0
228.40	0
228.63	0
232.51	0
220.51	0
228.14	0
237.70	0
239.69	1
242.24	1
242.81	0
246.41	1
249.00	0
269.28	0
275.98	0
288.55	0
294.92	0
298.57	0
298.63	0
302.28	0
304.77	0
285.09	0
307.76	0
312.76	0
313.59	0
319.47	0
320.23	0
322.05	0
322.14	0
284.33	0
284.37	0
285.72	0
286.00	0
286.18	0
286.27	0
287.32	0
287.75	0
212.89	0
212.89	0
215.10	0
216.09	0
218.65	0
218.82	0
219.58	0
220.46	0
43.25	1
45.40	1
50.68	0
52.28	1
53.14	0
53.52	0
61.02	0
61.33	0
202.80	0
204.20	0
206.41	0
209.46	0
211.25	0
213.25	0
214.40	0
216.05	0
80.33	0
80.72	0
82.42	0
86.65	0
88.97	0
89.45	0
90.04	0
92.10	0
241.55	0
267.07	1
270.83	1
272.36	0
294.99	0
297.32	0
301.95	0
303.78	1
179.03	0
258.85	0
262.07	0
286.45	0
290.91	0
307.05	0
325.58	0
327.54	0
236.67	0
246.94	0
251.92	0
252.35	0
252.58	0
254.51	0
254.98	0
255.77	0
78.72	1
82.46	1
104.72	1
104.87	1
115.04	1
117.78	1
118.36	1
118.78	1
2.62	1
2.86	1
3.66	1
3.69	1
4.36	1
4.43	1
4.81	1
4.94	1
68.15	0
71.43	0
96.21	0
99.92	0
121.72	0
127.36	0
129.20	0
143.14	0
147.30	0
149.11	0
152.43	0
153.42	0
160.51	0
160.92	0
165.16	0
166.08	0
33.29	1
47.15	1
64.26	1
65.97	1
69.42	1
72.54	1
97.60	1
100.04	1
1.10	1
1.56	1
1.69	1
2.00	1
3.02	1
3.24	1
3.33	1
3.65	1
0.89	1
1.05	1
1.27	1
1.71	1
1.86	1
2.06	1
2.54	1
2.75	1
5.55	1
5.84	1
6.21	1
9.46	1
9.57	1
10.40	1
11.58	1
12.61	1
141.58	1
184.67	0
186.41	0
186.71	0
188.49	0
188.68	0
189.39	0
189.44	0
93.96	0
176.33	0
196.62	0
205.92	0
220.89	0
225.29	0
225.79	0
226.89	0
34.31	1
40.53	1
41.30	1
58.48	1
76.59	0
81.33	0
82.74	0
83.94	0
1.14	1
1.34	1
2.17	1
3.65	1
4.39	1
4.91	1
5.18	1
6.03	1
134.41	0
138.78	0
139.59	0
141.81	0
147.97	0
152.13	0
168.44	0
182.31	0
64.70	1
111.81	0
182.18	0
193.71	0
212.82	0
250.12	0
250.26	0
254.70	0
20.62	1
97.09	0
104.41	0
115.88	0
116.40	0
117.57	0
117.96	0
131.69	0
37.00	1
231.59	0
231.86	1
251.91	1
271.74	0
277.24	0
283.25	0
288.44	1
15.36	1
129.03	0
165.56	0
168.26	0
170.06	0
175.88	0
176.38	0
207.22	0
66.26	1
410.28	0
442.05	0
457.18	0
465.54	0
476.67	0
495.95	0
502.49	0
4.83	1
108.72	0
139.99	0
141.47	0
142.13	0
144.95	0
147.62	0
149.32	0
54.67	1
179.31	1
228.87	0
230.34	0
233.35	0
235.15	0
236.76	0
238.52	0
48.85	1
304.56	0
362.97	1
366.01	0
370.40	0
386.36	0
392.10	0
392.40	0
19.53	1
130.57	1
132.46	1
136.66	1
214.63	0
219.61	0
252.87	0
253.54	0
76.22	1
529.61	0
557.43	0
576.23	0
605.55	0
618.92	0
623.34	0
636.85	0
129.43	0
132.17	1
133.64	1
150.00	0
151.30	1
154.55	0
154.99	0
155.45	0
18.48	1
105.23	0
114.82	0
126.02	0
130.67	0
137.57	0
139.26	0
139.78	0
4.77	1
8.42	1
98.80	0
98.96	0
99.17	0
99.36	0
103.50	0
103.98	0
7.58	1
12.50	1
151.81	0
156.98	0
160.00	0
165.00	0
165.55	0
166.76	0
3.28	1
11.04	1
13.78	1
14.82	1
19.94	1
39.99	1
51.31	0
52.37	0
218.98	0
232.39	0
233.34	0
233.96	0
235.65	0
235.87	0
238.13	0
238.68	0
50.67	1
99.01	0
114.29	1
124.95	1
133.88	0
134.16	0
136.80	0
136.94	0
153.68	0
181.75	0
182.70	0
206.89	0
213.13	0
222.64	0
249.18	0
250.78	0
148.48	1
167.25	0
172.32	0
172.75	0
172.77	0
173.48	0
173.72	0
175.13	0
197.85	0
198.67	0
199.20	0
208.81	0
214.49	0
216.44	0
216.81	0
217.90	0
108.10	0
114.37	0
115.80	0
117.60	0
121.18	0
121.56	0
121.65	0
122.02	0
26.15	1
28.62	1
58.69	0
63.03	1
64.83	0
72.51	0
75.79	0
78.40	0
109.57	0
120.64	0
137.36	0
148.30	0
150.12	0
156.36	0
159.36	0
160.77	0
133.79	0
162.21	0
163.13	0
163.68	0
165.26	0
165.62	0
166.62	0
167.68	0
212.29	0
228.55	0
231.67	0
237.80	0
238.78	0
241.15	0
242.39	0
242.89	0
83.57	1
87.78	1
100.51	1
104.12	1
112.16	0
112.30	0
113.26	0
114.46	0
136.32	1
172.45	1
182.09	1
194.75	1
200.56	1
203.75	1
208.32	1
208.91	0
2.64	1
2.89	1
3.19	1
3.27	1
3.44	1
3.89	1
4.02	1
4.07	1
2.57	1
2.64	1
2.72	1
2.86	1
3.06	1
3.13	1
3.42	1
3.49	1
7.62	1
8.28	1
9.08	1
9.29	1
9.54	1
11.41	1
11.83	1
11.87	1
195.68	0
201.32	0
213.28	0
214.93	0
218.72	0
218.75	0
219.21	0
222.16	0
163.26	1
203.93	1
216.29	0
243.09	0
250.28	0
250.70	0
252.68	0
253.37	0
218.45	0
245.52	0
250.30	0
261.89	0
262.98	0
264.89	0
266.63	0
267.32	0
155.58	1
174.31	1
185.01	0
193.59	1
198.51	1
201.26	0
202.13	1
204.16	1
260.39	1
263.07	1
268.56	0
276.52	1
277.99	0
282.92	0
283.02	0
296.94	0
175.36	0
204.06	1
205.36	0
235.78	0
239.71	0
250.37	0
257.62	0
258.04	0
50.88	1
214.63	0
215.26	0
217.20	0
220.46	0
220.72	0
220.77	0
222.05	0
45.47	1
60.93	1
72.44	0
81.84	1
87.84	0
90.51	1
98.77	0
99.84	0
81.33	1
109.65	1
138.15	0
165.58	0
169.05	0
175.20	0
186.83	0
194.14	0
2.43	1
3.20	1
90.21	0
90.80	0
92.08	0
92.85	0
93.23	0
94.25	0
3.95	1
4.06	1
30.28	1
33.11	1
37.44	1
126.77	0
130.32	0
132.70	0
60.86	1
89.00	1
171.07	0
183.47	0
189.62	0
198.37	0
202.58	0
204.72	0
8.29	1
8.31	1
36.82	1
38.09	1
103.85	1
135.95	0
137.60	0
138.43	0
4.76	1
8.07	1
15.78	1
19.26	1
37.24	1
43.36	1
43.41	1
46.23	1
7.12	1
8.51	1
19.48	1
20.59	1
28.56	1
135.28	0
137.35	0
138.41	0
106.54	1
125.28	0
146.89	0
154.29	0
156.74	0
171.06	0
172.01	1
187.19	0
42.80	1
81.05	1
90.73	1
178.29	0
178.49	1
179.17	0
195.62	0
207.65	0
70.08	1
70.16	1
70.95	1
71.31	1
72.37	1
72.80	0
72.93	1
73.05	1
4.72	1
5.07	1
5.15	1
5.23	1
5.79	1
5.95	1
6.54	1
6.85	1
103.77	0
109.47	0
138.08	0
138.98	0
141.29	0
143.90	0
148.56	0
153.50	0
178.42	0
179.91	0
180.26	0
183.14	0
183.46	0
183.51	0
186.38	0
188.22	0
108.17	0
123.94	0
127.08	0
129.63	0
133.64	0
136.72	1
138.72	0
141.62	0
86.61	1
102.91	1
118.72	1
137.29	0
139.46	0
139.83	0
140.31	0
144.76	0
7.38	1
7.49	1
12.56	1
94.00	0
96.97	0
97.26	0
101.00	0
101.21	0
8.23	1
12.21	1
14.60	1
155.72	0
157.83	0
160.12	0
162.95	0
170.30	0
50.62	0
103.26	0
218.72	0
227.31	0
232.18	0
234.10	0
234.94	0
236.09	0
188.80	0
209.58	0
261.94	1
286.49	0
299.25	0
300.62	0
301.01	0
301.05	0
249.99	0
250.90	0
271.68	0
277.64	0
282.10	0
284.72	0
286.50	0
286.72	0
154.13	0
158.99	0
174.95	0
176.73	0
178.35	0
179.04	0
179.15	0
180.39	0
112.60	1
119.05	1
135.02	0
135.50	0
140.87	0
141.06	0
147.07	0
147.97	0
168.10	1
173.68	0
175.55	0
180.24	1
180.57	0
182.00	0
183.94	0
187.56	0
112.96	0
140.54	1
150.18	1
153.50	0
159.36	0
161.54	0
163.70	0
163.84	0
243.37	0
250.06	0
252.12	0
253.27	0
258.29	0
258.42	0
261.09	0
262.61	0
78.28	1
95.41	1
129.29	0
137.04	0
152.00	0
161.42	1
161.88	0
165.58	0
2.74	1
3.32	1
5.34	1
87.89	0
88.00	0
88.86	0
89.22	0
89.56	0
4.83	1
5.45	1
6.24	1
31.38	1
35.12	1
38.76	1
119.89	0
123.56	0
75.11	1
97.51	1
162.14	1
190.17	0
199.00	0
199.81	0
202.84	0
203.87	0
9.05	1
13.04	1
14.17	1
38.96	1
43.16	1
105.52	1
133.10	0
136.84	0
7.75	1
13.27	1
15.89	1
21.72	1
29.94	1
33.52	1
60.32	1
60.77	1
7.27	1
9.89	1
14.35	1
17.86	1
19.90	1
29.74	1
137.04	0
140.25	0
95.88	1
104.48	1
158.43	1
192.02	0
202.01	0
215.33	1
218.01	0
219.14	0
61.75	1
65.12	1
96.32	1
106.56	1
142.46	0
164.97	0
179.59	0
183.18	0
154.72	0
159.53	1
166.30	0
176.25	0
176.65	0
181.28	0
181.80	0
182.30	0
185.61	1
198.56	1
217.41	0
217.54	1
219.51	0
219.78	0
221.66	0
224.43	0
3.86	1
3.87	1
4.20	1
4.31	1
4.35	1
4.38	1
4.40	1
4.46	1
2.99	1
3.09	1
3.17	1
3.28	1
3.32	1
3.38	1
3.55	1
3.57	1
10.54	1
11.05	1
11.66	1
12.49	1
12.67	1
13.68	1
13.87	1
14.60	1
214.50	0
253.43	0
257.46	0
264.48	0
272.63	0
274.38	0
277.94	0
278.29	0
225.94	1
243.38	0
254.63	0
260.02	0
260.56	0
262.03	0
263.03	0
264.97	0
236.42	0
240.16	0
250.40	0
260.29	0
261.33	0
261.47	0
261.53	0
262.02	0
213.55	0
216.60	0
216.72	0
222.00	0
222.43	0
223.52	0
223.92	0
224.82	0
240.40	0
252.19	0
254.66	0
260.75	0
265.55	0
266.79	0
267.25	0
268.05	0
106.83	0
115.09	0
123.69	0
126.65	0
131.35	0
132.31	0
132.54	0
132.63	0
212.88	0
232.62	0
235.34	0
238.14	0
238.78	0
238.99	0
240.34	0
245.06	0
237.92	0
237.95	0
240.49	0
241.66	0
241.92	0
243.49	0
245.23	0
246.45	0
149.86	0
153.60	0
154.27	0
155.40	0
157.44	0
159.04	0
159.27	0
159.42	0
245.02	0
248.85	0
257.09	0
257.78	0
260.37	0
264.70	0
265.75	0
266.47	0
92.66	1
120.44	1
123.33	1
165.16	0
180.81	0
198.35	0
198.83	0
214.76	0
13.49	1
14.55	1
20.69	1
141.25	0
200.10	0
203.85	0
208.88	0
233.34	0
3.93	1
4.05	1
6.13	1
103.63	0
114.61	0
116.01	0
117.83	0
118.91	0
33.03	0
41.54	0
48.27	1
49.68	1
49.72	1
50.29	0
55.03	0
60.38	0
84.77	1
102.00	1
115.75	1
120.72	1
150.45	0
187.08	0
194.00	0
195.23	0
99.21	1
112.89	0
113.50	0
125.75	1
127.44	0
130.54	0
131.74	0
134.29	0
158.49	0
161.26	0
166.22	0
170.37	0
180.38	0
189.83	0
204.28	0
208.53	0
17.82	0
21.20	1
30.08	0
47.34	1
48.29	0
49.25	1
49.65	0
56.21	0
219.35	0
221.29	0
222.77	0
225.45	0
227.33	0
227.55	0
227.93	0
228.37	0
223.99	0
224.11	0
224.45	0
260.19	0
263.34	0
264.50	0
264.65	0
264.74	0
109.74	0
110.43	1
112.10	0
112.47	1
118.42	0
119.87	0
120.78	0
120.85	0
39.27	1
49.06	1
59.35	1
107.34	0
111.15	0
151.79	0
162.40	0
167.13	0
71.56	0
82.05	0
87.74	0
89.68	0
91.23	0
92.99	1
93.72	1
94.25	1
200.20	0
202.28	0
205.58	0
213.55	0
218.45	0
218.70	0
219.71	0
219.77	0
204.06	0
205.70	0
209.07	0
210.11	0
210.43	0
211.52	0
211.78	0
212.97	0
248.26	1
262.08	0
262.52	1
266.34	1
272.03	0
273.31	0
273.43	0
279.67	0
181.06	1
193.37	1
197.91	1
215.39	1
226.89	1
227.25	1
238.95	1
239.91	1
5.11	1
5.16	1
5.21	1
5.29	1
5.39	1
5.39	1
5.40	1
5.54	1
4.90	1
6.06	1
6.13	1
6.13	1
6.19	1
6.24	1
6.35	1
6.36	1
14.90	1
15.86	1
16.62	1
20.26	1
21.02	1
21.59	1
22.98	1
23.43	1
237.60	0
238.00	0
239.44	0
246.94	1
247.02	0
253.65	0
257.43	0
258.70	0
113.16	1
120.53	1
129.30	1
138.14	0
168.74	1
176.61	0
178.24	0
178.59	0
90.81	0
125.96	0
218.94	0
232.22	0
243.38	0
246.70	0
247.35	0
247.56	0
281.01	0
297.97	0
319.75	1
327.26	0
327.93	0
329.87	0
330.14	0
331.08	0
320.00	0
342.25	0
359.98	0
365.46	0
366.52	0
372.48	0
398.10	0
404.44	0
258.95	0
268.38	1
288.80	0
297.44	0
297.55	0
298.96	0
300.98	0
303.15	0
151.44	0
152.33	0
208.54	0
209.42	0
209.52	0
209.56	0
209.67	0
209.84	0
86.77	1
92.73	1
95.44	1
99.69	1
101.36	1
101.49	1
103.13	1
104.24	1
5.92	1
6.30	1
7.01	1
8.27	1
8.32	1
8.37	1
8.80	1
8.98	1
24.61	1
38.45	1
42.34	1
86.56	1
93.62	1
98.56	1
102.97	1
103.64	1
2.18	1
2.39	1
2.50	1
2.60	1
2.66	1
2.76	1
2.97	1
3.20	1
2.74	1
2.79	1
2.91	1
2.92	1
3.16	1
3.26	1
3.28	1
3.37	1
9.38	1
10.22	1
10.81	1
10.91	1
11.19	1
12.66	1
12.83	1
13.91	1
126.42	1
139.25	1
182.59	0
185.21	0
186.00	0
191.60	0
192.83	0
196.60	1
73.80	1
137.32	0
138.74	1
162.52	0
163.65	0
165.01	0
165.02	1
166.16	0
62.23	1
64.02	1
93.49	1
111.60	0
111.81	0
125.51	0
140.36	0
161.29	0
18.50	1
24.62	1
39.19	1
55.38	1
71.89	0
91.75	1
278.04	0
279.94	0
89.81	0
137.09	0
143.85	0
146.48	0
149.73	0
154.14	0
156.46	0
160.21	0
104.46	1
109.82	1
144.24	0
147.52	0
149.41	0
151.27	0
152.76	0
156.34	0
207.64	0
213.80	0
222.14	0
223.88	0
228.04	0
230.36	0
230.80	0
232.07	0
185.57	0
186.19	0
188.51	0
192.08	0
192.29	0
193.47	0
195.51	0
198.07	0
133.55	1
143.60	1
153.15	1
153.48	1
153.52	0
162.38	1
162.51	0
166.53	0
239.14	1
254.49	0
260.80	1
266.15	0
266.62	0
267.20	0
268.27	0
271.69	0
163.79	0
170.26	0
206.38	0
206.49	0
219.88	0
223.42	0
226.97	0
227.04	0
195.78	1
207.64	0
213.86	0
214.24	0
227.24	0
230.38	0
230.72	0
231.03	0
32.00	1
48.07	1
59.38	1
64.69	1
75.88	0
76.63	1
83.04	0
85.56	0
90.26	1
102.58	1
107.11	0
112.16	1
151.36	0
159.62	0
164.19	0
164.36	0
2.71	1
3.32	1
3.57	1
4.65	1
88.29	0
90.39	0
90.78	0
90.99	0
6.78	1
8.05	1
8.10	1
9.34	1
30.30	1
36.06	1
41.05	1
112.60	0
132.91	1
145.40	1
171.74	0
173.24	0
178.85	0
185.34	0
188.71	0
194.99	0
95.29	0
102.97	1
107.74	0
109.82	0
111.48	0
114.84	0
116.48	0
119.51	0
83.52	1
99.32	1
101.85	1
112.30	0
115.94	0
124.68	0
148.41	0
172.29	1
33.97	1
39.15	1
39.38	1
67.21	1
93.16	0
93.63	1
270.05	0
274.51	0
50.45	1
97.96	1
98.44	1
104.65	1
108.39	1
114.86	1
115.71	1
119.60	1
2.28	1
2.30	1
2.44	1
2.75	1
2.99	1
3.47	1
3.62	1
3.73	1
164.07	0
164.08	0
168.28	0
179.56	0
189.96	0
193.15	0
196.16	0
196.95	0
268.20	0
269.50	0
271.25	0
272.22	0
274.73	0
275.30	0
275.91	0
276.34	0
258.97	0
260.30	0
260.49	0
260.75	0
263.24	0
263.49	0
263.50	0
264.32	0
394.16	0
395.06	0
397.39	0
399.80	0
400.19	0
402.56	0
406.69	0
406.97	0
198.85	0
208.26	0
208.94	0
210.07	0
210.12	0
212.13	0
214.41	0
215.00	0
163.02	0
164.58	0
167.51	0
169.57	0
169.69	0
170.50	0
171.73	0
172.55	0
101.69	0
104.32	0
105.97	0
113.34	0
119.09	0
123.75	0
125.53	0
126.68	0
75.06	1
83.45	1
103.63	1
125.51	1
132.12	1
139.78	0
144.58	0
146.27	0
214.00	0
214.31	0
217.03	0
218.25	0
218.53	0
218.77	0
219.11	0
219.60	0
75.94	1
76.13	1
86.22	1
88.67	1
93.71	0
96.14	0
100.62	0
102.27	0
157.87	0
173.95	0
178.15	0
181.60	0
182.11	0
184.48	0
185.08	0
187.45	0
234.51	0
234.81	0
236.10	0
236.47	0
237.97	0
238.33	0
239.64	0
239.70	0
106.49	0
109.06	0
109.53	0
109.69	0
110.24	0
110.58	0
110.68	0
111.25	0
73.05	1
77.46	1
78.01	0
86.82	1
87.46	1
90.29	1
104.19	0
104.66	1
76.45	0
100.21	0
113.58	0
119.01	0
136.06	0
139.73	0
139.77	0
141.23	0
78.64	1
138.60	0
140.71	1
182.82	0
186.73	0
189.93	0
190.32	0
201.39	0
12.53	1
26.17	1
41.20	1
151.65	0
152.53	0
153.52	0
154.09	0
155.79	0
38.54	1
41.89	1
42.54	1
46.63	1
48.45	1
48.73	1
52.71	1
54.31	1
1.50	1
1.68	1
1.78	1
1.83	1
2.11	1
2.36	1
2.58	1
2.91	1
101.77	0
128.75	0
155.83	0
166.20	0
167.01	0
168.52	0
169.06	0
169.15	0
92.89	1
99.05	1
145.39	0
159.97	0
161.82	0
162.74	0
162.85	0
163.31	0
45.62	1
78.18	0
113.91	0
115.04	0
117.82	0
118.64	0
119.61	0
120.75	0
39.83	1
44.75	1
50.12	1
56.37	1
61.02	1
62.76	1
68.86	1
76.87	1
1.51	1
1.73	1
2.05	1
2.29	1
2.65	1
3.24	1
3.51	1
3.57	1
1.57	1
1.73	1
1.80	1
2.10	1
2.53	1
3.02	1
3.28	1
3.43	1
7.66	1
14.61	1
16.04	1
16.65	1
19.46	1
19.99	1
22.34	1
22.51	1
116.74	0
128.12	0
130.03	0
130.35	0
131.73	0
133.44	0
136.15	0
136.48	0
9.39	1
10.57	1
11.49	1
11.61	1
11.89	1
12.32	1
12.33	1
12.47	1
137.93	0
138.03	0
142.35	0
157.15	0
157.28	0
158.65	0
161.51	0
163.17	0
105.49	0
117.59	1
130.62	1
137.78	0
145.63	0
146.88	0
151.55	0
152.68	0
101.98	0
104.59	0
107.62	0
107.80	0
107.92	0
110.47	0
110.89	0
112.05	0
207.01	0
207.49	0
232.60	0
235.32	0
247.62	0
252.91	0
256.61	0
259.95	0
257.00	1
301.84	0
343.35	0
362.62	0
369.20	0
376.76	0
379.29	0
381.56	0
161.01	1
315.13	0
338.43	0
400.63	0
406.38	0
408.55	0
428.51	0
431.01	0
50.51	1
256.97	0
279.57	1
288.43	0
289.43	0
289.68	0
299.70	0
303.86	0
20.88	1
159.72	0
165.58	0
206.84	0
212.70	0
213.08	0
213.32	0
214.05	0
174.63	0
177.07	0
187.99	0
188.17	0
189.57	0
192.03	0
193.01	0
196.66	0
244.56	0
246.42	0
249.41	0
249.56	0
250.03	0
250.35	0
250.90	0
252.28	0
130.79	0
160.92	0
165.81	0
166.34	0
172.46	0
174.38	0
174.94	0
176.28	0
39.85	1
79.34	1
95.05	1
98.82	1
107.55	0
111.17	0
111.57	1
112.96	0
72.25	0
129.75	0
139.33	0
146.00	1
150.47	1
164.74	0
167.43	0
167.97	0
77.11	1
102.49	0
141.18	0
141.94	0
142.89	0
142.89	0
144.05	0
145.46	0
139.03	0
148.26	0
152.28	0
157.20	0
158.39	0
158.99	0
162.68	0
162.99	0
243.97	0
248.41	0
254.36	0
254.38	0
254.98	0
256.76	0
259.74	0
263.54	0
134.41	1
136.39	1
137.59	1
149.72	1
151.87	1
153.55	1
160.52	1
162.29	1
3.27	1
3.31	1
3.50	1
3.62	1
3.71	1
4.04	1
4.12	1
4.55	1
2.39	1
2.49	1
2.52	1
2.55	1
2.76	1
2.77	1
2.78	1
3.20	1
7.64	1
8.91	1
9.80	1
11.26	1
12.57	1
13.86	1
14.90	1
15.12	1
221.17	0
223.05	0
229.06	0
234.76	0
240.37	0
241.02	0
242.55	0
243.11	0
232.18	0
244.05	0
244.93	0
250.00	0
251.44	0
251.61	0
255.05	0
256.73	0
117.35	0
117.77	0
118.82	0
121.64	0
124.11	0
127.22	0
128.99	0
131.84	0
169.30	0
172.20	0
172.90	0
173.22	0
173.80	0
173.99	0
174.77	0
175.04	0
141.49	0
143.25	0
146.66	0
147.51	0
147.94	0
152.69	0
152.72	0
153.18	0
122.73	0
122.91	0
123.89	0
124.33	0
124.90	0
125.17	0
125.19	0
125.25	0
121.21	0
121.38	0
122.92	0
126.87	0
127.09	0
128.22	0
128.25	0
128.78	0
104.64	0
132.23	0
133.84	0
133.94	0
169.92	0
170.25	0
171.65	0
173.41	0
162.58	0
162.84	0
167.67	0
167.98	0
168.62	0
169.00	0
169.65	0
171.36	0
125.49	0
126.31	0
133.39	0
136.57	0
137.59	0
140.23	0
140.43	0
141.84	0
137.83	0
138.00	0
138.26	0
142.00	0
142.86	0
143.12	0
143.14	0
143.94	0
19.85	1
22.71	1
29.77	1
33.19	1
34.79	1
38.06	1
39.13	1
39.13	1
108.71	0
110.09	0
110.43	0
114.41	0
116.69	0
117.22	0
120.38	0
120.55	0
12.71	1
15.36	1
20.68	1
25.55	1
28.46	1
30.00	1
33.13	1
33.66	1
42.33	1
104.15	0
107.49	0
110.52	0
110.73	0
110.91	0
111.19	0
111.57	0
27.28	1
30.65	1
34.61	1
34.68	1
35.92	1
38.90	1
39.26	1
43.32	1
2.99	1
3.24	1
3.49	1
3.69	1
3.83	1
3.84	1
3.87	1
4.44	1
138.89	0
156.93	0
158.20	0
182.53	0
186.14	0
188.09	0
191.36	0
193.90	0
44.48	0
48.65	0
67.02	1
122.97	0
126.21	0
126.60	0
129.97	0
130.07	0
121.85	0
145.38	1
149.56	1
151.74	1
154.89	0
157.09	1
157.62	1
163.97	1
221.14	0
225.22	0
237.30	0
241.06	0
250.85	0
252.61	0
253.44	0
254.88	0
151.55	0
165.93	0
167.15	0
168.46	0
172.74	0
172.81	0
174.90	0
175.27	0
48.18	1
62.83	1
66.07	1
75.19	1
75.38	1
75.86	1
80.47	0
83.25	0
72.12	1
99.25	0
100.77	0
106.13	0
108.54	0
108.97	0
109.47	0
117.05	0
79.44	1
86.18	0
123.56	0
135.63	0
166.82	0
197.16	0
200.81	0
202.63	0
60.25	1
131.62	0
131.86	0
134.10	0
140.07	0
140.70	0
141.44	0
145.29	0
18.02	1
81.24	1
87.59	1
110.11	1
133.38	1
134.37	1
147.31	0
148.35	0
64.61	1
178.85	0
194.04	0
233.64	0
241.00	0
242.16	0
246.90	0
249.71	0
50.80	0
101.72	0
112.10	0
113.86	0
113.92	0
114.83	0
117.32	0
118.88	0
74.47	1
79.38	1
86.85	1
88.51	1
93.11	0
96.33	1
104.08	0
108.31	0
132.05	1
168.19	0
240.23	0
251.44	0
260.03	0
260.09	0
260.63	0
261.98	0
90.34	1
109.72	0
111.37	1
116.48	0
116.58	1
117.05	0
119.07	1
120.23	1
93.02	1
94.26	1
104.05	1
104.81	1
105.94	0
106.25	0
107.30	0
108.58	1
183.57	0
220.01	0
227.12	0
227.74	0
227.83	0
230.38	0
231.22	0
232.73	0
323.40	0
325.40	0
326.13	0
326.24	0
326.29	0
326.31	0
326.44	0
326.57	0
94.42	0
120.29	1
136.90	1
137.53	1
139.92	1
141.17	1
141.44	1
142.49	1
1.83	1
1.92	1
2.18	1
2.28	1
2.36	1
2.63	1
2.70	1
3.11	1
88.08	1
104.70	0
105.96	1
130.84	0
143.93	0
144.09	0
145.07	0
146.06	0
125.29	1
152.33	0
193.41	0
205.67	1
210.57	0
230.22	0
248.72	0
249.46	0
18.39	1
26.49	1
249.43	0
252.77	0
254.13	0
254.97	0
255.46	0
256.90	0
126.85	0
138.06	0
139.79	0
151.77	0
152.64	0
154.22	0
158.07	0
158.36	0
165.00	0
167.80	0
169.99	0
172.12	0
172.15	0
172.96	0
173.80	0
174.17	0
186.33	0
186.89	0
187.28	0
187.57	0
187.68	0
187.85	0
187.97	0
189.29	0
101.18	0
115.51	0
122.83	0
136.93	0
140.08	0
140.83	0
143.18	0
143.30	0
187.26	0
189.66	0
190.62	0
192.31	0
195.22	0
196.50	0
196.73	0
196.99	0
68.24	1
76.69	0
79.91	1
108.26	0
108.46	0
110.93	0
112.09	0
112.48	0
24.82	0
40.10	0
45.91	0
46.76	0
51.72	1
53.40	0
57.03	1
57.99	0
165.20	0
168.99	0
169.59	0
170.50	0
171.53	0
173.19	0
174.29	0
174.52	0
81.02	0
87.19	0
89.27	0
95.67	0
97.24	0
98.26	0
99.46	0
99.47	0
63.15	1
67.62	1
69.64	1
71.38	1
71.78	1
74.07	1
74.08	1
75.68	1
54.30	0
69.95	0
72.38	0
72.49	0
73.50	0
75.51	0
76.48	0
78.50	0
79.06	1
148.85	0
151.26	0
152.46	0
153.51	0
159.06	0
159.66	0
160.17	0
34.02	1
110.55	0
113.28	0
113.62	1
115.14	0
115.63	0
118.54	0
120.32	0
9.32	1
14.90	1
130.55	0
131.05	0
133.23	0
134.76	0
135.15	0
135.78	0
8.69	1
9.75	1
99.13	0
110.11	0
113.34	0
113.52	0
113.78	0
117.26	0
38.13	1
48.85	1
61.60	1
78.96	0
81.96	0
83.53	0
84.35	0
85.44	0
24.16	1
26.50	1
28.26	1
30.10	1
30.32	1
31.52	1
31.59	1
32.24	1
